      139    39979       13    20029    19861    20269    19699    20341    19543    20521    19489    20551    19429    20599    19381    22063    38281
    20749    14461    25603    14401    25633    14281    25771    14221    25849    14149    25939    14071    26119    13759    28669    17239    19273
    19249    26293     5839    34231     5749    34369     5641    34501     5503    34543     5431    34603     5179    36691    17863    13729    20773
    20809    13591    34963    10039    30013     9931    30139     9811    30241     9769    30391     9619    33289    16879     5059    26431    19213
    19009    26641     4999    30559    10891    29191    10771    29269    10711    29383    10453    32029    17401     9463    35023    13381    21013
    21163    13339    35053     9391    29863     8803    31333     8629    31729     8059    34141    17383    10159    30631     4969    26683    18859
    18541    26713     4933    30703    10141    32089     6091    34171     4159    37783    17851     7933    29881     9319    35089    13309    21481
    21499    13291    35221     9241    31051     7879    35869    15889    11743    32401     4153    32143     8971    30781     4801    26731    18523
    18493    26839     4621    30841     8941    32233     3571    36523    20011     3499    36451     7789    31081     9181    35401    13183    21529
    21589    13159    35419     9151    31183    32323    32353     7621    28279    24133     7669     7699     8839    30871     4603    26863    18433
    18223    26959     4561    30931    32299     4111    22171     5851    35863     2239    33931    35911     7723     9091    35461    13063    21799
    21841    12979    35509     8863     3109    22639     8689    31393     8293    31963     5881    31219    36913    31159     4513    27043    18181
    18061    27103    35803    27259    22621    10831    29251    10753    29311    10639    29569     7993    29131    12763     4219    12919    21961
    22051    28051     1063    23143    10009    30091     9883    30211     9781    30253     9631    30403     6733    29983    38959    11971    17971
    37189     7963    22159     5791    34273     5653    34381     5521    34519     5479    34591     5419    34843     3331    34183    32059     2833
    39841    22783    14419    25621    14389    25741    14251    25801    14173    25873    14083    25951    13903    26263    11353    25561      181
     1741       43    40009    19993    20161    19753    20323    19681    20479    19501    20533    19471    20593    19423    20641    17959    39883
