    15583    24481    15451    24631    15331    24709    15289    24763    15241    25153    14851    25243    14713    25339    14551    25849    19009
    25561     9391    30703     9241    30841     9151    30931     8971    31081     8863    31183     8803    31333     8629    32611    18433    14461
    14419    31729     1201    38851     1069    38959     1051    39103      883    39163      823    39313      613    39841    19273     8293    25603
    25621     8059    39451     5851    34183     5791    34273     5653    34381     5521    34519     5479    35089    19381      571    31963    14401
    14389    32029      523    34591     6421    33679     6301    33751     6211    33871     6133    35509    18223     5431    39499     7993    25633
    25741     7963    39709     5419    33931     4159    35869     4111    35923     3793    36793    19429     6091    34603      313    32059    14281
    14251    32089      223    34843     5881    36313    19861    20269    19681    19471    20773     3709    34141     5179    39799     7933    25771
    25801     7879    39829     5059    35401     3571    20479    12541    28279    19213    19543    36451     4621    34963      193    32143    14221
    14149    32233      139    35023     4603    36493    16333    26683    20011    13339    23689     3529    35419     4999    39883     7789    25873
    25939     7723    39979     4969    35803    36559    24133    20809    11743    27481    15889     3463     4219    35053       43    32299    14083
    14071    32323       13    35221     3109     2389    19249    19753    20341    20551    20161    37633    36913     4801    40009     7699    25951
    26119     7681    19993    36721    33151    20593     4153    35911     4099    36229     3229    35863     6871     3301    20029    32341    13903
    13759    32353    20323     1783    21799     6343    33721     6271    33811     6151    33889     4513    33601    38239    19699     7669    26263
    26293    32563    38011    20641     5839    34231     5749    34369     5641    34501     5503    34543     4933    34171     2011     7459    13729
    26839     4561    20749     1171    38953     1063    38971      919    39139      859    39199      709    39409      181    38821    35461    13183
    10639    21589     9319    30781     9181    30871     9091    31051     8941    31159     8839    31219     8689    31393     7411    30631    29383
    21013    15541    24571    15391    24691    15313    24733    15259    24781    14869    25171    14779    25309    14683    25471    14173    24439
