    17449    22621    17383    22783    17029    23011    16993    23041    16963    23143    16729    23371    16333    23773    16189    24103    19273
    23911    11443    28669    11311    28723    11251    28909    10891    29191    10771    29269    10711    29383    10453     9781    39409    16111
    15973    29863     3049    37003     3001    37171     2833    37273     2713    37339     2659    37483     2521    38239    18859    10159    24049
    24109    10141    37549     7369    32713     7243    32803     7039    33073     6871    33181     6823    39103    13903     2473    29881    15913
    15901    29983     2389    33289     7789    32299     7699    32341     7669    32401     7489    33871    18541     6733    37633    10039    24121
    24133    10009    37783     6691    32563     6271    33811     6091    34141     5851    34231    19681     7459    33331     2239    30013    15889
    15649    30091     2161    33343     7411    34183     3109    36943     1723    38791    19489     5839    32611     6679    37861     9931    24373
    24379     9883    37879     6673    33601     5749    38329    14401    36691     8941     1693    34273     6421    33349     2143    30139    15643
    15601    30211     2029    33403     6343    34369    19861    14551    20011    25471    20161     5653    33679     6619    37993     9811    24421
    24439     9769    38011     6553    33721    34543    18223    31081     3331    25621    21799     5479     6301    33469     2011    30253    15583
    15541    30391     1873    33493    33889     4621    20533     3079    38299     1231    36913    35401     6133     6529    38149     9631    24481
    24571     9619    38281    20029     3301    20341     6211    33931     5881    34171     5791    33751    36721    19993     1741    30403    15451
    15391    30559     1453    13159    21481     7723    32323     7681    32353     7621    32533     6151    32233    26863    38569     9463    24631
    24691    30631    36523    26119     7309    32779     7219    32983     6949    33151     6841    33199      919    32653     3499     9391    15331
    15259    26959    21163     3019    37021     2851    37189     2749    37309     2683    37363     2539    37501     1783    36973    13063    24763
    22441      613    11353    28711    11299    28771    11113    29131    10831    29251    10753    29311    10639    29569    30241    28579    17581
    20749    17401    22639    17239    22993    17011    23029    16981    23059    16879    23293    16651    23689    16249    23833    15919    22573
