    17971    22063    17929    22111    17863    22171    17749    22441    17569    22483    17491    22573    17401    22639    17239    22993    19501
    23011    12391    27733    11971    28069    11941    28099    11839    28201    11743    28429    11443    28669    28711    29863     1063    17011
    16993    28723     3529    36523     3463    36691     3313    36721     3229    36901     3109    36943     3049    38149    18523    11299    23029
    23041    11251    37003     7879    32233     7723    32323     7681    32353     7621    32533     7459    37633    14683     3019    28771    16981
    16963    28909     3001    32611     8839    31219     8689    31393     8293    31963     7993    36451    15259     7411    37021    11113    23059
    23143    10891    37171     7369    32059     6691    33349     6619    33469     6421    34519    19009     7963    32653     2851    29131    16879
    16729    29191     2833    32713     7933    33679     3793    36313    37549     2239    20161     6343    32089     7309    37189    10831    23293
    23371    10771    37273     7243    33151     6301    37861    13291    37879     8863     2161    33721     6871    32779     2749    29251    16651
    16333    29269     2713    32803     6823    33751    19681    15583    20011    24439    20341     6271    33199     7219    37309    10753    23689
    23773    10711    37339     7039    33289    34543    18859    31159     2143    26731    21163     5479     6733    32983     2683    29311    16249
    16189    29383     2659    33073     6529     4099    19861     3709     2473    37783    36229    35923    33493     6949    37363    10639    23833
    23911    10453    37483    33343    26713    21013     6673    33403     6553    33601     5503    33331    13309     6679     2539    29569    16111
    15973    29881    37501      709    24763     8803    31333     8629    31729     8059    32029     3571    31183    39313     2521    10141    24049
    24103     6841      139    25339     7789    32299     7699    32341     7669    32401     7489    32563     2389    32143    39883    33181    15919
    24571    12541    21499     3499    36559     3331    36709     3301    36793     3121    36913     3079    36973     1873    36493    27481    15451
    13591    38959    12289    28051    11953    28081    11923    28183    11821    28279    11593    28579    11353    11311    10159    27631    26431
    20521    17959    22093    17911    22159    17851    22273    17581    22453    17539    22531    17449    22621    17383    22783    17029    22051
