    17401    22639    17239    22993    17011    23029    16981    23059    16879    23293    16651    23689    16249    23833    16111    24121    19009
    24049    11311    28723    11251    28909    10891    29191    10771    29269    10711    29383    10453    29863    10141     9319    39979    15973
    15919    29983     3001    37171     2833    37273     2713    37339     2659    37483     2521    37549     2389    37783    19429    10039    24103
    24109    10009    37861     7219    32983     6949    33151     6841    33199     6733    33331     6679    33493    19543     2161    30013    15913
    15889    30091     2143    33349     7681    32353     7621    32533     7459    32611     7369    33931    18541     6673    37879     9931    24133
    24373     9883    37993     6619    32713     5881    34171     5839    34273     5653    35401    18859     7309    33403     2029    30139    15649
    15643    30211     2011    33469     7243    34381     3049    37003     1453    38851    19699     5641    32779     6553    38011     9811    24379
    24421     9781    38149     6421    33811     5521    38593    14251    36691     9091     1429    34501     6211    33601     1873    30241    15601
    15583    30253     1783    33679     6151    34519    20161    14851    20011    25171    19861     5503    33871     6343    38239     9769    24439
    24481     9631    38281     6301    33889    20551    17929    30931     3331    25771    22093    19471     6133    33721     1741    30391    15541
    15451    30403     1723    33751    36559    18061    20323     3019    38569     1171    36973    21961     3463     6271    38299     9619    24571
    24631     9463    38329    34231      571    21163     5851    34183     5749    34369     4621    34141    39451     5791     1693    30559    15391
    15331    30631    19753     4603    21481     7669    32401     7489    32563     7411    32653     6091    32341    35419    20269     9391    24691
    24709    30841    18523    20479     7039    33073     6871    33181     6823    33289     6691    33343     6529    32803    21499     9181    15313
    25243    27631    20593     2851    37189     2749    37309     2683    37363     2539    37501     2473    37633     2239    37021    12391    14779
    11941       43    11299    28771    11113    29131    10831    29251    10753    29311    10639    29569    10159    29881    30703    28711    28081
    21013    17383    22783    17029    23011    16993    23041    16963    23143    16729    23371    16333    23773    16189    23911    15901    22621
