    19489    20551    19429    20599    19381    20749    19249    20809    19009    21163    18541    21499    18493    21589    18223    17581    23833
    21841    13759    26431    13381    26683    13309    26731    13183    26863    13063    27043    12919    27241    12763    12613    34183    18181
    18061    27283     4969    35089     4801    35401     4603    35461     4513    35803     4159    35869     4111    39451    15913    12739    21961
    22051    12541    35923     9241    30841     9151    30931     8971    31081     8863    31183     8803    36973    14083     4099    27481    17971
    17959    27631     3793    31333     9883    30211     9781    30253     9631    30403     9463    33073    17401     8689    36229    12391    22063
    22093    12289    36313     8629    30631     7699    32341     7489    32611     7369    37309    15259     9391    31393     3709    27733    17929
    17911    28051     3571    31729     9319    32713     5419    34843     5059    39883    14851     7309    30703     8293    36451    11971    22111
    22159    11953    36493     8059    32143     7243    35023    15643    24049    20341     4999    32779     7879    31963     3529    28069    17863
    17851    28081     3499    32029     7789    32803    20161    24709    20011    15313    19861     7219    32233     7993    36523    11941    22171
    22273    11923    36559     7963    32299    32983    14281    19681    15973    24379    25741     7039     7723    32059     3463    28099    17749
    17569    28183     3331    32089    32563     1873    25171     5179    34963      139    34603    38149     7459     7933    36691    11839    22453
    22483    11821    36709    32401     2851    24763     7681    32533     7411    32653     2713    32323    37171     7621     3313    28201    17539
    17491    28279     2521      709    22621     9811    30241     9769    30391     9619    30559     6949    30139    39313    37501    11743    22531
    22573    28429    32353    25939     9181    30871     9091    31051     8941    31159     8839    31219     3049    30781     7669    11593    17449
    15901    24103    24109     4933    35221     4621    35419     4561    35509     4219    35863     4153    35911      571    35053    15919    24121
    26293     5839    13591    26641    13339    26713    13291    26839    13159    26959    12979    27103    12781    27259    27409    26263    13729
    16189    19471    20593    19423    20641    19273    20773    19213    21013    18859    21481    18523    21529    18433    21799    22441    20533
