    19993    20161    19753    20323    19681    20479    19501    20533    19471    20593    19423    20641    19273    20773    19213    17383    22993
    21013    14221    25849    14149    25939    14071    26119    13759    26293    13591    26641    13339    26713    13291    11821    34369    19009
    18859    26839     5503    34543     5431    34603     5179    34963     4999    35053     4933    35221     4621    39451    15643    13183    21163
    21481    13159    35419     9781    30253     9631    30403     9463    30631     9319    30781    30841     3709    25309     4603    26863    18541
    18523    26959     4561    30871    10639    29569    10159    29881    10039    30013     9931    32299    17569     9151    35461    13063    21499
    21529    12979    35509     9091    30139     7993    32059     7933    32143     7789    36559    15601     9883    30931     4513    27043    18493
    18433    27103     4219    31051     9811    32323     5839    34231     5749    37273    16963     7699    30211     8971    35803    12919    21589
    21799    12781    35863     8941    31393     7681     5641    15913    14869    29251    34381    32341     8629    31081     4159    27241    18223
    18181    27259     4153    31159     8293     7669    36793    33349    20011     6673     3229    32353    31729     8863    35869    12763    21841
    21961    12739    35911     8839    31963    37549    28723    10771    25153    24109    11299     2473     8059    31183     4111    27283    18061
    17971    27409     4099    31333     7309    22441    23059     5791    34273     2749    34183    17581    32713     8689    35923    12613    22051
    22063    12541    36229     7621    28099    24421     7963    32089     7879    32233     3463    32029    11923    32401     3793    27481    17959
    17929    27631     3079    36721    22453    10453    29863    10141    29983    10009    30091     7723    29383     3301    36943    12391    22093
    22111    28183    31219    14713     9769    30391     9619    30559     9391    30703     9241     9181    36313    30241     8803    11839    17911
    17539    24709    24379     5479    34591     5419    34843     5059    35023     4969    35089     4801    35401      571    34519    15313    22483
    23773     5653    14173    25873    14083    25951    13903    26263    13729    26431    13381    26683    13309    26731    28201    25801    16249
    17029    19861    20269    19699    20341    19543    20521    19489    20551    19429    20599    19381    20749    19249    20809    22639    20029
