     5479    34591     5419    34843     5059    35023     4969    35089     4801    35401     4603    35461     4513    35803     4159    36451    18523
    35869    19861    20269    19699    20341    19543    20521    19489    20551    19429    20599    19381    20749    19249    18433    22051     4153
     4111    20809    10771    29269    10711    29383    10453    29863    10141    29983    10009    30091     9883    34273    15313    19213    35911
    35923    19009    30211    15889    24373    15643    24421    15583    24481    15451    24631    15331    13159    31159     9811    21013     4099
     3793    21163     9781    24733    16729    23371    16333    23773    16189    23911    15973    12979    30841    15289    30241    18859    36229
    36313    18541    30253    15259    24103    14281    25771    14221    25849    14149     8803    37003    15919    24763     9769    21481     3709
     3529    21529     9631    24781    15913    25939    10891    29191     9151    33073    17749    14083    24109    15241    30391    18493    36493
    36523    18223    30403    14851    25471    14071    30931    17569     7963    34501     9091    25951    14551    25171     9619    21799     3499
     3463    21841     9463    25243    14419    26119     7879    36943    20011     3079    32143    13903    25603    14779    30559    18181    36559
    36691    18061    30631    14713    25621    28069    28081     5521    32059    22453    11941    11953    14401    25309     9391    21961     3331
     3313    22063     9319    25339    25633    28579    22273    10831    30871     6949    29131    11443    14389    14683    30703    17959    36709
    36721    17929    30781    27409    23029     3019    14251    25801    14173    25873    31219    25741    16993    12613     9241    22093     3301
     3229    22111     8629    23041     9181    16651    23689    16249    23833    16111    24049    27043    23293    16981    31393    17911    36793
    36901    15901    25561     8863    15649    24379    15601    24439    15541    24571    15391    24691    26863    24133    14461    24121     3121
     3109    25153    24709    10753    29311    10639    29569    10159    29881    10039    30013     9931    30139     5749    29251    14869    36913
    33721    17971    19753    20323    19681    20479    19501    20533    19471    20593    19423    20641    19273    20773    21589    20161     6301
    21499     5431    34603     5179    34963     4999    35053     4933    35221     4621    35419     4561    35509     4219    35863     3571    34543
