     6679    33349     6619    33469     6529    33601     6343    33721     6271    33811     6151    33889     6091    34141     5851    34183    19489
    34231     1201    38851     1069    38959     1051    39103      883    39163      823    39313      613    39451      523    20593    38569     5791
     5749    39709    12781    27259    12739    27409    12541    27631    12289    28051    11953    28081    11923    32803    14683      313    34273
    34369      223    28183    17491    22573    17401    22639    17239    22993    17011    23029    16981    16963    25801    11839    39799     5653
     5641    39829    11821    23143    17959    22093    17911    22159    17851    22273    17581    17539    24733    16879    28201      193    34381
    34501      181    28279    16729    22453    15889    24379    15601    24439    15541     7669    36559    17569    23293    11743    39841     5521
     5503    39883    11593    23371    15973    24571    12979    27103    28909    29191     1873    15451    24049    16651    28429      139    34519
    34543       43    28579    16333    24103    15391    29131     2539    36973    20521    10891    24631    15919    23689    11443    39979     5479
     5431    40009    11353    23773    15913    24691     6733    37993    20011     2029    33289    15331    24109    16249    28669       13    34591
    34603    19993    28711    16189    24121    36691    13063    19501     3049    37483    26959     3331    15901    23833    11311    20029     5419
     5179    20161    11299    23911    14149    19381    38149    12919    11113    10831    27043    20641    25873    16111    28723    19861    34843
    34963    19753    28771    15649    30139     3463    15643    24421    15583    24481    32353    24133     9883    24373    11251    20269     5059
     4999    20323    29863    29311    15289    17929    22111    17863    22171    17749    22441    22483    22063    10711    10159    19699    35023
    35053    19543     3571    14221    17449    22621    17383    22783    17029    23011    16993    23041    23059    22531    36451    20479     4969
    35089    37861    25339    12763    27283    12613    27481    12391    27733    11971    28069    11941    28099     7219    27241     2161     4933
     3121     1453     1171    38953     1063    38971      919    39139      859    39199      709    39409      571    39499    19429    38821    36901
    20533     6673    33403     6553    33493     6421    33679     6301    33751     6211    33871     6133    33931     5881    34171     5839    33343
