     7309    32779     7219    32983     6949    33151     6841    33199     6733    33331     6679    33349     6619    33469     6529    35089    17959
    33601     2143    37993     2011    38149     1783    38281     1723    38329     1453    38593     1231    38821     1171    39103    19381     6421
     6343    38953    13381    26683    13309    26731    13183    26863    13063    27043    12919    27241    12763    27283    19681     1069    33679
    33721     1063    27409    17971    22093    17911    22159    17851    22273    17581    22453    17539    23041    19249    12613    38959     6301
     6271    38971    12541    22531    19009    21163    18541    21499    18493    21589    18223    16111    25471    17491    27481     1051    33751
    33811      883    27631    17449    21841    16651    23689    16249    23833    15973    13591    30091    18181    22573    12391    39139     6211
     6151    39163    12289    22621    18061    24109    11593    28579    11353     8689    39841    15913    21961    17401    27733      859    33871
    33889      823    28051    17239    23059    15901    11311     2389    37483    20161    28711    24121    16963    22783    11971    39199     6133
     6091    39313    11953    22993    16879    24373    37171    37783    20011     2239     2851    15649    23143    17029    28069      709    33931
    34141      613    28081    17011    23293    24379    39799    19861     2539    37633      223    15643    16729    23011    11941    39409     5881
     5851    39451    11923    23029    24133    24733      181    11443    28669    31333    28429    15289    15889    16993    28099      571    34171
    34183      523    28183    24103    19273     9931    16333    23773    16189    24049    26431    23371    20749    15919    11839    39499     5839
     5791    39709    28201    14401    14551    18859    21481    18523    21529    18433    21799    23911    21013    25621    11821      313    34231
    34273    20533    10159    20773    17929    22111    17863    22171    17749    22441    17569    22483    16981    22051    29863    19489     5749
     5479    17383    20341    13339    26713    13291    26839    13159    26959    12979    27103    12781    27259    12739    26641    22639    34543
    31219    20641     2029    38011     1873    38239     1741    38299     1693    38569     1429    38791     1201    38851      919    37879     8803
    22063     7243    32803     7039    33073     6871    33181     6823    33289     6691    33343     6673    33403     6553    33493     4933    32713
