     9769    30391     9619    30559     9391    30703     9241    30841     9151    30931     8971    31081     8863    31183     8803    32779    17911
    31333     4219    35863     4153    35911     4099    36229     3709    36493     3499    36559     3331    36709     3301    37549    18541     8689
     8629    36793    15649    24379    15601    24439    15541    24571    15391    24691    15313    24733    15259    25153    19423     3229    31393
    31729     3121    24781      613    39451      523    39709      223    39829      181    39883       43    26263    33403    15241    36901     8293
     8059    36913    14851    40009     1171    38953     1063    38971      919    39139      859    21013    38011       13    25171     3109    31963
    32029     3079    25243    19993    39199    19429    20641    19273    20773    19213    13339    27409      823    20029    14779    36943     7993
     7963    36973    14713    20161      709    21163    15973    24103    15913    14083    29983    18859    39313    19861    25309     3049    32059
    32089     3019    25339    19753    20521    18523    24121     4513    33679    21841    15901    21499    19501    20269    14683    37003     7933
     7879    37021    14551    20323    19489    21529    26863    37339    20011     2683    13159    18493    20533    19699    25471     3001    32143
    32233     2851    25561    19681    20551    17569    23059    18181     6343    35509    16963    22453    19471    20341    14461    37171     7789
     7723    37189    14419    20479    37879    29251    10039    15919    24109    25939    24049    10771     2143    19543    25603     2833    32299
    32323     2749    25621    17971    38569    12613    19381    20749    19249    20809    26683    20593     1453    22051    14401    37273     7699
     7681    37309    25633    34519     2011     1069    38959     1051    39103      883    39163    19009    38851     5503    14389     2713    32341
    32353     2029    13183     6619      571    39499      313    39799      193    39841      139    39979    13759    39409    26839    37993     7669
    32713    35419    20599    15643    24421    15583    24481    15451    24631    15331    24709    15289    24763    14869    24373     4603     7309
     3571    21481     4159    35869     4111    35923     3793    36313     3529    36523     3463    36691     3313    36721     2473    35803    36451
    22111     9631    30403     9463    30631     9319    30781     9181    30871     9091    31051     8941    31159     8839    31219     7243    30253
