   594739   905329   594577   905581   594421   905659   594271   906187   593707   906349   593647   906541   593449   907099   592897   907279   592741   591421  1064467
   907399   435769  1064359   435661  1064587   435349  1064731   434947  1065217   434761  1065319   434647  1065529   434437  1065817   434209   429547  1385437   592639
   592531  1065847   130057  1370101   129841  1370269   129631  1370431   129589  1370521   129439  1370749   129061  1371001   128959  1372747   747889   434191   907507
   907549   433759  1371589   428509  1071739   428251  1071817   428167  1071991   427711  1072447   427579  1072657   427327   424891  1397161   128449  1066279   592489
   592387  1066399   128431  1072801   579829   920281   579571   920497   579529   920539   579331   920761   578959   578581  1092331   427237  1371607   433639   907651
   907717   433627  1371661   427081   921121   578251   921871   577981   922081   577399   922861   577009   923509   749209   578917  1072957   128377  1066411   592321
   592129  1066531   128221  1072969   578881   923311   417379  1082707   417127  1083031   416887   410281  1422721   576727   921157   427069  1371817   433507   907909
   908101   433471  1371991   427039   921199   576439  1083241   116269  1383799   116101  1399039   734887   416797   923599   578839  1072999   128047  1066567   591937
   591901  1066669   127867  1073239   578779   923617   416719  1384189   415609  1101097   733351   115849  1083319   576421   921259   426799  1372171   433369   908137
   908197   433351  1372369   425977   921379   576319  1083409   110527  1067761   750019   432277  1389511   416629   923719   578659  1074061   127669  1066687   591841
   591751  1066729   127507  1074079   578401   924019  1090381  1373959   766687   398941  1084429   126079   409657   576019   921637   425959  1372531   433309   908287
   908539   433261  1372849   425779   921667   927727  1081687   765151   116239  1383937   100999  1383769   418351   572311   578371  1074259   127189  1066777   591499
   591457  1066789   127081  1074709   922099   569659    77317   417331  1082911   417007  1083151  1089757  1082659   930379   577939   425329  1372957   433249   908581
   908749   433051  1373347  1081441   919147   750829   578167   922057   577957   922639   577177   923029   576529   921787   580891   418597   126691  1066987   591289
   591181  1067239   126199  1063747   407707   579757   920467   579541   920509   579499   920707   579277   921079   921457   920209   436291  1373839   432799   908857
   908911  1069039  1368967   102877   428299  1071787   428221  1071871   428047  1072327   427591  1072459   427381  1072711  1075147  1071529   131071   430999   591127
   590131  1064191   752149   129937  1370197   129769  1370407   129607  1370449   129517  1370599   129289  1370977   129037  1371079   127291  1369981   435847   909907
  1221421   114601   435679  1064377   435451  1064689   435307  1065091   434821  1065277   434719  1065391   434509  1065601   434221  1065829  1070491  1064269   278617
   435571   594709   905461   594457   905617   594379   905767   593851   906331   593689   906391   593497   906589   592939   907141   592759   907297   908617   905299
