   595579   904489   595411   904777   595159   904999   594829   905299   594709   905461   594457   905617   594379   905767   593851   906331   593689   907717   747841
   906391   436309  1063747   436147  1064131   435859  1064191   435769  1064359   435661  1064467   435451  1064689   435307  1065091   434821  1068037   746287   593647
   593497  1065277   130987  1369057   130729  1369339   130477  1369759   130069  1369981   129937  1370197   129769  1370407   129607  1379641   740329   434761   906541
   906589   434719  1370449   429211  1070899   428977  1071139   428809  1071241   428551  1071529   428299  1071787   428221   428167  1393417   129589  1065319   593449
   592939  1065391   129517  1071991   581089   919111   580891   919231   580687   919621   579829   920467   579541   920761   748981   428047  1370521   434647   907099
   907141   434509  1370599   427711   920509   578779   921379   578581   921637   578371   921787   578167   577939  1093531   579529  1072327   129439  1065529   592897
   592759  1065601   129289  1072447   579499   922081   418381  1081681   418339  1082317   417511  1085677   746227   577957   920539   427591  1370749   434437   907279
   907297   434221  1370977   427579   920707   577399  1082581   117619  1382527   117361  1382779   749809   417457   922639   579331  1072459   129061  1065817   592741
   592639  1065829   129037  1072657   578959   922861   417379  1383331   416089  1203817   630151   116707  1082659   577177   921079   427381  1371001   434209   907399
   907507   434191  1371079   427327   921121   577009  1082707  1383799   964081   750019   535957   116239   417331   923029   578917  1072711   128959  1065847   592531
   592489  1066279   128449  1072801   578881   923311  1088827   115117   869887   296221  1083949  1384921   411211   576727   921157   427237  1371589   433759   907549
   907651   433639  1371607   427081   921199   926467   406447   750229   117511  1382677   117259  1382419  1093591   573571   578839  1072957   128431  1066399   592387
   592129  1066411   128377  1072969   922057   915757   753811   418357  1081699   417721  1082527   414361  1081657   584281   577981   427069  1371661   433627   907909
   908101   433507  1371817  1095481   575131   406507   578659   921457   578401   921667   578251   921871   922099   921259   924907   404557   128221  1066531   591937
   591901  1066567  1375021  1046371   751057   580927   919147   580807   919351   580417   920209   579571   920497   579277   918949   453667   125017   433471   908137
   908197  1075771   113371   106621   429139  1071061   428899  1071229   428797  1071487   428509  1071739   428251  1071817  1071871  1070827  1386667   424267   591841
   920281   418351   759709   130981  1369309   130699  1369561   130279  1369969   130057  1370101   129841  1370269   129631  1370431   120397  1369051  1081687   579757
   575077   753751   436291  1063891   435907  1064179   435847  1064269   435679  1064377   435571  1064587   435349  1064731   434947  1065217   432001  1063729   924961
   752197   595549   904627   595261   904879   595039   905209   594739   905329   594577   905581   594421   905659   594271   906187   593707   906349   592321   904459
