   596059   904087   595741   904459   595549   904627   595261   904879   595039   905209   594739   905329   594577   905581   594421   905659   594271   906187   748687
   906331   436819  1063351   436477  1063729   436291  1063891   435907  1064179   435847  1064269   435679  1064377   435571  1064587   435349  1065529   748471   593707
   593689  1064731   131311  1368967   131059  1369051   130981  1369309   130699  1369561   130279  1369969   130057  1370101   129841  1370269   748831   435307   906349
   906391   434947  1370407   429469  1070689   429277  1070827   429139  1071061   428899  1071229   428797  1071487   428509   427237  1393627   129631  1065091   593647
   593497  1065217   129607  1071739   581149   918949   580927   919147   580807   919351   580417   920209   579757   930619   738877   428299  1370431   434821   906541
   906589   434761  1370449   428251   920467   578917   921157   578839   921259   578581   921637   578371   577399  1094011   579571  1071787   129589  1065277   593449
   592939  1065319   129517  1071817   579541   921787   418939  1081219   418597  1081681   418351   416719  1414627   578251   920497   428221  1370521   434719   907099
   907141   434647  1370599   428167   920509   578167  1081699   118429  1381819   117619  1385071   747157   418339   921871   579529  1071871   129439  1065391   592897
   592759  1065601   129289  1071991   579499   922057   417721  1382527   416497  1133131   700429   117511  1082317   577981   920539   428047  1370749   434437   907279
   907297   434221  1370977   427711   920707   577957  1082527   117259  1033951   750019   466087  1382779   417511   922081   579331  1072327   129061  1065817   592741
   592639  1065829   129037  1072447   579277   922099  1089757  1378999   799609   366907  1083541   121039   410281   577939   920761   427591  1371001   434209   907399
   907507   434191  1371079   427579   921079   576529  1074079   752881   118219  1382419   114967  1381609   425959   923509   578959  1072459   128959  1065847   592531
   592489  1066279   128449  1072657   921379  1266631    85411   418819  1081441   418357  1081687  1083319  1081099   233407   578659   427381  1371589   433759   907549
   907651   433639  1371607  1072957   565441   406027   578881   921199   578779   921457   578401   921667   922639   921121   934597   427081   128431  1066399   592387
   592321  1066411  1374301  1069051   761161   581089   919111   580891   919231   580687   919621   579829   920281   569419   918889   430987   125737   433627   907717
   907909  1081657   122449   106411   429349  1070761   429211  1070899   428977  1071139   428809  1071241   428551  1071529  1072801  1070569  1377589   418381   592129
   911011   414487   751207   131071  1368979   130987  1369057   130729  1369339   130477  1369759   130069  1369981   129937  1370197   129769  1368727  1085551   589027
   584791   751567   436687  1063561   436309  1063747   436147  1064131   435859  1064191   435769  1064359   435661  1064467   435451  1064689   434509  1063219   915247
   751351   595951   904297   595579   904489   595411   904777   595159   904999   594829   905299   594709   905461   594457   905617   594379   905767   593851   903979
