   600877   899617   600367   899719   600289   899791   599899   900169   599779   900409   598867   901249   598729   901501   598447   901819   597901   907141   743791
   902179   441361  1058731   441247  1058809   440821  1059511   440281  1059769   440101  1060177   439687  1060519   439471  1060597   439171   438409  1371661   597859
   597757  1061101   135637  1364431   135469  1364719   135277  1365019   134857  1365307   134677  1365667   134227  1365877   134059  1372531   742531   438937   902281
   902401   438721  1366327   433309  1066777   433249  1066987   432799  1067701   432277  1067797   432001  1068241   431731  1068367   749011   133711  1061317   597637
   597589  1061377   133201  1068517   585547   914521   585391   914701   585031   915067   584791   915301   584659   583981  1081219   431521  1366837   438661   902449
   902677   438631  1366921   431479   915451   583537   916537   583417   916771   583207   917089   582937   581089  1085587   584587  1068559   133117  1061407   597361
   597271  1061647   132961  1068589   584281   917179   423427  1076731   423121  1077127   422749  1077997   748981   582859   915757   431449  1367077   438391   902767
   903109   438301  1367299   431329   916129   582721  1077337   121447  1378669   121357  1388041   740581   422701   917317   583909  1068709   132739  1061737   596929
   596671  1061779   132697  1068751   583861   917611   422581  1378957   421159  1093069   735829   121081  1077457   582427   916177   431287  1367341   438259   903367
   903451   438169  1367539   430999   916261   582409  1077607   112807  1064689   750019   435349  1387231   422431   917629   583777  1069039   132499  1061869   596587
   596257  1062361   132421  1069051   583651   917971  1085317  1377427   764209   406969  1078879   122611   414721   582067   916387   430987  1367617   437677   903781
   903919   437629  1367869   430909   916417   580891   412807   759457   121369  1378681   111997  1378591  1087231   919147   583621  1069129   132169  1062409   596119
   596059  1062511   132157  1069141   575941  1253401   751057   423307  1076917   422911  1077289   422041  1076611   246637   924097   430897  1367881   437527   903979
   904087   437191  1367887   430747  1253851   414451   583501   916621   583267   916831   582949   917101   918949   916501   246187  1069291   132151  1062847   595951
   595741  1063039   130981  1066399   418819   585517   914647   585337   915007   584971   915247   584737   915379   916057   914491   433639  1369057   436999   904297
   904459  1063747  1358881   751027   433261  1066789   433051  1067239   432337  1067761   432241  1068037   431797  1068307   431671  1066729   141157   436291   595579
   594739  1054381   757507   135607  1364569   135319  1364761   135019  1365181   134731  1365361   134371  1365811   134161  1365979   127507  1364401   445657   905299
   894871   128377   441307  1058791   441229  1059217   440527  1059757   440269  1059937   439861  1060351   439519  1060567   439441  1060867  1061629  1058677   605167
   756247   600421   899671   600319   899749   600247   900139   599869   900259   599629   901171   598789   901309   598537   901591   598219   902137   592897   899161
