   606919   893227   606757   893317   606589   893479   606241   893857   606121   893989   605887   894259   605629   894541   605401   894709   605167   895801   748471
   895171   449227  1050961   449011  1051069   448531  1051717   448249  1051879   448111  1052137   447859  1052197   447817  1052281   447409  1056247   745621   604867
   604729  1052707   141679  1358437   141529  1358857   141157  1358977   140731  1359349   140677  1359427   140551  1359619   140269  1359817   749209   447331   895309
   895387   447319  1359871   438937  1061317   438661  1061407   438409  1061647   438301  1061779   438169  1062361   437629   435679  1375951   140167  1052719   604651
   604411  1052971   139969  1062511   591751   908539   591457   908617   591289   908857   591127   908959   590797   588667  1070149   437527  1360069   447067   895627
   895669   446767  1360201   437191   909319   589759   910447   589327   910747   589231   911011   588949   587989  1072711   590719  1062847   139837  1053271   604369
   604309  1053817   139831  1063039   590659   911101   429277  1070827   429139  1071061   428899   426799  1394131   588937   909379   436999  1360207   446221   895729
   895789   445771  1360237   436819   909631   588877  1071229   127867  1372369   127507  1373521   748831   428809   911161   590407  1063219   139801  1054267   604249
   603937  1054381   139759  1063351   590251   911167   428797  1372747   427381  1097947   724729   127291  1071241   588871   909787   436687  1360279   445657   896101
   896107   445597  1360309   436309   909901   588811  1071487  1373497  1047367   750019   452671   126541   428551   911227   590137  1063729   139729  1054441   603931
   603847  1054531   139597  1063747   590131   911419  1077607   124777   775309   402091  1072657  1375261   422431   588619   909907   436291  1360441   445507   896191
   896299   445321  1360537   436147   910177   586459  1065829   751207   127669  1372531   126517  1372171   434209   913579   589861  1063891   139501  1054717   603739
   603529  1054951   139339  1064131   910849  1235251   105907   429211  1070899   428977  1071139  1073239  1070761   264787   589189   435907  1360699   445087   896509
   896647   445021  1360729  1064467   907651   427327   589591   910711   589291   910807   589027   911089   912049   910279   592387   435571   139309  1055017   603391
   603319  1055137  1361791  1059511   429889   591499   908581   591421   908749   591181   908911   591079   909241   911371   908287   440527   138247   444901   896719
   896947  1055911   135607   124087   438721  1061377   438631  1061629   438391  1061737   438259  1061869   437677  1062409  1064359  1061101  1364431   444127   603091
   898189   436477   750829   141601  1358509   141181  1358881   141061  1359307   140689  1359361   140611  1359487   140419  1359769   140221  1358359  1063561   601849
   597589   754417   449077  1051027   448969  1051507   448321  1051789   448159  1051927   447901  1052179   447841  1052221   447757  1052629   443791  1050811   902449
   751567   606811   893281   606721   893449   606559   893797   606181   893917   606049   894151   605779   894409   605497   894637   605329   894871   604237   893119
