   601969   898189   601807   898279   601747   898369   601219   899149   600877   899617   600367   899719   600289   899791   599899   900169   599779   900409   748717
   901171   442747  1057831   442027  1058227   441751  1058341   441619  1058677   441307  1058791   441229  1059217   440527  1059757   440269  1061779   746227   598867
   598789  1059937   136849  1363381   135979  1364101   135859  1364239   135637  1364431   135469  1364719   135277  1365019   134857  1365667   748801   440101   901249
   901309   439861  1365307   433759  1066399   433627  1066531   433471  1066669   433351  1066729   433261  1066789   433051  1067761   748849   134731  1060177   598729
   598537  1060351   134677  1067239   585877   914191   585799   914461   585547   914521   585391   914701   585031   581149  1083541   432799  1365361   439687   901501
   901591   439519  1365811   432337   915067   583909   916177   583777   916387   583621   916537   583417   582937  1083409   584971  1067701   134227  1060519   598447
   598219  1060567   134161  1067797   584791   916771   424129  1076011   423961  1076107   423847  1076611   749467   583267   915247   432241  1365877   439471   901819
   902137   439441  1365979   432001   915301   583207  1076557   122401  1377787   122209  1380241   747457   423481   916831   584737  1068037   134059  1060597   597901
   597859  1060867   133711  1068241   584659   917089   423307  1378009   422029  1149157   678871   122029  1076731   582949   915379   431797  1366327   439171   902179
   902281   438937  1366837   431731   915451   582859  1076917   121357  1006861   750019   493177  1378681   423121   917179   584587  1068307   133201  1061101   597757
   597637  1061317   133117  1068367   584281   917317  1087231  1375747   821167   350881  1078009   124291   412807   582721   915757   431671  1366921   438721   902401
   902449   438661  1367077   431521   916057   581089   411421   752581   122251  1377829   119797  1377637  1088617   918949   583981  1068517   132961  1061377   597589
   597361  1061407   132739  1068559   583537  1251301   750571   424027  1076077   423931  1076191   423427  1075909   248737   916501   431479  1367299   438631   902677
   902767   438409  1367341  1068709  1248691   416629   583861   916261   583651   916417   583501   916621   917101   916129   251347   431329   132697  1061629   597271
   596929  1061647  1375261   428797   416497   585847   914239   585577   914491   585517   914647   585337   915007   918889   914161  1071241   124777   438391   903109
   903367  1091017   120181   751189   433639  1066411   433507  1066567   433369  1066687   433309  1066777   433249  1066987   432277  1066279  1379857   409021   596671
   906589   401827   751237   136657  1364059   135937  1364179   135799  1364401   135607  1364569   135319  1364761   135019  1365181   134371  1363189  1098211   593449
   588079   753811   442207  1058011   441811  1058287   441697  1058419   441361  1058731   441247  1058809   440821  1059511   440281  1059769   438259  1057291   911959
   751321   601849   898231   601759   898291   601669   898819   600889   899161   600421   899671   600319   899749   600247   900139   599869   900259   599629   898069
