   605887   894259   605629   894541   605401   894709   605167   895171   604729   895387   604411   895669   604309   895789   604237   896101   603931   897577   747457
   896191   447859  1052197   447817  1052281   447409  1052707   447319  1052971   446767  1053817   445771  1054381   445597  1054531   445321  1055689   747889   603847
   603739  1054951   140551  1359619   140269  1359817   140167  1360069   139837  1360207   139801  1360279   139729  1360441   139501  1361149   748849   445087   896299
   896509   445021  1360699   437629  1062511   437191  1063039   436819  1063351   436477  1063729   436291  1063891   435907   434821  1378591   139339  1055017   603529
   603391  1055137   139309  1064179   590659   909631   590251   909901   590131   910177   589759   910447   589327   589027  1070899   435859  1360729   444901   896647
   896719   444307  1360747   435847   910747   588811   911371   588199   911917   588079   912049   587827   914239   747679   589291  1064191   139291  1055731   603319
   603091  1055851   139177  1064269   589231   912487   428251  1071817   428167  1071991   427711   427069  1395127   587551   910807   435769  1360861   444187   896947
   897067   444127  1361197   435661   910849   587527  1072447   126481  1373689   126199  1374379   749347   427591   912511   589189  1064377   138841  1055911   602971
   602689  1055917   138739  1064467   588949   912859   427579  1373887   425149  1075699   749209   126151  1072459   587179   911089   435571  1361299   444121   897349
   897517   444079  1361401   435451   911101   586711  1072657   126079  1074079   750019   425959  1373959   427381   913327   588937  1064587   138637  1055959   602521
   602431  1056169   138547  1064689   588877   913579  1072801  1372957   750829   424339  1074889   127081   427237   586459   911161   435349  1361491   443869   897607
   897727   443791  1361587   435307   911167   917179  1071487   750691   126349  1373839   125659  1373557   428551   582859   588871  1064731   138451  1056247   602311
   602257  1056379   138247  1065091   588619   578659   104911   428221  1071871   428047  1072327  1072969  1071787   921379   911419   434947  1361791   443659   897781
   897817   443167  1361959  1075441  1230871   752359   588667   911839   588121   911959   587989   912211   585799   911227   269167   424597   138079  1056871   602221
   601969  1056949  1364239  1050769   429139   590407   909787   590137   909907   589861   910279   589591   910711   911011   909379   449269   135799   443089   898069
   898189  1058791   132697   121447   437527  1062847   436999  1063219   436687  1063561   436309  1063747   436147  1064131  1065217  1062409  1367341   441247   601849
   900169   435679   751189   140419  1359769   140221  1359871   139969  1360201   139831  1360237   139759  1360309   139597  1360537   138889  1359487  1064359   599869
   594421   752149   447841  1052221   447757  1052629   447331  1052719   447067  1053271   446221  1054267   445657  1054441   445507  1054717   444349  1052179   905617
   752581   605779   894409   605497   894637   605329   894871   604867   895309   604651   895627   604369   895729   604249   895801   603937   896107   602461   894151
