   611641   888451   611497   888781   611071   889027   610969   889081   610867   889237   610339   889957   609877   890287   609619   890437   609571   609241  1030411
   890551   453847  1046239   453709  1046371   453451  1046659   453247  1047307   452671  1047499   452077  1047997   451987  1048129   451747  1050349   747037   609487
   609277  1048357   146359  1354051   145969  1354159   145807  1354267   145219  1355071   144847  1355281   144709  1355371   144589  1357429   747157   451681   890761
   891049   451411  1355659   444187  1055911   444121  1055959   443869  1056247   443659  1056871   443089  1057051   442789  1061377   745117   144379  1048627   608989
   608977  1048759   144289  1057291   595741   904459   595549   904627   595261   904879   595039   905209   594739   588877  1065829   442747  1355749   451279   891061
   891091   451201  1356007   442207   905329   593707   906349   593647   906541   593449   907099   592897   907651   748831   594709  1057831   144031  1048837   608947
   608887  1049089   143971  1058011   594577   907279   433369  1066687   433309  1066777   433249  1067761   748981   592759   905461   442027  1356067   450949   891151
   891379   450811  1356247   441811   905581   592741  1066987   131779  1368331   131701  1373557   744727   433051   907297   594457  1058227   143791  1049227   608659
   608611  1049239   143779  1058287   594421   907399   432799  1368397   431287  1258471   560299   131641  1067239   592639   905617   441751  1356259   450799   891427
   891679   450601  1356319   441697   905659   592531  1067701   129589   879031   750019   621007  1370449   432337   907507   594379  1058341   143719  1049437   608359
   608131  1049509   143629  1058419   594271   907549  1068709  1365019   939739   241567  1068751   135019   431329   592489   905767   441619  1356409   450529   891907
   892027   450361  1356571   441361   906187   911959   429511   755311   131707  1368337   126481  1368259  1070527   588079   593851  1058677   143467  1049677   608011
   607819  1049821   143461  1058731   591457   585799   751057   433351  1066729   433261  1066789   432277  1066669   914239   908581   441307  1356577   450217   892219
   892357   449959  1356709  1065277  1222777   751207   593689   906391   593497   906589   592939   907141   592387   906331   277261   434761   143329  1050079   607681
   607261  1050241  1362247   428047   434209   595579   904489   595411   904777   595159   904999   594829   905299   911161   904297  1071991   137791   449797   892777
   893041   449227   132157   754921   444127  1055917   444079  1056169   443791  1056379   443167  1056949   442987  1057249   438661  1055851  1367881  1050811   606997
   894259  1044889   752881   145987  1354069   145879  1354231   145771  1354819   144967  1355191   144757  1355329   144667  1355449   142609  1353679   455149   605779
   882697   753001   453799  1046329   453667  1046587   453379  1046791   452731  1047367   452539  1047961   452041  1048051   451909  1048291   449689  1046191   617341
   469627   611587   888541   611257   888967   611011   889069   610957   889171   610801   889699   610081   890161   609751   890419   609601   890467   890797   888397
