   611011   889069   610957   889171   610801   889699   610081   890161   609751   890419   609601   890467   609487   890761   609241   891049   608977   608359  1031299
   891091   453379  1046791   452731  1047367   452539  1047961   452041  1048051   451909  1048291   451681  1048627   451279  1048837   450949   450799  1347091   608947
   608887  1049227   145219  1355071   144847  1355281   144709  1355371   144589  1355659   144289  1356007   143971  1356247   143779  1358209   747037   450811   891151
   891379   450601  1356319   443869  1056247   443659  1056871   443089  1057051   442789  1057291   442207  1058011   441811  1058341   749011   143719  1049437   608659
   608611  1049509   143629  1058287   595261   904879   595039   905209   594739   905329   594577   905581   594421   907717   747457   441751  1356409   450529   891427
   891907   450361  1356571   441619   905659   593449   907099   592759   907297   592639   907507   592489   908101   748831   594379  1058419   143467  1049677   608131
   608011  1049821   143461  1058677   594271   907651   433261  1066789   433051  1067239   432337   432277  1385179   592387   905767   441361  1356577   450217   892027
   892219   449959  1356709   441307   906187   592129  1067797   131701  1368397   131311  1369339   749347   432241   907909   593851  1058731   143329  1050079   607819
   607681  1050241   143281  1058791   593707   908137   432001  1368967   430909  1093699   725449   131071  1068037   591901   906331   441247  1356757   449797   892357
   892777   449689  1357201   441229   906349   591841  1068241   130477  1044559   750019   455479  1369561   431797   908197   593689  1058809   142837  1050349   607261
   606997  1050367   142609  1059217   593647   908287  1072327  1368259   774589   406339  1069129   131779   427711   591751   906391   440821  1357429   449671   893041
   893119   449311  1357537   440527   906541   911011  1061647   750691   131641  1368727   130699  1368337   438391   589027   593497  1059511   142501  1050727   606919
   606811  1050739   142369  1059757   592897   586459   114859   433249  1066987   432799  1067701  1067761  1066777   913579   907141   440281  1357669   449299   893227
   893281   449269  1357801  1064269   903109   751207   592939   907279   592741   907399   592531   907549   591937   906589   596929   435769   142237  1050769   606757
   606721  1050811   140419   431671   752581   595159   904999   594829   905299   594709   905461   594457   905617   592321   904777  1068367  1359619   449227   893317
   893449  1052971  1354159   751027   443791  1056379   443167  1056949   442987  1057249   442747  1057831   442027  1058227   441697  1056169   145879   447067   606589
   894709  1041121   753001   144967  1355191   144757  1355329   144667  1355449   144379  1355749   144031  1356067   143791  1356259   141829  1354819   458917   605329
   882961   152947   453247  1047307   452671  1047499   452077  1047997   451987  1048129   451747  1048357   451411  1048759   451201  1049089  1049239  1046659   617077
   468739   610969   889081   610867   889237   610339   889957   609877   890287   609619   890437   609571   890551   609277   890797   608989   891061   891679   889027
