   613279   886807   613219   887191   612727   887401   612589   887599   612331   887989   612037   888061   611827   888247   611641   888451   611497   888781   748687
   888967   455647  1044559   455419  1044697   455227  1044889   455011  1045117   454627  1045621   454387  1045819   454009  1046047   453961   453667  1341619   611071
   611011  1046191   148747  1351327   148579  1351639   148201  1352119   147811  1352269   147727  1352521   147481  1352641   147289  1360747   741187   453847   889027
   889069   453799  1353007   447331  1052719   447067  1053271   446221  1054267   445657  1054441   445507  1054717   445087  1057291   746671   147031  1046239   610969
   610957  1046329   146359  1055017   597901   902179   597757   902401   597589   902677   597271   903109   596671   905617   747037   445021  1353679   453709   889081
   889171   453451  1354051   444901   903451   595549   904627   595261   904879   595039   905209   594739   905659   749209   596587  1055137   145987  1046587   610867
   610801  1046659   145969  1055689   596257   905329   434821  1065277   434719  1065391   434509   434209  1381207   594709   903781   444349  1354069   453379   889237
   889699   453247  1354159   444307   903919   594577  1065601   134371  1365811   134161  1366921   748831   434437   905461   596119  1055731   145879  1046791   610339
   610081  1047307   145807  1055851   596059   905581   434221  1365979   433249  1102117   714691   134059  1065817   594457   903979   444187  1354231   452731   889957
   890161   452671  1354267   444127   904087   594271  1065847  1368259  1031461   750019   468577   131779   434191   905767   595951  1055911   145771  1047367   609877
   609751  1047499   145219  1055917   595741   906187  1072801   130279   785347   397921  1066789  1369759   427237   593851   904297   444121  1354819   452539   890287
   890419   452077  1355071   444079   904459   906349  1058011   751207   134227  1365877   133117  1365667   442027   593689   595579  1055959   144967  1047961   609619
   609601  1047997   144847  1056169   907507   591499   118831   434761  1065319   434647  1065529  1065829  1065217   908539   592531   443869  1355191   452041   890437
   890467   451987  1355281  1057831   587827   750829   595411   904777   595159   904999   594829   905299   594379   904489   912211   442207   144757  1048051   609571
   609487  1048129  1355449   435661   753001   597859   902281   597637   902449   597361   902767   596929   903367   594421   902137  1064377   144589   451909   890551
   890761  1049437   133201   753367   447319  1052971   446767  1053817   445771  1054381   445597  1054531   445321  1054951   442747  1052707  1366837   450601   609277
   608989  1039477   758851   148711  1351459   148399  1351837   147919  1352227   147769  1352311   147517  1352557   147397  1352749   139291  1351291   460561   891049
   886339   158419   455479  1044619   455341  1044811   455149  1045027   454921  1045411   454417  1045651   454219  1046029   453991  1046077  1046371  1044391   613699
   751351   613231   886819   612847   887311   612637   887449   612439   887707   612049   888001   611977   888211   611791   888397   611587   888541   611257   886759
