   612439   887707   612049   888001   611977   888211   611791   888397   611587   888541   611257   888967   611011   889069   610957   889171   610801   610339  1028089
   889957   454627  1045621   454387  1045819   454009  1046047   453961  1046191   453799  1046329   453667  1046587   453379  1046791   452731  1047367   749011   610081
   609877  1047499   147727  1352521   147481  1352641   147289  1353007   146359  1354051   145969  1354159   145807  1354267   145219  1355071   748717   452539   890161
   890287   452077  1355191   445321  1054951   445021  1055137   444349  1055731   444187  1055911   444121  1055959   443869  1058011   747679   144847  1047961   609751
   609619  1047997   144757  1056247   596671   903451   596257   903919   596059   904087   595741   904459   595549   905329   748687   443791  1355281   452041   890419
   890437   451987  1355329   443659   904627   594457   905617   594379   905767   593851   906331   593689   907099   748981   595411  1056379   144709  1048051   609601
   609571  1048129   144667  1056871   595261   906391   434191  1066399   433627  1066531   433471   430897  1385017   593647   904777   443167  1355371   451909   890467
   890551   451747  1355449   443089   904879   593497  1066669   132697  1367539   132421  1368727   748711   433369   906541   595159  1056949   144589  1048291   609487
   609277  1048357   144379  1057051   595039   906589   433351  1367869   431731  1182967   635359   132169  1066687   593449   904999   442987  1355659   451681   890761
   890797   451411  1355749   442789   905209   592897  1066729  1369981   953647   750019   546391   130057   433309   907141   594829  1057249   144289  1048627   609241
   608989  1048759   144031  1057291   594739   907279  1075441   128221   864679   317071  1068307  1371817   424597   592759   905299   442747  1356007   451279   891049
   891061   451201  1356067   442207   905461   910177  1058731   751327   132499  1367617   131311  1367341   441307   589861   594577  1057831   143971  1048837   608977
   608947  1049089   143791  1058227   908101   587827   115021   433639  1066411   433507  1066567  1069141  1065847   912211   591937   441811  1356247   450949   891091
   891151   450811  1356259  1061377   588871   751057   594421   905659   594271   906187   593707   906349   592939   905581   911167   438661   143779  1049227   608887
   608659  1049239  1359769   433759   751351   596587   903781   596119   903979   595951   904297   595579   904489   594709   903367  1066279   140269   450799   891379
   891427  1050769   135799   752359   445087  1055017   444901  1055689   444307  1055851   444127  1055917   444079  1056169   442027  1054717  1364239   449269   608611
   893119   445597   751321   147517  1352557   147397  1352749   147031  1353679   145987  1354069   145879  1354231   145771  1354819   144967  1352311  1054441   606919
   882247   751027   454417  1045651   454219  1046029   453991  1046077   453847  1046239   453709  1046371   453451  1046659   453247  1047307   452671  1045411   617791
   471949   612331   887989   612037   888061   611827   888247   611641   888451   611497   888781   611071   889027   610969   889081   610867   889237   889699   887599
