   613969   886177   613849   886339   613651   886429   613447   886741   613279   886807   613219   887191   612727   887401   612589   887599   612331   610957  1025659
   887989   456559  1043521   456451  1043599   456109  1044097   455899  1044391   455479  1044619   455341  1044811   455149  1045027   454921   452731  1341619   612049
   612037  1045411   149239  1350961   149011  1351111   148921  1351171   148747  1351327   148579  1351639   148201  1352119   147811  1367887   733561   454627   888001
   888061   454417  1352269   448111  1052137   447859  1052197   447817  1052281   447409  1052707   447319  1052971   446767   443791  1358881   147769  1045621   611977
   611827  1045651   147727  1053817   599869   900259   599629   901171   598789   901309   598537   901591   598219   594457  1056379   446221  1352311   454387   888211
   888247   454219  1352521   445771   902137   596929   903367   596587   903781   596119   903979   595951   904627   748831   597901  1054267   147517  1045819   611791
   611641  1046029   147481  1054381   597859   904297   435847  1064269   435679  1064377   435571   434191  1380199   595741   902179   445657  1352557   454009   888397
   888451   453991  1352641   445597   902281   595579  1064587   135319  1364761   135019  1367539   747457   435451   904459   597757  1054441   147397  1046047   611587
   611497  1046077   147289  1054531   597637   904489   435349  1365181   433639  1118737   697681   134857  1064689   595549   902401   445507  1352749   453961   888541
   888781   453847  1353007   445321   902449   595261  1064731  1365307  1014061   750019   485977   134731   435307   904777   597589  1054717   147031  1046191   611257
   611071  1046239   146359  1054951   597361   904879  1065601   131707   802357   381301  1066399  1368331   434437   595159   902677   445087  1353679   453799   888967
   889027   453709  1354051   445021   902767   904999  1064179   752581   135277  1365019   132499  1364719   435859   595039   597271  1055017   145987  1046329   611011
   610969  1046371   145969  1055137   592129   592531   119839   435769  1064359   435661  1064467  1065847  1064191   907507   907909   444901  1354069   453667   889069
   889171   453451  1354159  1082581  1212061   751207   596671   903451   596257   903919   596059   904087   595411   903109   287977   417457   145879  1046587   610867
   610801  1046659  1356319  1023871   443659   599779   900409   598867   901249   598729   901501   598447   901819   905581   900169   476167   143719   453379   889237
   889699  1051507   124777   141157   447901  1052179   447841  1052221   447757  1052629   447331  1052719   447067  1053271  1056247  1051927  1375261   448531   610339
   609277  1037767   766477   149077  1351027   148927  1351117   148867  1351291   148711  1351459   148399  1351837   147919  1352227   132151  1350799   462271   890761
  1163467   158419   456517  1043587   456439  1043929   455941  1044139   455647  1044559   455419  1044697   455227  1044889   455011  1045117  1047307  1043479   336571
   474379   613861   886189   613699   886387   613609   886591   613297   886759   613231   886819   612847   887311   612637   887449   612439   887707   889081   886069
