   612847   887311   612637   887449   612439   887707   612049   888001   611977   888211   611791   888397   611587   888541   611257   888967   611011   889171   749011
   889069   455227  1044889   455011  1045117   454627  1045621   454387  1045819   454009  1046047   453961  1046191   453799  1046329   453667  1046791   748831   610969
   610957  1046587   148201  1352119   147811  1352269   147727  1352521   147481  1352641   147289  1353007   146359  1354051   145969  1360309   742531   453451   889081
   889237   453379  1354159   446767  1053817   445771  1054381   445597  1054531   445321  1054951   444901  1055689   444307  1068517   735697   145879  1046659   610801
   610339  1047307   145807  1055851   597637   902449   597361   902767   596929   903367   596587   903781   596119   594421  1058791   444187  1354231   452731   889699
   889957   452671  1354267   444127   903979   595159   904999   594829   905299   594709   905461   594457   593851  1061407   596059  1055911   145771  1047367   610081
   609877  1047499   145219  1055917   595951   905659   434719  1065391   434509  1065601   434221  1092901   722791   594379   904087   444121  1354819   452539   890161
   890287   452077  1355071   444079   904297   594271  1065829   133201  1366921   132961  1374301   742711   434209   905767   595741  1055959   144967  1047961   609751
   609619  1047997   144847  1056169   595579   906331   434191  1367299   433249  1102117   714691   132739  1065847   593707   904459   443869  1355191   452041   890419
   890437   451987  1355281   443791   904489   593689  1066279   132499  1031461   750019   468577  1367539   433759   906349   595549  1056247   144757  1048051   609601
   609571  1048129   144709  1056379   595411   906391   432799  1359769   785347   397921  1066789   140269  1067239   593647   904627   443659  1355329   451909   890467
   890551   451747  1355371   443167   904777   591841  1039069   757327   133117  1367077   125737  1366837   460969   908197   595261  1056871   144667  1048291   609487
   609277  1048357   144589  1056949   590251  1218199   777247   434647  1065529   434437  1065817   407137  1065319   281839   909787   443089  1355449   451681   890761
   890797   451411  1355659   441619  1216591   438631   595039   905209   594739   905329   594577   905581   906187   904879   283447  1058419   144379  1048627   609241
   608989  1048759   143719  1041091   441247   597589   902677   597271   903109   596671   903451   596257   903919   905617   902401   458947  1356319   451279   891049
   891061  1050961  1345879   764341   446221  1054267   445657  1054441   445507  1054717   445087  1055137   444349  1055731   431521  1053271   154159   449077   608977
   894151   445021   757507   147919  1352227   147769  1352311   147517  1352557   147397  1352749   147031  1353679   145987  1354069   139729  1351837  1055017   605887
   602311   751207   455149  1045027   454921  1045411   454417  1045651   454219  1046029   453991  1046077   453847  1046239   453709  1046371   453247  1044811   897727
   751027   612727   887401   612589   887599   612331   887989   612037   888061   611827   888247   611641   888451   611497   888781   611071   889027   610867   887191
