   623839   876607   623269   876817   622927   877399   622159   877909   621997   878167   621799   878299   621679   878419   621301   878749   621241   620647  1007137
   878821   465721  1034359   465379  1034707   465271  1034827   465079  1035019   464587  1035499   464467  1035781   464089  1036027   463921   463501  1322089   621217
   621031  1036291   158941  1341619   158161  1342087   157771  1342291   157519  1342849   157141  1342987   156979  1343071   156841  1343311   748717   463747   879007
   879031   463741  1343257   456871  1043311   456571  1043479   456517  1043587   456439  1043929   455941  1044139   455647   455419  1338397   156781  1036297   621007
   620869  1036327   156361  1044559   608887   891379   608611   891679   608131   892027   607819   892357   607261   893227   748831   455479  1343677   463711   879169
   879661   463627  1343887   455341   893041   606181   893989   605887   894259   605629   894541   605401   904777   739507   606997  1044697   156151  1036411   620377
   620359  1036459   156139  1044811   606919   894709   445771  1054381   445597  1054531   445321  1055731   748801   605329   893119   455227  1343899   463579   879679
   879709   463459  1343911   455149   893281   605167  1054951   143629  1356571   143461  1358977   747457   445087   894871   606757  1044889   156127  1036579   620329
   620317  1036747   155887  1045027   606721   895171   445021  1356709   443089  1071139   735829   143329  1055017   604867   893317   455011  1344151   463291   879721
   879799   463207  1344319   454921   893449   604729  1055137  1356757  1042759   750019   457279   143281   444901   895309   606589  1045117   155719  1036831   620239
   619981  1037137   155581  1045411   606559   895387  1059757   140419   764209   428899  1056949  1359619   440281   604651   893479   454627  1344457   462901   880057
   880219   462541  1344667   454417   893797   897577   438259   752581   143467  1356577   141061  1356409  1061779   602461   606241  1045621   155371  1037497   619819
   619309  1037557   155209  1045651   893917   590719   751237   445657  1054441   445507  1054717   444307  1054267   909319   606121   454387  1344829   462481   880729
   880981   462361  1344901  1046029   602431   760531   606049   894151   605779   894409   605497   894637   595261   893857   897607   454009   155137  1037677   619057
   619009  1037767  1348387  1040419   751207   608659   891427   608359   891907   608011   892219   607681   892777   606811   891151   459619   151651   462271   881029
   881191  1038601   147517   161641   456727  1043467   456559  1043521   456451  1043599   456109  1044097   455899  1044391  1044619  1043167  1352521   461437   618847
   614617  1030831   751321   158419  1341877   157951  1342267   157747  1342519   157189  1342897   157051  1343059   156967  1343197   156727  1341097   469207   885421
  1138717   177949   465679  1034659   465331  1034767   465211  1034959   465019  1035451   464539  1035571   464257  1035949   464011  1036117  1036537  1034317   361321
   492901   623431   876769   623221   877111   622639   877879   622129   878041   621871   878239   621739   878359   621619   878737   621289   878797   879391   876199
