   624277   875779   623839   876607   623269   876817   622927   877399   622159   877909   621997   878167   621799   878299   621679   878419   621301   879007   748711
   878749   465841  1034239   465721  1034359   465379  1034707   465271  1034827   465079  1035019   464587  1035499   464467  1035781   464089   463747  1321711   621289
   621241  1036027   159421  1340701   159079  1341097   158419  1341877   157951  1342267   157747  1342519   157189  1342897   157051  1343059   749011   464011   878797
   878821   463921  1343071   456991  1043089   456871  1043311   456571  1043479   456517  1043587   456439  1043929   455941  1050811   742711   156967  1036117   621217
   621007  1036297   156841  1044139   608947   891151   608659   891427   608359   891907   608011   892219   607681   896107   745741   455899  1343197   463741   879031
   879169   463711  1343257   455647   892777   606559   893797   606181   893917   606049   894151   605779   604411  1039327   607261  1044391   156781  1036327   620869
   620647  1036411   156727  1044559   606997   894409   447067  1053271   446221  1054267   445657  1054441   749209   605629   893041   455479  1343311   463627   879391
   879661   463579  1343677   455419   893119   605497  1054531   143971  1356247   143779  1358209   747889   445507   894541   606919  1044619   156361  1036459   620377
   620359  1036537   156151  1044697   606811   894637   445321  1356319   443869  1056379   749809   143719  1054717   605401   893227   455341  1343887   463501   879679
   879709   463459  1343899   455227   893281   605329  1054951   142837  1055959   750019   444079  1357201   445087   894709   606757  1044811   156139  1036579   620329
   620317  1036747   156127  1044889   606721   894871  1059757  1354819   750229   443659  1056169   145219   440281   605167   893317   455149  1343911   463291   879721
   879799   463207  1344151   455011   893449   603319   437677   752149   143791  1356259   141829  1356067  1062361   896719   606589  1045027   155887  1036831   620239
   619981  1037137   155719  1045117   604729  1184839   750829   446767  1053817   445771  1054381   445597  1052971   315199   895309   454921  1344319   462901   880057
   880219   462541  1344457   451747   889081   460711   606241   893857   606121   893989   605887   894259   895627   893479   610957  1048291   155581  1037497   619819
   619309  1037557  1345699  1039477   754297   608887   891379   608611   891679   608131   892027   607819   892357   603931   891091   460561   154339   462481   880729
   880981  1037677   150061   757327   456949  1043167   456727  1043467   456559  1043521   456451  1043599   456109  1044097   449227  1043047  1349977   462361   619057
   882961  1031347   751027   159337  1340959   158941  1341619   158161  1342087   157771  1342291   157519  1342849   157141  1342987   156979  1340617   468691   617077
   611827   178327   465799  1034317   465679  1034659   465331  1034767   465211  1034959   465019  1035451   464539  1035571   464257  1035949  1036291  1034197   888211
   751327   624259   876199   623431   876769   623221   877111   622639   877879   622129   878041   621871   878239   621739   878359   621619   878737   621031   875761
