   627559   872647   627379   872737   627091   873079   626947   873109   626917   873421   626611   873721   626251   874099   625789   874771   625231   618841  1004161
   875209   469237  1030831   468739  1031347   468577  1031761   467827  1032349   467641  1032511   467497  1032601   467431  1032709   467317   465271  1316677   624829
   624769  1032799   163309  1336891   162829  1337299   162649  1337647   161761  1338397   161521  1338661   161167  1338979   160981  1342087   746107   467239   875269
   875317   467197  1339069   460609  1039477   460387  1039891   460039  1040101   459847  1040407   459619  1040857   459091  1041091   748831   160969  1032841   624721
   624649  1033309   160681  1041109   611791   888397   611587   888541   611257   888967   611011   889069   610957   890161   748471   458929  1339357   466729   875389
   875521   466651  1339399   458917   889171   609571   890551   609277   890797   608989   891061   608947   604651  1036327   610867  1041121   160639  1033387   624517
   624391  1033777   160627  1041241   610801   891151   449671  1050727   449299  1050769   449227   448321  1352119   608887   889237   458797  1339411   466261   875647
   875761   466171  1339729   458611   889699   608659  1050961   147481  1352641   147289  1358047   744637   449077   891379   610339  1041427   160309  1033867   624277
   624259  1033951   160087  1041841   610081   891679   449011  1353007   447409  1067761   734887   147031  1051027   608359   889957   458197  1339951   466087   875779
   876199   466009  1340107   458119   890287   608131  1051069   145219  1037497   750019   462541  1354819   448969   891907   609751  1041919   159931  1034029   623839
   623431  1034197   159631  1041991   609619   892027  1055851  1348987   765151   432277  1052629   151051   444187   608011   890419   458047  1340407   465841   876607
   876769   465799  1340497   457669   890437   602461  1045651   755401   147397  1352749   141991  1352557   454387   897577   609601  1042369   159541  1034239   623269
   623221  1034317   159421  1042759   891427  1182781   147919   449311  1050739   449269  1050811  1051717  1050367   317257   608611   457279  1340617   465721   876817
   877111   465679  1340701  1044097   605329   463711   609487   890761   609241   891049   608977   891091   895387   890467   894709   455941   159337  1034359   622927
   622639  1034659  1341619   452077   751567   611641   888451   611497   888781   611071   889027   610969   889081   609877   888247  1047961   158419   465379   877399
   877879  1035019   151477   751207   460561  1039651   460147  1039999   459937  1040191   459631  1040419   459181  1040947   458947  1039429  1348561   465019   622159
   621619  1028191   753931   163147  1337209   162739  1337389   162391  1338277   161641  1338517   161377  1338871   161059  1339057   157951  1336729   471847   878419
  1128181   183361   469207  1031299   468691  1031461   468277  1032211   467689  1032397   467527  1032541   467437  1032607   467329  1032721  1034767  1030801   371857
   495877   627391   872659   627301   872947   626959   873091   626929   873121   626617   873427   626317   873787   625939   874249   625267   874807   881197   872479
