   627379   872737   627091   873079   626947   873109   626917   873421   626611   873721   626251   874099   625789   874771   625231   875209   624769   875389   747841
   875317   469207  1031299   468691  1031461   468277  1032211   467689  1032397   467527  1032541   467437  1032607   467329  1032721   467239  1032841   748849   624721
   624517  1033309   163477  1336729   163147  1337209   162739  1337389   162391  1338277   161641  1338517   161377  1338871   161059  1352521   734941   466729   875521
   875647   466651  1339057   460609  1039477   460387  1039891   460039  1040101   459847  1040407   459619  1040857   459091  1041091   748831   160981  1033387   624391
   624277  1033777   160969  1041109   611641   888451   611497   888781   611071   889027   610969   889081   610867   904777   734047   458929  1339069   466261   875761
   875779   466171  1339357   458917   889237   609571   890551   609277   890797   608989   891061   608947   894871   746107   610801  1041121   160681  1033867   624259
   623839  1033951   160639  1041241   610339   891151   449689  1050367   449311  1050739   449269   448531  1352227   608887   889699   458797  1339399   466087   876199
   876607   466009  1339411   458611   889957   608659  1050811   148201  1352119   147769  1356067   745939   449227   891379   610081  1041427   160627  1034029   623431
   623269  1034197   160309  1041841   609877   891427   449077  1352311   447409  1067761   734887   147727  1050961   608611   890161   458197  1339729   465841   876769
   876817   465799  1339951   458119   890287   608359  1051027  1360207  1037497   750019   462541   139831   449011   891679   609751  1041919   160087  1034239   623221
   622927  1034317   159931  1041991   609619   891907  1052281   135277   765151   432277  1052629  1364761   447757   608131   890419   458047  1340107   465721   877111
   877399   465679  1340407   457669   890437   606919  1049437   754099   147919  1352269   143971  1351837   450601   893119   609601  1042369   159631  1034359   622639
   622159  1034659   159541  1042759   892027   888247   147811   449671  1050727   449299  1050769  1051507  1050349   611791   608011   457279  1340497   465379   877879
   877909   465331  1340617  1044097   590797   753931   609487   890761   609241   891049   608977   891091   605167   890467   909241   455941   159421  1034707   622129
   621997  1034767   157951   452077   765991   611587   888541   611257   888967   611011   889069   610957   889171   595261   888397  1047961  1342087   465271   878041
   878167   465019  1323571   751207   460561  1039651   460147  1039999   459937  1040191   459631  1040419   459181  1040947   458947  1039429   176467  1035019   621871
   621739  1030291   765097   163309  1336891   162829  1337299   162649  1337647   161761  1338397   161521  1338661   161167  1338979   147517  1336561   469747   878299
   872419   751189   468739  1031347   468577  1031761   467827  1032349   467641  1032511   467497  1032601   467431  1032709   467317  1032799   467197  1030831   627619
   752197   627301   872947   626959   873091   626929   873121   626617   873427   626317   873787   625939   874249   625267   874807   624829   875269   624649   872659
