   635347   865069   634861   865231   634717   865357   634441   865771   634237   866101   633877   866389   633187   867001   633001   867067   632629   632497   983581
   867781   476647  1023571   476317  1023871   476089  1024159   475831  1024249   475681  1024399   475429  1024669   475327  1024957   475051  1029349   744727   632257
   632221  1025281   170641  1329499   170509  1329541   170239  1329871   170029  1330129   169831  1330249   169627  1330699   169249  1345231   734941   474757   867817
   867829   474619  1330909   468739  1031347   468577  1031761   467827  1032349   467641  1032511   467497  1032601   467431  1036027   745939   169129  1025419   632209
   631987  1025659   168769  1032709   620239   880057   619819   880729   619057   881029   618847   881197   618589   887989   742657   467329  1331269   474379   868051
   868111   474289  1331437   467317   881479   617467   882697   617311   882877   617131   882961   617059   616027  1016641   618559  1032721   168601  1025749   631927
   631867  1025887   168541  1032799   617971   883087   458047  1042369   457279  1042837   457189  1046791   745621   616951   882067   467239  1331497   474151   868171
   868177   474127  1331587   467197   882247   616789  1043047   156139  1343911   155887  1352749   741409   456991   883249   617791  1032841   168451  1025911   631861
   631789  1026127   168391  1033309   617647   883537   456949  1344319   455899  1044811   749347   155719  1043089   616501   882391   466729  1331647   473911   868249
   868327   473899  1331761   466651   882451   616489  1043167   154279  1043467   750019   456571  1345759   456871   883549   617587  1033387   168277  1026139   631711
   631549  1026199   168109  1033777   617521   883579  1051717  1336729   750691   455227  1044139   163309   448321   616459   882517   466261  1331929   473839   868489
   868531   473647  1332127   466171   882529   886819   442789   758629   156127  1344151   147289  1343899  1057249   613219   617509  1033867   167911  1026391   631507
   631399  1026427   167887  1033951   886807   879007   754417   457669  1042759   457201  1042849   453247  1041991   621031   613231   466087  1332151   473611   868639
   868867   473377  1332361   465211   603937   483397   617341   882727   617161   882907   617077   882979   884011   882571   896101  1034827   167677  1026661   631171
   631039  1026811  1333741  1028317   757381   619981   880219   619309   880981   619009   881191   618841   881449   612049   879799   471721   166297   473227   868999
   869119  1028389   148927   754099   468691  1031461   468277  1032211   467689  1032397   467527  1032541   467437  1032607   464011  1031299  1351111   471649   630919
   628267   463627   765097   170539  1329529   170497  1329799   170167  1330009   169909  1330207   169789  1330411   169339  1330789   154807  1329397  1036411   871771
  1101697   755311   476467  1023721   476167  1023949   475879  1024207   475789  1024357   475639  1024609   475369  1024711   475081  1024987   470689  1023391   398341
   516457   634969   865177   634807   865321   634681   865597   634267   865801   633937   866161   633649   866851   633037   867037   632971   867409   867541   864691
