   631399   868867   631039   869119   630907   869137   630577   869587   630349   869809   630151   870049   629929   870271   629737   870547   629449   628267   991171
   870901   472909  1027207   472261  1027987   472027  1028089   471931  1028191   471817  1028317   471649  1028557   471391  1028737   471277  1029289   748687   629137
   629011  1029151   167407  1332769   167197  1332847   166807  1333411   166471  1333621   166351  1333741   166207  1334077   165931  1334239   749209   470887   871027
   871177   470881  1334329   465019  1035451   464539  1035571   464257  1035949   464011  1036117   463747  1036297   463711  1036747   748831   165709  1029157   628861
   628561  1029247   165667  1036411   616117   883969   616027   884131   615751   885187   614749   885421   614611   608359  1025887   463627  1334371   470791   871477
   871639   470731  1334569   463579   885967   613447   886759   613231   887191   612727   887401   612589   897727   739099   614071  1036459   165469  1029307   628399
   628357  1029349   164881  1036537   613969   887599   453991  1046077   453847  1046239   453709  1050079   746191   612439   886069   463501  1335157   470689   871681
   871867   470551  1335199   463459   886177   612331  1046371   151189  1348987   150979  1352269   746671   453667   887707   613861  1036579   164839  1029487   628171
   628051  1029499   164707  1036831   613849   887989   453451  1349077   451681  1085317   713059   150961  1046587   612049   886189   463207  1335331   470539   871987
   872017   470521  1335361   462901   886339   612037  1046659   150301  1011397   750019   488641  1349737   453379   888001   613699  1037137   164677  1029517   628021
   627961  1029577   164581  1037497   613651   888061  1047997  1346161   786979   414721  1048357   153877   452041   611977   886387   462541  1335457   470461   872077
   872227   470179  1335619   462481   886429   609601   447817   753367   151051  1349059   147769  1348849  1052221   890437   613609  1037557   164419  1029859   627811
   627787  1029907   164377  1037677   886741   878167   753847   453961  1046191   453799  1046329   449959  1046047   621871   613297   462361  1335661   470131   872251
   872317   469969  1335667  1038601   886819   760939   613279   886807   612847   887311   612637   887449   602311   886591   613219   461437   164371  1030069   627721
   627619  1030291  1339951   458047   474151   616069   884011   615907   884287   614851   885289   614617   885427   891679   883921  1041991   160087   469747   872419
   872479  1030411   157141   751207   464587  1035499   464467  1035781   464089  1036027   463921  1036291   463741  1036327   463291  1035019  1342897   469627   627559
   872947   465799   750829   167269  1332841   167191  1333231   166627  1333567   166417  1333687   166297  1333831   165961  1334107   165799  1332631  1034239   627091
   865177   751351   472831  1027777   472051  1028011   471949  1028107   471847  1028221   471721  1028389   471481  1028647   471301  1028761   470749  1027129   634861
   508867   631171   868999   630919   869131   630901   869461   630451   869689   630229   869887   629989   870109   629767   870301   629491   870589   871771   868639
