   631711   868489   631507   868639   631171   868999   630919   869131   630901   869461   630451   869689   630229   869887   629989   870109   629767   870301   749011
   870547   473611  1026661   473227  1026847   472909  1027207   472261  1027987   472027  1028089   471931  1028191   471817  1028317   471649  1028761   748831   629491
   629449  1028557   167611  1332517   167491  1332589   167407  1332769   167197  1332847   166807  1333411   166471  1333621   166351  1344319   738877   471481   870589
   870901   471391  1333741   465379  1034707   465271  1034827   465079  1035019   464587  1035499   464467  1035949   464011   463741  1321711   166297  1028647   629137
   629011  1028737   166207  1036117   616489   883579   616411   883777   616117   883969   616027   884131   615751   886069   747889   463921  1333831   471301   871027
   871177   470887  1334077   463747   885187   613699   886387   613609   886591   613297   886759   613231   612727  1023871   614851  1036291   165961  1029151   628861
   628561  1029157   165931  1036327   614749   886819   454921  1045411   454417  1045651   454219  1046047   749467   613219   885289   463711  1334107   470881   871477
   871639   470791  1334239   463627   885421   612847  1046029   151651  1348441   151549  1349737   748717   454009   887191   614617  1036411   165799  1029247   628399
   628357  1029289   165709  1036459   614611   887401   453961  1348507   452077  1280431   517549   151531  1046077   612637   885427   463579  1334329   470749   871681
   871771   470731  1334371   463501   885967   612589  1046191  1349119   815491   750019   684547   150919   453847   887449   614071  1036537   165667  1029307   628267
   628171  1029349   165469  1036579   613861   887599  1050349   149497   982489   219607  1047961  1350541   449689   612439   886177   463459  1334569   470689   871867
   871987   470551  1335157   463291   886189   610969   448111   751321   151597  1348489   150301  1348387  1051927   889069   613849  1036747   164881  1029487   628051
   628021  1029499   164839  1036831   612049  1162081   750571   454627  1045621   454387  1045819   453991  1045117   337957   887989   463207  1335199   470539   872017
   872077   470521  1335331  1038601   883537   476167   613651   886429   613447   886741   613279   886807   887311   886339   616501   461437   164707  1029517   627961
   627811  1029577  1336891  1031461   752149   616459   883627   616261   883921   616069   884011   615907   884287   613969   883549   468577   163147   470461   872227
   872251  1032211   149551   178327   465331  1034767   465211  1034959   465019  1035451   464539  1035571   464089  1036027  1036297  1034659  1350487   467827   627787
   627721   464257   761161   167521  1332547   167449  1332631   167269  1332841   167191  1333231   166627  1333567   166417  1333687   155719  1332427  1035781   872317
   868171   751207   473377  1026811   473191  1027129   472831  1027777   472051  1028011   471949  1028107   471847  1028221   471721  1028389   471277  1026427   631867
   751027   631549   868531   631399   868867   631039   869119   630907   869137   630577   869587   630349   869809   630151   870049   629929   870271   629737   868327
