   638467   861691   638161   861979   637909   862207   637669   862441   637471   862669   637129   863119   636739   863491   636541   863539   635989   864301   748849
   864079   479581  1020529   479497  1020619   479371  1020751   479191  1020907   479041  1021159   478747  1021297   478711  1021387   478417   477361  1293757   635959
   635917  1021627   174991  1325179   174481  1325581   174331  1325959   174061  1326499   173431  1326691   173149  1327231   172801  1329799   746101   478411   864121
   864307   478207  1327297   471817  1028317   471649  1028557   471391  1028737   471277  1029151   470881  1029247   470749   464257  1314217   172741  1021831   635731
   635659  1021849   172687  1029307   623839   876607   623269   876817   622927   877399   622159   877909   621997   619309  1007977   470731  1327351   478189   864379
   864439   477847  1327759   470689   878167   621241   878821   621031   879031   620869   879391   620377   882451   746959   621871  1029349   172279  1022191   635599
   635527  1022467   172021  1029487   621799   879679   462181  1037929   462097  1038601   461317  1041109   746899   620359   878239   470551  1328017   477571   864511
   864679   477409  1328101   470539   878299   620329  1038937   160087  1340107   159631  1349941   740329   461101   879709   621739  1029499   171937  1022629   635359
   635347  1022761   171877  1029517   621679   879721   461017  1340497   459181  1280677   510199   159541  1039021   620317   878359   470521  1328161   477277   864691
   865069   477019  1328479   470461   878419   620239  1039069  1350961   801037   750019   699001   149077   460969   879799   621619  1029577   171559  1023019   634969
   634861  1023301   171541  1029859   621301   880057  1039891   138841   989839   219361  1040857  1361197   460147   619981   878737   470179  1328497   476737   865177
   865231   476647  1328521   470131   878749   882529   455899   759709   159931  1340407   150097  1339951  1044139   617509   621289  1029907   171517  1023391   634807
   634717  1023571   171427  1030069   883249   613297   753139   462109  1037941   461437  1038721   458929  1037857   886741   616789   469969  1328611   476467   865321
   865357   476317  1329067  1034359   872647   753079   621217   879007   621007   879169   620647   879661   617587   878797   627391   465679   170971  1023721   634681
   634441  1023871   167611  1028191   492061   623431   876769   623221   877111   622639   877879   622129   878041   880729   876199   471847  1332427   476167   865597
   865771  1024249  1324969   185821   471721  1028389   471481  1028647   471301  1028761   470887  1029157   470791  1029289  1035781  1028221   175069   475789   634267
   867037  1017319   753937   174859  1325557   174457  1325707   174079  1325977   173539  1326607   173347  1326889   172807  1327237   170239  1325047   482719   633001
   628267   206281   479509  1020541   479419  1020667   479287  1020847   479131  1020997   478879  1021291   478741  1021327   478651  1021621  1022677  1020457   871771
   751189   638347   861877   638059   862129   637831   862369   637597   862567   637369   862909   636919   863299   636547   863497   636499   864049   635737   861571
