   634807   865321   634681   865597   634267   865801   633937   866161   633649   866851   633037   867037   632971   867409   632497   867781   632221   630919   985417
   867829   476167  1023949   475879  1024207   475789  1024357   475639  1024609   475369  1024711   475081  1024987   474757  1025419   474379  1027987   747037   632209
   631987  1025749   170509  1329541   170239  1329871   170029  1330129   169831  1330249   169627  1330699   169249  1330909   168769  1358167   722467   474289   868051
   868111   474151  1331437   468277  1032211   467689  1032397   467527  1032541   467437  1032607   467329  1032721   467239   466651  1315621   168601  1025887   631927
   631867  1025911   168541  1032841   619819   880729   619057   881029   618847   881197   618589   881479   617971   614851  1016641   467197  1331497   474127   868171
   868177   473911  1331587   466729   882247   617311   882877   617131   882961   617059   883087   616789   616459  1016497   617791  1033309   168451  1026127   631861
   631789  1026139   168391  1033777   617647   883537   457279  1042837   457189  1043047   456949   455941  1336891   616501   882391   466261  1331647   473899   868249
   868327   473839  1331761   466171   882451   616489  1043167   155581  1344667   155209  1345951   748687   456871   883549   617587  1033867   168277  1026199   631711
   631549  1026391   168109  1033951   617521   883627   456727  1344901   455341  1051717   742999   155137  1043311   616411   882517   466087  1331929   473647   868489
   868531   473611  1332127   466009   882529   616261  1043467  1345621  1037677   750019   462361   154417   456571   883777   617509  1034029   167911  1026427   631507
   631399  1026661   167887  1034197   617467   883921  1065817   152641   757039   448321  1044697  1347397   434221   616117   882571   465841  1332151   473377   868639
   868867   473227  1332361   465799   882697   614617  1020529   751351   155371  1344829   154087  1344457   479509   885421   617341  1034239   167677  1026811   631171
   631039  1026847   167611  1034317   885427  1150867   163147   457201  1042849   456991  1043089  1044097  1042759   349171   614611   465721  1332427   473191   868999
   869131   472909  1332517  1035571   879007   483541   617161   882907   617077   882979   616951   883249   883579   882727   621031   464467   167521  1027129   630907
   630901  1027207  1334077  1028191   483397   619309   880981   619009   881191   618841   881449   618559   882067   885187   880219   471847   165961   472831   869137
   869461   471301   135799   184417   467827  1032349   467641  1032511   467497  1032601   467431  1032709   467317  1032799  1033387  1031761  1364239  1028737   630577
   628861  1023301   777571   170497  1329799   170167  1330009   169909  1330207   169789  1330411   169339  1330789   169129  1331269   141871  1329529   476737   871177
  1103107   753001   476089  1024159   475831  1024249   475681  1024399   475429  1024669   475327  1024957   475051  1025281   474619  1025659   472051  1023871   396931
   514621   634717   865357   634441   865771   634237   866101   633877   866389   633187   867001   633001   867067   632629   867541   632257   867817   869119   865231
