   639949   860341   639439   860647   639337   860779   639151   861031   638959   861199   638467   861691   638161   861979   637909   862207   637669   634237   977209
   862441   481231  1018987   480979  1019071   480919  1019251   480661  1019647   479881  1020337   479581  1020529   479497  1020619   479371  1020751   749011   637597
   637471  1020847   176389  1323691   176161  1323997   175837  1324591   175411  1324957   175069  1325047   174859  1325557   174457  1328161   746101   479191   862567
   862669   479131  1325707   473227  1026847   472909  1027207   472261  1027987   472027  1028089   471931  1028191   471817   469207  1308547   174331  1020907   637369
   637129  1020997   174079  1028317   625267   874807   624829   875269   624721   875389   624517   875647   624277   876769   748717   471721  1325959   479041   862909
   863119   478879  1325977   471649   875779   622129   878041   621871   878239   621739   878359   621619   620647  1007527   624259  1028389   174061  1021159   636919
   636739  1021291   173539  1028557   623839   878737   463501  1036579   463291  1036831   462901  1041091   745939   621301   876199   471481  1326499   478747   863299
   863491   478741  1326607   471391   876607   621289  1037497   161521  1338661   161167  1339399   749347   462541   878749   623431  1028647   173431  1021297   636547
   636541  1021327   173347  1028737   623221   878797   462481  1338979   460711  1450297   339049   161059  1037557   621241   876817   471301  1326691   478711   863497
   863539   478651  1326889   471277   877111   621217  1037677   160627   628357   750019   871681  1339411   462361   878821   622927  1028761   173149  1021387   636499
   635989  1021621   172807  1029151   622639   879007   462271  1338277  1160989    49741  1039327   161761  1037767   621031   877399   470887  1327231   478417   864049
   864079   478411  1327237   470881   877879   882697  1032607   750691   161377  1338871   160639  1338517   467431   617341   622159  1029157   172801  1021627   635959
   635917  1021831   172741  1029247   880057   873787   754099   463459  1036747   463207  1037137   458947  1036537   626251   619981   470791  1327297   478207   864121
   864301   478189  1327351  1030411   616489   492511   621997   878167   621799   878299   621679   878419   879391   877909   883549   469627   172687  1021849   635737
   635731  1022191   172279  1025911   751321   625231   875209   624769   875317   624649   875521   624391   875761   623269   874771   474127  1327759   477847   864307
   864379  1025419  1321399   191491   473191  1027129   472831  1027777   472051  1028011   471949  1028107   471847  1028221  1030831  1026811   178639   474619   635659
   635599   470539   753937   176347  1323877   176041  1324201   175447  1324627   175081  1324969   174991  1325179   174481  1325581   171877  1323649  1029499   864439
  1088449   751027   481051  1019059   480967  1019119   480787  1019377   480391  1020157   479701  1020457   479509  1020541   479419  1020667   479287  1018807   411589
   522829   639697   860599   639391   860701   639259   860887   639007   861079   638839   861571   638347   861877   638059   862129   637831   862369   865801   860089
