   636739   863491   636541   863539   635989   864079   635917   864301   635731   864379   635599   864511   635359   864691   634969   865177   634807   632221   982321
   865321   478711  1021387   478417  1021627   478207  1021849   477847  1022467   477409  1022677   477277  1023019   476737  1023391   476467  1028107   744727   634717
   634681  1023721   172801  1327297   172687  1327759   172021  1328101   171877  1328479   171541  1328521   171427  1329067   170761  1330789   747157   476317   865357
   865597   476167  1329337   470689  1029487   470539  1029517   470461  1029859   470131  1030069   469747  1030411   469501   469237  1310599   170701  1023871   634441
   634267  1023949   170641  1030759   621679   878419   621301   878749   621241   878821   621031   879031   620869   879721   749347   469279  1329397   476089   865771
   865801   475879  1329499   469207   879391   619309   880981   619009   881191   618841   881449   618559   617971  1012861   620647  1030831   170539  1024159   634237
   633937  1024207   170509  1031299   620377   882247   460039  1040101   459847  1040407   459619  1041109   749011   617791   879661   468739  1329529   475831   866101
   866161   475789  1329541   468691   879679   617647  1040857   157747  1342519   157189  1346539   746101   459181   882391   620359  1031347   170497  1024249   633877
   633649  1024357   170239  1031461   620329   882451   459091  1342897   457189  1068559   724309   157141  1040947   617587   879709   468577  1329799   475681   866389
   866851   475639  1329871   468277   879799   617521  1041091   154417  1017139   750019   482899  1345621   458947   882517   620239  1031761   170167  1024399   633187
   633037  1024609   170029  1032211   619981   882529  1041919  1341097   775729   431479  1042849   158941   458119   617509   880057   467827  1330009   475429   867001
   867037   475369  1330129   467689   880219   883249   456109   753937   157519  1342849   153499  1342291  1043929   616789   619819  1032349   169909  1024669   633001
   632971  1024711   169831  1032397   885427   878041   751027   459937  1040191   459631  1040419   458929  1039999   621997   614611   467641  1330207   475327   867067
   867409   475081  1330249  1032709   612637   487177   619057   881029   618847   881197   618589   881479   882067   880729   887401   467329   169789  1024957   632629
   632497  1024987   168769  1025419   750691   621619   878737   621289   878797   621217   879007   621007   879169   620317   878359   474619  1331269   475051   867541
   867781  1025749  1325959   189439   470551  1029499   470521  1029577   470179  1029907   469969  1030291   469627  1030537  1030801  1029349   174079   474289   632257
   867829   466087   752881   172741  1327351   172279  1328017   171937  1328161   171559  1328497   171517  1328611   170971  1329277   169249  1327237  1033951   632209
   861079   755311   478651  1021621   478411  1021831   478189  1022191   477571  1022629   477361  1022761   477019  1023301   476647  1023571   471931  1021327   638959
   517717   636547   863497   636499   864049   635959   864121   635737   864307   635659   864439   635527   864679   635347   865069   634861   865231   867817   863299
