   649849   850261   649651   850537   649471   850891   649141   850951   648997   851197   648619   851647   648379   851749   648217   851839   648007   853999   746959
   852121   490201  1009927   489871  1010407   489571  1010509   489367  1010797   489157  1010929   489001  1011079   488947  1011217   488749   487177  1273417   647917
   647839  1011349   184489  1315591   184441  1315621   184309  1315747   184189  1315927   183829  1316347   183637  1316527   183361  1317259   749011   488689   852199
   852829   488641  1316779   481549  1018621   481387  1018789   481231  1018987   480979  1019071   480919  1019251   480661   478651  1290151   183259  1011397   647209
   646981  1011631   183067  1019647   633877   866389   633187   867001   633001   867067   632629   867541   632257   868051   749209   480391  1316971   488407   853057
   853159   488239  1317397   479881   867817   631549   868531   631399   868867   631039   869119   630907   870049   748711   632221  1020157   182641  1011799   646879
   646609  1011889   182587  1020337   632209   869137   471649  1028557   471391  1028737   471277   470791  1307731   630901   867829   479701  1317451   488149   853429
   854149   487891  1317571   479581   868111   630577  1029151   170497  1329799   170167  1335331   744301   470887   869461   631927  1020457   182467  1012147   645889
   645739  1012321   182341  1020529   631867   869689   470881  1330009   469747  1177621   602689   170029  1029157   630349   868171   479509  1317697   487717   854299
   854461   487489  1318147   479497   868177   630229  1029289  1345651   882961   750019   617077   154387   470749   869809   631861  1020541   181891  1012549   645577
   645571  1012591   181789  1020619   631789   869887  1032607   148201   897349   322417  1030291  1351837   467431   630151   868249   479419  1318249   487447   854467
   854629   487381  1318279   479371   868327   871987  1024249   755737   170239  1329871   164707  1329541   475789   628051   631711  1020667   181759  1012657   645409
   644977  1012981   181549  1020751   869587   625789   192307   471481  1028647   471301  1028761  1029247  1028389   874249   630451   479287  1318489   487057   855061
   855241   486637  1318579  1021291   627619   751327   631507   868639   631171   868999   630919   869131   629989   868489   872419   478747   181459  1013401   644797
   644767  1013527  1322227  1017307   750829   633649   866851   633037   867037   632971   867409   632497   867781   631987   866161   482731   177811   486511   855271
   855307  1018357   174457   209887   481417  1018651   481249  1018807   481051  1019059   480967  1019119   480787  1019377  1021387  1018489  1325581   481681   644731
   643927  1002577   751027   184447  1315597   184417  1315729   184291  1315849   184111  1316209   183691  1316401   183511  1316677   182779  1315549   497461   856111
   849127   226621   490111  1010167   489631  1010467   489529  1010671   489241  1010881   489109  1011037   488959  1011091   488821  1011289  1012861  1009837   650911
   753079   649777   850387   649501   850567   649147   850897   649087   851041   648841   851419   648391   851659   648289   851821   648199   852031   646039   850189
