   640579   859561   640369   859939   640027   860029   639949   860341   639439   860647   639337   860779   639151   861031   638959   861199   638467   862669   747889
   861691   481837  1018357   481549  1018621   481387  1018789   481231  1018987   480979  1019071   480919  1019251   480661  1019647   479881   476737  1292419   638347
   638161  1020337   176899  1323247   176629  1323529   176497  1323571   176461  1323649   176347  1323877   176041  1324201   175447  1325179   748711   479701   861877
   861979   479581  1324627   473899  1026199   473647  1026427   473377  1026811   473191  1027129   472831  1027777   472051  1028107   748801   175411  1020457   638059
   637909  1020529   175081  1028011   626611   873721   626251   874099   625789   874807   624829   875269   624721   624391   999721   472027  1324957   479509   862129
   862207   479497  1324969   471949   875389   623221   877111   622639   877879   622129   878041   621871   878299   748981   624649  1028089   175069  1020541   637831
   637669  1020619   174991  1028191   624517   878239   463921  1036291   463741  1036327   463627  1039069   747157   621799   875521   471847  1325047   479419   862369
   862441   479371  1325557   471817   875761   621679  1036459   162649  1337647   161761  1343311   744727   463579   878359   624277  1028221   174481  1020667   637597
   637471  1020751   174457  1028317   624259   878419   463501  1338397   462097  1480621   307339   161641  1036537   621619   875779   471721  1325581   479287   862567
   862909   479191  1325707   471649   876199   621301  1036579   161377   595261   750019   904777  1338661   463459   878737   623839  1028389   174331  1020847   637129
   636919  1020907   174079  1028557   623431   878749  1046191  1332361  1192699    19417  1037941   167677   453847   621289   876607   471481  1325959   479131   863119
   863299   479041  1325977   471391   876769   881479   450601   755311   162391  1338277   156727  1337389  1049437   618559   623269  1028647   174061  1020997   636739
   636547  1021159   173539  1028737   621217   616027   752881   463747  1036297   463711  1036411   460969  1036117   884011   878821   471301  1326499   478879   863491
   863497   478747  1326607  1033951  1125739   751057   622927   877399   622159   877909   621997   878167   621739   876817   374299   466087   173431  1021291   636541
   636499  1021297  1328017   462541   500317   626317   873787   625939   874249   625231   875209   624769   875317   875647   873427  1037497   172021   478741   863539
   864049  1024669   168451   751237   473839  1026391   473611  1026661   473227  1026847   472909  1027207   472261  1027987   471931  1026139  1331587   475369   635989
   869119  1015171   751327   176791  1323409   176509  1323541   176467  1323577   176389  1323691   176161  1323997   175837  1324591   174859  1323139   484867   630919
   625267   207619   481681  1018489   481417  1018651   481249  1018807   481051  1019059   480967  1019119   480787  1019377   480391  1020157  1023301  1018201   874771
   752149   640477   859669   640099   860011   640009   860089   639697   860599   639391   860701   639259   860887   639007   861079   638839   861571   637369   859459
