   642199   857959   641821   858457   641197   858961   640957   859267   640741   859459   640477   859669   640099   860011   640009   860089   639697   637471   971821
   860599   483097  1017007   482941  1017139   482731  1017319   482179  1018021   481861  1018201   481681  1018489   481417  1018651   481249   480979  1287361   639439
   639391  1018807   177949  1322149   177811  1322359   177601  1322449   177511  1322557   177427  1323139   176791  1323409   176509  1331437   741187   481231   860647
   860701   481051  1323541   475081  1024987   474757  1025419   474379  1025749   474151  1025911   473911  1026139   473839  1027207   748717   176497  1018987   639337
   639259  1019071   176467  1026391   627559   872647   627379   872737   627091   873079   626947   873109   626917   881197   741547   473647  1323571   480967   860779
   860887   480919  1323577   473611   873421   625231   875209   624769   875317   624649   875521   624277   623221  1001977   626617  1026427   176461  1019119   639151
   639007  1019251   176389  1026661   626611   875779   465211  1034959   465019  1035451   464539  1037497   747457   624259   873427   473377  1323649   480787   861031
   861079   480661  1323691   473227   873721   623839  1035571   164191  1335889   164089  1348129   737797   464467   876199   626317  1026811   176347  1019377   638959
   638839  1019647   176161  1026847   626251   876607   464257  1336057   463291  1078657   708109   163981  1035781   623431   873787   473191  1323877   480391   861199
   861571   479881  1323997   472909   874099   623269  1035949  1336417   994837   750019   505201   163621   464089   876769   625939  1027129   176041  1020157   638467
   638347  1020337   175837  1027777   625789   877111  1037767   151189   791929   421381  1036747  1348849   462271   622927   874249   472261  1324201   479701   861691
   861877   479581  1324591   472051   874771   878797   458797   762241   164149  1335949   151909  1335847  1041241   621241   625267  1027987   175447  1020457   638161
   638059  1020529   175411  1028011   875647   871477   752581   465079  1035019   464587  1035499   462541  1034827   628561   624391   472027  1324627   479509   861979
   862129   479497  1324957   471649   613849   498061   624829   875269   624721   875389   624517   875761   876817   874807   886189  1028389   175081  1020541   637909
   637831  1020619  1325557  1024711   758491   627391   872659   627301   872947   626959   873091   626929   873121   618841   872479   475327   174481   479419   862207
   862369  1020907   163309   751321   475051  1025281   474619  1025659   474289  1025887   474127  1026127   473899  1026199   472831  1024957  1336729   479131   637669
   863539  1013791   758851   177889  1322227   177679  1322437   177589  1322527   177481  1322611   176899  1323247   176629  1323529   168601  1322089   486247   636499
   854461   212677   483031  1017097   482899  1017307   482719  1017859   482017  1018177   481837  1018357   481549  1018621   481387  1018789  1019059  1016941   645577
   528217   642079   858217   641581   858841   641077   859081   640771   859297   640579   859561   640369   859939   640027   860029   639949   860341   862567   857839
