   646981   853159   646609   853999   645889   854299   645577   854467   645409   855061   644797   855271   644731   855391   644431   855697   644257   642877   961459
   855937   487717  1012549   487447  1012657   487177  1012981   486637  1013527   486397  1013791   486139  1014061   485701  1014451   485389   482941  1280761   644101
   643957  1014877   181759  1318489   181459  1318897   180871  1319191   180667  1319707   180259  1320031   180001  1320091   179827  1321357   747679   485161   856081
   856111   485131  1320301   479131  1020997   478879  1021291   478741  1021327   478651  1021621   478411  1021831   478189  1022467   748711   179737  1014907   643927
   643729  1015009   179659  1022191   631039   869119   630907   869137   630577   869587   630349   869809   630151   629737   989797   477847  1320379   485029   856309
   856909   484999  1320541   477409   870049   628861   871477   628399   871681   628267   871867   628051   872737   748831   629989  1022629   179497  1015039   643129
   643099  1015051   179317  1022677   629929   872017   469237  1030831   468739  1031347   468577  1032601   748801   628021   870109   477361  1320721   484987   856939
   857029   484867  1320751   477277   870271   627961  1031761   167521  1332547   167449  1332769   749809   468277   872077   629767  1022761   179287  1015171   643009
   642931  1015507   179167  1023019   629491   872227   467827  1332631   466261  1117027   666769   167407  1032211   627811   870547   477019  1320871   484531   857107
   857167   484489  1320931   476737   870589   627787  1032349  1342987   950527   750019   549511   157051   467689   872251   629449  1023301   179107  1015549   642871
   642487  1015627   178897  1023391   629137   872317  1032511   156727   833269   383011  1033777  1343311   467527   627721   870901   476647  1321141   484411   857551
   857581   484027  1321219   476467   871027   878737   465211   750229   167491  1332589   167269  1332517  1034827   621301   629011  1023571   178819  1016011   642457
   642217  1016227   178639  1023721   873079   619057   751237   469207  1031299   468691  1031461   467437  1030801   880981   626959   476317  1321399   483811   857821
   857827   483697  1321417  1025419   865357   751207   628561   871639   628357   871771   628171   871987   627301   871177   634681   474619   178621  1016341   642211
   642199  1016419  1321897   471481   510241   630919   869131   630901   869461   630451   869689   630229   869887   870301   868999  1028557   178141   483619   857839
   857959  1018201   173431   751327   479041  1021159   478747  1021297   478711  1021387   478417  1021627   478207  1021849   477571  1020907  1326607   481837   642079
   634861  1009201   752359   181549  1318579   181141  1319167   180847  1319371   180331  1319779   180007  1320037   179947  1320211   178681  1318279   490837   865177
  1072801   219277   487489  1012591   487381  1012861   487057  1013401   486511  1013641   486247  1013899   485977  1014337   485587  1014649  1017097  1012321   427237
   538579   646879   853429   646039   854149   645739   854461   645571   854629   644977   855241   644767   855307   644647   855607   644341   855781   857161   853057
