   648841   851419   648391   851659   648289   851821   648199   852031   647917   852199   647209   853057   646879   853429   646039   854149   645739   644767   958327
   854461   489001  1011079   488947  1011217   488749  1011349   488641  1011631   488239  1011889   487891  1012321   487489  1012591   487381  1014451   747457   645577
   645571  1012861   183637  1316527   183361  1316779   183067  1317259   182641  1317451   182467  1317697   181891  1318249   181759  1318489   749011   487177   854467
   854629   487057  1318579   480787  1019377   479881  1020337   479581  1020529   479497  1020619   479371  1020751   479191   478879  1291447   181459  1012981   645409
   644977  1013401   181141  1020907   632209   868051   631927   868171   631861   868249   631711   868489   631507   630577   987457   479131  1318897   486637   855061
   855241   486511  1319167   479041   868639   630349   869809   630151   870049   629929   870301   629491   627811   992281   631399  1020997   180871  1013527   644797
   644731  1013641   180847  1021291   631171   870589   470551  1029499   470521  1029577   470179   469207  1310599   629449   868867   478747  1319191   486397   855307
   855391   486247  1319371   478741   868999   629137  1029907   168769  1331437   168541  1332517   748831   470131   870901   631039  1021297   180667  1013791   644647
   644431  1013899   180331  1021327   630919   871027   469969  1331587   467689  1170781   611587   168451  1030069   629011   869119   478711  1319707   486139   855607
   855697   485977  1319779   478651   869131   628861  1030291  1336891   893917   750019   606121   163147   469747   871177   630907  1021387   180259  1014061   644341
   644257  1014337   180007  1021621   630901   871477  1033777   161641   888451   329257  1032349  1338397   466261   628561   869137   478417  1320031   485701   855781
   855937   485389  1320037   478411   869587   627787  1026199   751207   168601  1331497   167521  1331269   473839   872251   630451  1021627   180001  1014649   644101
   643957  1014877   179947  1021831   870271  1113187   189439   470539  1029517   470461  1029859  1030831  1029487   386851   629767   478207  1320091   485161   856081
   856111   485131  1320211  1022629   865801   507757   630229   869887   629989   870109   629737   870547   872227   869689   634237   477409   179827  1014907   643927
   643729  1015009  1325707  1016419   512581   631987   868111   631867   868177   631789   868327   631549   868531   869461   867829   483619   174331   485029   856309
   856909  1019647   170497   208591   480661  1020157   479701  1020457   479509  1020541   479419  1020667   479287  1020847  1021159  1019251  1329541   480391   643129
   856939   474757   751027   183511  1316677   183259  1316971   182779  1317397   182587  1317571   182341  1318147   181789  1318279   181549  1316401  1025281   643099
   846841   752581   488959  1011091   488821  1011289   488689  1011397   488407  1011799   488149  1012147   487717  1012549   487447  1012657   485587  1011037   653197
   541711   648619   851647   648379   851749   648217   851839   648007   852121   647839   852829   646981   853159   646609   853999   645889   854299   855271   851197
