   641821   858457   641197   858961   640957   859267   640741   859459   640477   859669   640099   860011   640009   860089   639697   860599   639391   861571   747889
   860701   482941  1017139   482731  1017319   482179  1018021   481861  1018201   481681  1018489   481417  1018651   481249  1018807   481051  1019119   749467   639337
   639259  1019059   177811  1322359   177601  1322449   177511  1322557   177427  1323139   176791  1323409   176509  1323541   176467  1323997   748717   480979   860779
   860887   480967  1323577   474619  1025659   474289  1025887   474127  1026127   473899  1026199   473647  1026427   473377   469501  1306489   176461  1019071   639151
   639007  1019251   176389  1026811   627301   872947   626959   873091   626929   873121   626617   873427   626317   877399   746101   473227  1323649   480787   861031
   861079   480661  1323691   473191   874099   624517   875647   624277   875779   623839   876607   623269   883579   742657   625939  1026847   176347  1019377   638959
   638839  1019647   176161  1027129   625789   876817   465019  1035451   464539  1035571   464257  1035949   749347   623221   874249   472909  1323877   480391   861199
   861691   479881  1324201   472831   874771   622927  1036027   163981  1336177   163771  1350127   736039   464011   877111   625267  1027207   175837  1020157   638347
   638161  1020337   175447  1027777   625231   877879   463921  1336417   462481  1097947   689629   163621  1036117   622159   874807   472261  1324591   479701   861877
   861979   479581  1324627   472051   875209   622129  1036291  1337299   977167   750019   522871   162739   463747   877909   624829  1027987   175411  1020457   638059
   637909  1020529   175081  1028011   624769   878041  1036747   148399   810409   402091  1037557  1351639   463291   621997   875269   472027  1324957   479509   862129
   862207   479497  1324969   471949   875317   879679   461437   763999   163861  1336267   149911  1336057  1038601   620359   624721  1028089   175069  1020541   637831
   637669  1020619   174991  1028107   624649   610801   750691   464587  1035499   464467  1035781   464089  1035019   889237   875389   471931  1325047   479419   862369
   862441   479371  1325179  1030831   869137   757381   624391   875761   624259   876199   623431   876769   616459   875521   630901   469207   174859  1020667   637597
   637471  1020751  1330909  1023391   753937   627091   873079   626947   873109   626917   873421   626611   873721   622639   872737   476647   169129   479287   862567
   862669  1021291   165931   193549   474379  1025749   474151  1025911   473911  1026139   473839  1026391   473611  1026661  1030537  1025419  1334107   478747   637369
   868171   475369   751321   177679  1322437   177589  1322527   177481  1322611   176899  1323247   176629  1323529   176497  1323571   176041  1322227  1024669   631867
   626251   750571   482899  1017307   482719  1017859   482017  1018177   481837  1018357   481549  1018621   481387  1018789   481231  1018987   480919  1017097   873787
   752149   641581   858841   641077   859081   640771   859297   640579   859561   640369   859939   640027   860029   639949   860341   639439   860647   638467   858217
