   656737   843331   656479   843649   655927   844321   655687   844507   655489   844639   655387   844771   655261   844927   655021   845599   654229   654001   940399
   846061   496687  1003369   496297  1003747   495877  1004209   495751  1004371   495637  1004449   495511  1004677   495301  1004749   495277   494647  1259767   653977
   653641  1004797   191491  1308589   191281  1308919   190921  1309129   190699  1309369   190537  1309531   190339  1309717   190207  1313329   746227   495241   846397
   846421   494959  1310041   488821  1011289   488689  1011397   488407  1011799   488149  1012147   487717  1012549   487447  1014877   746959   189997  1005079   653617
   653539  1005541   189961  1012657   640477   859669   640099   860011   640009   860089   639697   860599   639391   860701   749467   487381  1310077   494497   846499
   846577   494359  1310137   487177   860779   638161   861979   637909   862207   637669   862441   637471   865177   747157   639259  1012861   189901  1005679   653461
   653281  1005751   189529  1012981   639151   862669   478651  1021621   478411  1021831   478189  1022629   748801   637369   860887   487057  1310509   494287   846757
   846841   494107  1310599   486637   861031   637129  1022191   177679  1322437   177589  1323409   748981   477847   862909   639007  1013401   189439  1005931   653197
   652969  1005937   189229  1013527   638959   863119   477571  1322527   475681  1047367   727009   177511  1022467   636919   861079   486511  1310809   494101   847069
   847129   493807  1310851   486397   861199   636739  1022677  1332361  1001347   750019   498691   167677   477361   863299   638839  1013641   189187  1006231   652909
   652837  1006309   189139  1013791   638467   863491   477277   166471   773029   452671  1024357  1333567  1022761   636547   861571   486247  1310899   493729   847201
   847279   493567  1311097   486139   861691   864121  1020529   751057   177601  1322449   176629  1322359   479509   635917   638347  1013899   188941  1006471   652759
   652699  1006507   188911  1014061   886387   631861   751237   478417  1021627   478207  1021849   477409  1021387   868177   613651   485977  1311127   493531   847339
   847531   493177  1311181  1024249   611497   752881   638059   862129   637831   862369   637597   862567   634861   861877   888541   475789   188857  1006861   652507
   652417  1006879  1311721   470731   750571   640369   859939   640027   860029   639949   860341   639439   860647   639337   859561  1029307   188317   493159   847621
   847657  1011037   182587   753079   488749  1011349   488641  1011631   488239  1011889   487891  1012321   487489  1012591   485161  1011217  1317451   489001   652381
   848269   996631   753811   191449  1308757   191119  1309117   190909  1309339   190669  1309501   190507  1309699   190321  1309831   186709  1308547   503407   651769
   838837   240271   496669  1003741   496291  1004161   495829  1004287   495667  1004401   495589  1004527   495361  1004737   495289  1004761  1005391  1003351   661201
   559639   656707   843559   656389   844111   655717   844351   655531   844549   655399   844651   655267   844777   655111   845017   654439   845809   846037   843301
