   655261   844927   655021   845599   654229   846037   653977   846397   653617   846499   653461   846757   653197   847069   652909   847201   652759   849217   746227
   847339   495361  1004737   495289  1004761   495241  1005079   494647  1005541   494359  1005751   494107  1005937   493807  1006309   493567   492319  1263511   652699
   652507  1006507   190321  1309831   189997  1310077   189901  1310509   189439  1310809   189187  1310899   188941  1311127   188857  1318279   742111   493531   847531
   847621   493177  1311259   487381  1012861   487057  1013401   486511  1013641   486247  1013899   485977  1014337   485587  1014877   748471   188779  1006861   652417
   652381  1006879   188491  1014649   639007   861079   638839   861571   638347   861877   638059   862129   637831   862669   748801   485389  1311547   493159   847657
   847681   493147  1311721   485131   862369   636541   863539   635989   864079   635917   864301   635731   865357   748717   637669  1014907   188317  1006891   652357
   651811  1007059   188137  1015009   637597   864379   476467  1023721   476167  1023949   475879   475831  1298119   635659   862441   485029  1311901   492979   848227
   848269   492901  1312027   484999   862567   635599  1024249   176497  1323571   176461  1326607   746959   475789   864439   637471  1015039   188011  1007137   651769
   651481  1007317   187861  1015051   637129   864511   475681  1323649   474151  1445887   330019   176389  1024357   635527   862909   484987  1312177   492721   848557
   848599   492511  1312351   484867   863119   635359  1024399  1324591   605887   750019   894151   175447   475639   864679   636919  1015171   187687  1007527   651439
   651331  1007971   187477  1015507   636739   864691  1026127   172279  1170019    54151  1025887  1327759   473911   635347   863299   484531  1312561   492067   848707
   848791   492061  1312567   484489   863491   866851  1021291   753079   176467  1323577   173431  1323541   478747   633187   636547  1015549   187471  1007977   651247
   651181  1008031   187171  1015627   867817   630919   201919   476317  1023871   476089  1024159  1024207  1023571   869119   632221   484411  1312867   492007   848857
   848941   491857  1313161  1017319   629137   751321   636499   864049   635959   864121   635737   864307   634681   863497   870901   482719   186877  1008181   651097
   651019  1008187  1332847   478651   751237   638959   861199   638467   861691   638161   861979   637909   862207   637369   861031  1021387   167191   491851   849019
   849127  1009201   156967   751567   487177  1012981   486637  1013527   486397  1013791   486139  1014061   485701  1014451   485161  1012657  1343071   490837   650911
   649651  1001629   757927   190207  1310041   189961  1310137   189529  1310599   189229  1310851   189139  1311097   188911  1311181   181759  1309717   498409   850387
   843559   236527   495301  1004749   495277  1004797   494959  1005391   494497  1005679   494287  1005931   494101  1006231   493729  1006471  1007719  1004677   656479
   753811   655111   845017   654439   845809   654001   846061   653641   846421   653539   846577   653281   846841   652969   847129   652837   847279   650821   844777
