   658051   842449   657451   842599   657061   843079   656809   843289   656737   843331   656479   843649   655927   844321   655687   844507   655489   652969   940477
   844639   497557  1002487   497521  1002577   497269  1003039   496897  1003291   496687  1003369   496297  1003747   495877  1004209   495751  1004401   749347   655399
   655387  1004371   192307  1307767   192229  1308247   191707  1308367   191509  1308547   191449  1308757   191119  1309117   190909  1311097   747157   495667   844651
   844771   495589  1309339   489571  1010509   489367  1010797   489157  1010929   489001  1011079   488947  1011217   488749  1019377   741547   190699  1004449   655267
   655261  1004527   190669  1011349   642079   858217   641581   858841   641077   859081   640771   859297   640579   639007   969679   488689  1309369   495511   844777
   844927   495361  1309501   488407   859561   639439   860701   639259   860887   638959   861199   638467   637471   973789   640477  1011631   190537  1004677   655111
   655021  1004737   190507  1011799   640369   861691   479191  1020907   479041  1021159   478747  1021621   749467   638347   859669   488239  1309531   495301   845017
   845599   495289  1309699   488149   859939   638161  1021297   178561  1321549   178327  1322449   749209   478741   861877   640099  1011889   190339  1004749   654439
   654229  1004761   190321  1012147   640027   861979   478711  1321897   476647  1076731   696679   178141  1021327   638059   860011   487891  1309717   495277   845809
   846037   495241  1309831   487717   860029   637909  1021387  1330207   970051   750019   529987   169831   478651   862129   640009  1012321   190207  1004797   654001
   653977  1005079   189997  1012549   639949   862207  1024357   168601   803359   423307  1023391  1331437   475681   637831   860089   487489  1310041   494959   846061
   846397   494647  1310077   487447   860341   636547   474619   750829   178489  1321711   177589  1321477  1025419   863491   639697  1012591   189961  1005391   653641
   653617  1005541   189901  1012657   860647  1085989   750571   479131  1020997   478879  1021291   478417  1020847   414049   639391   487381  1310137   494497   846421
   846499   494359  1310509   484027   856909   526249   639337   860779   639151   861079   638839   861571   862567   860599   643129  1016011   189529  1005679   653539
   653461  1005751   189229  1005937   530359   641821   858457   641197   858961   640957   859267   640741   859459   861031   857959   494101  1310809   494287   846577
   846757  1008181  1305517   758491   489529  1010671   489241  1010881   489109  1011037   488959  1011091   488821  1011289   480661  1010467   194521   491857   653281
   651811   488641   752881   192271  1307809   191791  1308331   191671  1308529   191491  1308589   191281  1308919   190921  1309129   188941  1307731  1011397   848227
  1034359   750691   497551  1002517   497461  1002769   496999  1003141   496747  1003351   496669  1003741   496291  1004161   495829  1004287   495637  1002481   465679
   559561   657589   842587   657439   842977   656959   843229   656749   843301   656707   843559   656389   844111   655717   844351   655531   844549   847069   841987
