   657589   842587   657439   842977   656959   843229   656749   843301   656707   843559   656389   844111   655717   844351   655531   844549   655399   655111   938107
   844651   497551  1002517   497461  1002769   496999  1003141   496747  1003351   496669  1003741   496291  1004161   495829  1004287   495667  1006471   746671   655387
   655267  1004401   192307  1307767   192229  1308247   191707  1308367   191509  1308547   191449  1308757   191119  1309117   190909  1311097   747157   495637   844771
   844777   495589  1309339   489529  1010671   489241  1010881   489109  1011037   488959  1011091   488821  1011289   488689  1017139   743791   190699  1004449   655261
   655021  1004527   190669  1011397   641821   858457   641197   858961   640957   859267   640741   859459   640477   861031   747841   488641  1309369   495511   845017
   845599   495361  1309501   488407   859669   639391   860701   639259   860887   638959   861199   638347   637831   973597   640369  1011631   190537  1004677   654439
   654229  1004737   190507  1011799   640099   861877   479191  1020907   479041  1021159   478747  1021621   749467   638161   859939   488239  1309531   495301   845809
   846037   495289  1309699   488149   860011   638059  1021297   178621  1321429   178561  1333687   737797   478741   861979   640027  1011889   190339  1004749   654001
   653977  1004761   190321  1012321   640009   862129   478711  1321549   477019  1024207   748831   178489  1021327   637909   860029   487717  1309717   495277   846061
   846397   495241  1309831   487489   860089   637669  1021387   171937  1021831   750019   478207  1328101   478651   862369   639949  1012549   190207  1004797   653641
   653617  1005079   189997  1012591   639697   862441  1024357  1315747   751207   475831  1023019   184291   475681   637597   860341   487447  1310041   494959   846421
   846499   494647  1310077   487381   860599   872947   474619   762241   178609  1321477   166351  1321417  1025419   627091   639439  1012657   189961  1005391   653539
   653461  1005541   189901  1012861   638467   849217   750571   479131  1020997   478879  1021291   478417  1020847   650821   861571   487177  1310137   494497   846577
   846757   494359  1310509   486139   857551   526441   639337   860779   639151   861079   638839   861691   862207   860647   642487  1013899   189529  1005679   653281
   653197  1005751   189229  1005937   752197   641581   858841   641077   859081   640771   859297   640579   859561   639007   858217   494101  1310809   494287   846841
   847069  1006231  1305517   756247   489367  1010797   489157  1010929   489001  1011079   488947  1011217   488749  1011349   482899  1010509   194521   493807   652969
   850897   487891   752881   192271  1307809   191791  1308331   191671  1308529   191491  1308589   191281  1308919   190921  1309129   188941  1307731  1012147   649141
   833389   753367   497521  1002577   497269  1003039   496897  1003291   496687  1003369   496297  1003747   495877  1004209   495751  1004371   493567  1002487   666649
   561931   657451   842599   657061   843079   656809   843289   656737   843331   656479   843649   655927   844321   655687   844507   655489   844639   844927   842449
