   651097   849019   650911   849217   650347   849721   650107   849967   650017   850027   649849   850261   649651   850537   649471   850891   649141   851419   748711
   850951   491539  1008541   491167  1008901   491059  1009189   490837  1009501   490417  1009837   490111  1010167   489631  1010467   489529   487381  1272049   649087
   648997  1010671   186157  1314169   185821  1314301   185677  1314571   185167  1315081   184879  1315549   184447  1315597   184417  1336561   727891   489367   851041
   851197   489241  1315729   483031  1017097   482899  1017307   482719  1017859   482017  1018177   481837  1018357   481549  1021291   746107   184309  1010797   648841
   648391  1010881   184291  1018621   635347   865069   634861   865231   634717   865357   634441   865771   634237   633877   981301   481417  1315747   489157   851647
   851659   489109  1315849   481387   866101   632497   867781   632221   867829   631987   868111   631867   868531   749347   633937  1018651   184189  1010929   648379
   648289  1011037   184111  1018789   633649   868177   472909  1027207   472261  1027987   472027  1028761   748981   631861   866389   481249  1315927   489001   851749
   851821   488959  1316209   481231   866851   631789  1028089   171937  1328161   171559  1328497   749941   471949   868249   633187  1018807   183829  1011079   648217
   648199  1011091   183691  1018987   633037   868327   471931  1328521   470731  1394707   384619   171517  1028107   631711   867001   481051  1316347   488947   851839
   852031   488821  1316401   480979   867037   631549  1028191  1330411   663907   750019   836131   169627   471847   868489   633001  1019059   183637  1011217   648007
   647917  1011289   183511  1019071   632971   868639   471817   169129  1115419   105331  1029307  1330909  1028221   631399   867067   480967  1316527   488749   852121
   852199   488689  1316677   480919   867409   872251  1026139   750097   171877  1328479   171541  1328101   473899   627787   632629  1019119   183361  1011349   647839
   647209  1011397   183259  1019251   630919   626251   751057   472831  1027777   472051  1028011   471277  1027129   873787   869119   480787  1316779   488641   852829
   853057   488407  1316971   479041  1098151   750691   632257   867817   632209   868051   631927   868171   631507   867541   401887  1020997   183067  1011631   646981
   646879  1011799   178561  1015009   518737   634969   865177   634807   865321   634681   865597   634267   865801   866161   864691   485029  1321477   488239   853159
   853429  1014877  1296721   753931   482941  1017139   482731  1017319   482179  1018021   481861  1018201   481681  1018489   478747  1017007   203317   485161   646609
   857551  1004527   772147   185869  1314217   185737  1314361   185467  1314871   184957  1315159   184489  1315591   184441  1315621   163477  1313881   495511   642487
   638161   227989   491497  1008871   491137  1008979   490849  1009201   490537  1009621   490201  1009927   489871  1010407   489571  1010509  1012657  1008499   861877
   751327   651019   849127   650821   849691   650317   849931   650071   850021   650011   850189   649777   850387   649501   850567   649147   850897   648619   848941
