   653461   846757   653197   847069   652909   847201   652759   847339   652507   847621   652381   847681   651811   848269   651481   848599   651331   650347   947641
   848791   494101  1006231   493729  1006471   493531  1006861   493159  1006891   492979  1007137   492721  1007527   492319  1007971   492061  1010407   746227   651247
   651181  1008031   188941  1311127   188857  1311259   188491  1311721   188137  1312027   187861  1312351   187477  1312567   187171  1313827   748471   492007   848857
   848941   491857  1313161   485389  1014877   485131  1015009   484999  1015051   484867  1015507   484489  1015627   484027  1018987   746287   186877  1008181   651097
   651019  1008187   186799  1016227   637597   862567   637369   862909   636919   863299   636547   863497   636499   867067   745939   483811  1313239   491851   849019
   849127   491707  1313311   483697   864049   635527   864679   635347   865069   634861   865321   634681   632629   982057   635989  1016341   186727  1008331   650911
   650821  1008499   186709  1016419   635959   865597   475369  1024711   475081  1024987   474757  1025419   749809   634441   864079   483619  1313329   491539   849217
   849721   491497  1313359   483541   864121   634267  1025659   175069  1325047   174859  1327231   747889   474379   865771   635917  1016497   186679  1008541   650317
   650107  1008871   186469  1016641   635737   865801   474289  1325557   472261  1157977   619819   174481  1025749   634237   864301   483397  1313569   491167   849931
   849967   491137  1313881   483289   864307   633937  1025887  1329799   897577   750019   602461   170239   474151   866101   635731  1016749   186157  1008901   650071
   650017  1008979   185869  1016941   635659   866161  1028011   167521   880219   342061  1027777  1332517   472027   633877   864379   483097  1314169   491059   850021
   850027   490849  1314217   483031   864439   868531   470689   752149   174991  1325179   172807  1324969  1029349   631507   635599  1017007   185821  1009189   650011
   649849  1009201   185737  1017097   865231   862369   750229   475327  1024957   475051  1025281   474619  1024669   637669   634807   482941  1314301   490837   850189
   850261   490537  1314361  1020847   629011   517981   635359   864691   634969   865177   634717   865357   867409   864511   871027   479191   185677  1009501   649777
   649651  1009621  1322557   473377   754099   637471   862669   637129   863119   636739   863491   636541   863539   632971   862441  1026661   177481   490417   850387
   850537   488689   173347   753751   485161  1014907   485029  1015039   484987  1015171   484531  1015549   484411  1016011   481051  1014649  1326691  1011349   649501
   851197  1004749   751567   188911  1311181   188779  1311547   188317  1311901   188011  1312177   187687  1312561   187471  1312867   186211  1311097   495289   648841
   843289   753811   493807  1006309   493567  1006507   493177  1006879   493147  1007059   492901  1007317   492511  1007719   492067  1007977   489631  1005937   656749
   552397   653281   846841   652969   847129   652837   847279   652699   847531   652417   847657   652357   848227   651769   848557   651439   848707   849691   846577
