   658591   841459   658159   841921   658111   841987   657589   842587   657439   842977   656959   843229   656749   843301   656707   843559   656389   655111   937537
   844111   497977  1002109   497689  1002361   497587  1002481   497551  1002517   497461  1002769   496999  1003141   496747  1003351   496669   496297  1256617   655927
   655717  1003747   192931  1307161   192817  1307281   192601  1307539   192307  1307767   192229  1308247   191707  1308367   191509  1311721   746101   496291   844321
   844351   495877  1308547   490537  1009621   490201  1009927   489871  1010407   489571  1010509   489367  1010797   489157   486511  1273771   191491  1004161   655687
   655531  1004209   191449  1010929   642871   857551   642457   857821   642211   857839   642079   858217   641581   637471   970111   489109  1308589   495829   844507
   844549   495751  1308757   489001   858841   640369   859939   640027   860029   639949   860341   639439   637597   972481   641197  1011037   191281  1004287   655489
   655399  1004371   191119  1011079   641077   860647   479581  1020529   479497  1020619   479371  1021327   749209   639391   858961   488959  1308919   495667   844639
   844651   495637  1309117   488947   859081   639337  1020751   178681  1321399   178621  1329067   742327   479287   860701   640957  1011091   190921  1004401   655387
   655267  1004449   190909  1011217   640771   860779   479191  1321429   478189  1024711   747157   178609  1020847   639259   859267   488821  1309129   495589   844771
   844777   495511  1309339   488749   859297   639151  1020907   176347  1018987   750019   481051  1323691   479131   860887   640741  1011289   190699  1004527   655261
   655021  1004677   190669  1011349   640579   861031  1026847  1315927   752881   475327  1021849   184111   473191   639007   859459   488689  1309369   495361   845017
   845599   495301  1309501   488641   859561   638059   472027   757711   178639  1321417   170971  1321357  1028011   861979   640477  1011397   190537  1004737   654439
   654229  1004749   190507  1011631   636547  1083241   750829   479509  1020541   479419  1020667   478711  1020457   416797   863491   488407  1309531   495289   845809
   846037   495277  1309699  1015009  1081657   527557   640099   860011   640009   860089   639697   860599   862441   859669   418381   485029   190339  1004761   654001
   653977  1004797   186727  1006891   529927   642487   857581   642217   857827   642199   857959   641821   858457   862567   857167   493147  1313311   495241   846061
   846397  1013401  1307077   226267   490417  1009837   490111  1010167   489631  1010467   489529  1010671   489241  1010881  1013527  1009501   192961   486637   653641
   847279   991171   753937   192877  1307221   192757  1307437   192499  1307731   192271  1307809   191791  1308331   191671  1308529   188317  1307107   508867   652759
   836377   243421   497929  1002349   497677  1002451   497557  1002487   497521  1002577   497269  1003039   496897  1003291   496687  1003369  1003741  1002061   663661
   562501   658579   841879   658117   841927   658051   842449   657451   842599   657061   843079   656809   843289   656737   843331   656479   843649   844927   841447
