   667441   832621   667351   832717   667309   832957   666937   833269   666649   833479   666529   833737   666091   834007   665857   834277   665569   662407   921157
   834511   507499   992689   507301   993241   506791   993589   506131   993919   505969   994369   505537   994579   505339   994711   505321   995881   747457   665527
   665251   994837   201151  1298989   201031  1299169   200689  1299367   200587  1299601   200407  1299637   200329  1299811   200017  1303879   745621   505201   834787
   834859   505159  1300129   499021  1001107   498691  1001569   498409  1001977   497989  1002061   497929  1002349   497677  1002487   748981   199909   994879   665179
   665089   994927   199741  1002451   652417   847657   652357   848227   651769   848557   651439   848707   651247   640741   957091   497587  1300297   505111   834949
   834991   504871  1300309   497557   848857   650107   849967   650017   850027   649849   850261   649651   649501   950791   651181  1002481   199729   995167   665047
   664789   995377   199567  1002517   651097   850567   488959  1011091   488821  1011289   488689   480967  1280317   649471   848941   497521  1300471   504661   835249
   835327   504607  1300609   497461   849019   649147  1011397   188317  1311901   188011  1315927   745939   488641   850891   651019  1002577   199429   995431   664711
   664669   995791   199399  1002769   650911   850897   488407  1312177   486511  1029157   734389   187861  1011631   649141   849127   497269  1300639   504247   835369
   835441   504151  1300681   496999   849217   649087  1011799   187171   997897   750019   502141  1312867   488239   850951   650821  1003039   199357   995887   664597
   664579   996049   199267  1003141   650347   851041  1030759  1308331   765649   470881  1013527   191707   469279   648997   849691   496897  1300771   503989   835459
   835489   503929  1301017   496747   849721   648289   999091   754099   188137  1312027   184111  1311721   500947   851749   650317  1003291   199021   996109   664549
   664507   996169   198817  1003351   645739  1051789   219721   488947  1011217   488749  1011349  1019071  1011079   448249   854299   496687  1301221   503869   835531
   835897   503851  1301467  1003369  1059937   549247   650071   850021   650011   850189   649777   850387   850537   849931   440101   496669   198571   996187   664141
   663991   996211  1308247   493807   542947   652381   847681   651811   848269   651481   848599   651331   848791   859297   847621  1006231   191791   503827   836047
   836071  1007137   185467   751057   498931  1001347   498469  1001629   498061  1002049   497977  1002109   497689  1002361   497551  1001017  1314571   492901   663967
   662899   487177   754417   201049  1299007   200869  1299349   200671  1299451   200437  1299631   200401  1299709   200227  1300021   196159  1298887  1012861   837139
  1005679   752581   507349   992737   506797   993247   506449   993907   506119   994069   505669   994501   505459   994699   505327   994717   504157   992539   494359
   578881   667417   832687   667321   832729   667081   833101   666769   833389   666559   833509   666301   833947   666031   834181   665761   834469   837631   832597
