   668509   831631   668209   832297   667699   832477   667519   832597   667417   832687   667321   832729   667081   833101   666769   833389   666559   660271   922099
   833509   508297   991867   508129   991951   507757   992371   507589   992539   507349   992737   506797   993247   506449   993907   506119   994369   748849   666529
   666301   994069   201919  1298131   201889  1298191   201709  1298371   201547  1298887   201049  1299007   200869  1299349   200671  1301017   747679   505969   833737
   833947   505537  1299451   499957  1000159   499747  1000579   499189  1000921   499039  1001017   498931  1001569   498409   496669  1254061   200587   994501   666091
   666031   994579   200437  1001977   653461   846757   653197   847069   652909   847201   652759   847339   652507   646981   950029   498061  1299601   505459   834007
   834181   505339  1299631   497989   847621   651247   848857   651097   849019   650911   849217   650347   648199   951277   652417  1002049   200407   994699   665857
   665761   994711   200401  1002061   652381   849721   489571  1010509   489367  1010797   489157   489001  1271731   650317   847657   497977  1299637   505327   834277
   834469   505321  1299709   497929   847681   650107  1010929   189229  1310851   189139  1322527   738349   489109   849931   652357  1002109   200329   994717   665569
   665527   994837   200227  1002349   651811   849967   488959  1311097   487447  1183951   578659   188941  1011079   650071   848227   497689  1299811   505201   834511
   834787   505159  1300021   497677   848269   650017  1011091  1311181   841231   750019   658807   188857   488947   850021   651769  1002361   200017   994879   665251
   665179   994927   199909  1002451   651481   850027  1011349   176899   921379   316087  1012591  1323139   488689   650011   848557   497587  1300129   505111   834859
   834949   504871  1300297   497557   848599   855307  1009927   761689   189187  1310899   177511  1310809   490111   644731   651439  1002481   199741   995167   665089
   665047   995377   199729  1002487   848707   845017   228307   489529  1010671   489241  1010881  1011037  1010467   655021   651331   497551  1300309   504661   834991
   835249   504607  1300471  1004527   850189   548761   651181   848941   651019   849127   650821   849691   851839   848791   649849   495511   199567   995431   664789
   664711   995791   198277   997309   550009   653281   846841   652969   847129   652837   847279   652699   847531   853057   846577   502729  1301761   504247   835327
   835369   997021  1297447   245977   499879  1000291   499459  1000849   499117  1000999   499021  1001107   498469  1001629  1003369  1000081   202591   503017   664669
   659059   498691   752359   201907  1298149   201847  1298329   201667  1298491   201151  1298989   201031  1299169   200689  1299367   199021  1298119  1001347   840979
  1009837   751189   508171   991909   508087   992281   507667   992449   507499   992689   507301   993241   506791   993589   506131   993919   505669   991741   490201
   577939   668407   831829   667741   832339   667561   832519   667441   832621   667351   832717   667309   832957   666937   833269   666649   833479   839767   831529
