   665527   834787   665179   834949   665047   835249   664711   835369   664597   835459   664549   835531   664141   836047   663967   836131   663661   836449   749011
   836491   505111   995167   504661   995431   504247   995881   504151   996049   503929   996169   503851   996211   503551   996631   503389   497557  1248337   663547
   663541   996811   199567  1300609   199399  1300681   199267  1301017   198817  1301467   198337  1301761   198259  1301929   198097  1302391   748687   503227   836497
   836509   503197  1302079   496999  1003141   496747  1003351   496669  1003741   496291  1004161   495829  1004287   495667   495277  1258087   197959   996841   663529
   663331   997021   197887  1004401   650107   849967   650017   850027   649849   850261   649651   850537   649471   641821   958501   495637  1302151   503017   836707
   837139   502819  1302349   495589   850891   648379   851749   648217   851839   648007   852121   647839   855061   746959   649147  1004449   197689   997219   662899
   662671   997267   197641  1004527   649141   852829   487177  1012981   486637  1013527   486397   483097  1280317   647209   850897   495511  1302397   502771   837367
   837631   502729  1302667   495361   850951   646981  1013791   185869  1314217   185737  1323691   740581   486247   853057   649087  1004677   197371   997309   662407
   662107   997369   197299  1004737   648997   853159   486139  1314361   484411  1053817   711829   185677  1013899   646879   851041   495301  1302739   502669   837931
   837979   502441  1302901   495289   851197   646609  1014061  1314571   977437   750019   522601   185467   485977   853429   648841  1004749   197137   997597   662059
   661939   997609   197101  1004797   648619   853999  1014337   175837   788209   446221  1015627  1324201   485701   646039   851419   495241  1302937   502429   838099
   838141   502339  1303321   494959   851647   855697  1014907   759457   185821  1314301   176347  1314169   485131   644341   648391  1005079   196717   997699   661897
   661477   997897   196501  1005391   642931   639439   219721   487057  1013401   486511  1013641  1016941  1012861   860599   857107   494647  1303537   502141   838561
   838711   501967  1303867  1007719  1064191   753079   648289   851821   648199   852031   647917   852199   644977   851659   435847   492319   196171   998071   661327
   661267   998197   195457   998527   541537   650071   850021   650011   850189   649777   850387   649501   850567   858217   849931   501511  1304581   501841   838771
   838807   498931  1300297   241951   496897  1003291   496687  1003369   496297  1003747   495877  1004209   495751  1004371  1004761  1003039   199741  1001107   661231
   840139  1496917   751351   199429  1300639   199357  1300771   199021  1301221   198571  1301701   198277  1301779   198109  1301941   197647  1300471     3121   659899
   655927   251701   504871   995377   504607   995791   504157   995887   503989   996109   503869   996187   503827   996487   503407   996649  1002481   994927   844111
   751027   665251   834859   665089   834991   664789   835327   664669   835441   664579   835489   664507   835897   663991   836071   663907   836377   663589   834511
