   666031   834181   665761   834469   665527   834787   665179   834949   665047   835249   664711   835369   664597   835459   664549   835531   664141   837367   747457
   836047   505339   994711   505321   994837   505159   994927   504871   995377   504607   995791   504157   995887   503989   996109   503869   502771  1242601   663991
   663967   996187   200227  1300021   199909  1300297   199729  1300471   199429  1300639   199357  1300771   199021  1301221   198571  1302151   748471   503851   836071
   836131   503827  1301701   497551  1002517   497461  1002769   496999  1003141   496747  1003351   496669  1003741   496291  1004161   748849   198337   996211   663907
   663661   996487   198277  1004209   650821   849691   650317   849931   650071   850021   650011   850189   649777   648379   951001   495829  1301761   503551   836377
   836449   503407  1301779   495751   850387   648841   851419   648391   851749   648199   852031   647917   854467   747157   649651  1004287   198259   996631   663589
   663547   996649   198109  1004371   649501   852199   487489  1012591   487381  1012861   487057   486637  1276117   647839   850537   495667  1301929   503389   836491
   836497   503227  1301941   495637   850567   647209  1013527   186709  1313359   186469  1314871   748687   486511   852829   649471  1004401   198097   996811   663541
   663529   996841   197959  1004449   649147   853057   486397  1313827   484867  1019251   745939   186211  1013641   646981   850891   495589  1302079   503197   836509
   836707   503017  1302349   495511   850897   646879  1013791  1314571  1011091   750019   488947   185467   486247   853159   649141  1004527   197689   997021   663331
   662899   997219   197647  1004677   649087   853429  1014337   183637   754099   480787  1015171  1316401   485701   646609   850951   495361  1302391   502819   837139
   837631   502729  1302397   495301   851041   855307  1010671   751351   186679  1313569   185167  1313329   489367   644731   648997  1004737   197641   997309   662407
   662107   997369   197371  1004749   648217   640369   223921   487447  1012657   487177  1012981  1013401  1012549   859669   851821   495289  1302667   502669   837931
   837979   502441  1302739  1008031  1051507   752881   648619   851647   648289   851839   648007   852121   645571   851197   448531   492007   197299   997597   662059
   661939   997609  1307281   488821   549037   650347   849721   650107   849967   650017   850027   649849   850261   851659   849217  1011217   192757   502429   838099
   838141   502339   188941   751189   497521  1002577   497269  1003039   496897  1003291   496687  1003369   496297  1003747   495877  1002487  1311097   997699   661897
   661009  1488199   751567   200017  1300129   199741  1300309   199567  1300609   199399  1300681   199267  1301017   198817  1301467   197887  1299811    11839   839029
   833509   257437   505327   994717   505201   994879   505111   995167   504661   995431   504247   995881   504151   996049   503929   996169   997267   994699   666529
   752581   665857   834277   665569   834511   665251   834859   665089   834991   664789   835327   664669   835441   664579   835489   664507   835897   662671   834007
