   678949   821131   678871   821209   678757   821461   678541   821809   678211   821869   677959   822259   677647   822667   677311   823051   676909   829639   742111
   823177   516457   983617   516247   983881   516127   984121   515839   984301   515701   984427   515371   984847   514819   985291   514639   985921   748717   676861
   676807   985417   213079  1287157   212677  1287757   212239  1287829   212029  1288171   211789  1288291   211507  1288597   211339  1296277   741547   514621   823231
   823651   514519  1289077   509689   990469   509449   990799   509149   990967   508969   991129   508867   991567   508297   506119  1234777   210961   985519   676387
   676297   985639   210709   991867   663661   836449   663547   836497   663529   836707   662899   837367   662407   659437   927709   508171  1289329   514399   823741
   823759   514309  1289551   508129   837931   661231   838837   661099   839029   660817   839227   660769   660601   928561   662107   991909   210487   985729   676279
   676219   985819   210481   992281   662059   839491   499021  1001107   498691  1001569   498409  1002487   748849   660547   837979   507757  1289557   514219   823819
   823969   514057  1289677   507667   838099   660271  1001977   198277  1301779   198109  1314301   737629   498061   839767   661939   992371   210361   985981   676069
   676057   986047   210187   992449   661897   840139   497989  1301941   496999  1085317   667741   198097  1002049   659899   838141   507589  1289851   513991   823981
   824029   513937  1289881   507499   838561   659761  1002061   194977   920761   750019   579277  1305061   497977   840277   661477   992539   210157   986101   676009
   675859   986197   210019   992689   661327   840571   496897  1292491   832297   414721  1003039   207547  1003141   659467   838711   507349  1290019   513841   824179
   824287   513781  1290109   507301   838771   658579  1000999   762409   198259  1301929   185737  1301761   499039   841459   661267   992737   209929   986257   675751
   675601   986509   209887   993241   842977  1018651   751189   498931  1001347   498469  1001629   497551  1001017   481387   657061   506797  1290151   513529   824437
   824497   513439  1290319   994717   832597   571477   661201   838939   661009   839221   660811   839269   839437   838807   667441   505321   209719   986599   675541
   675391   986641   209569   987457   572329   663589   836491   663541   836509   663331   837139   662671   837631   840601   836377   512581  1290469   513397   824647
   825109   988147  1279249   265261   509569   990589   509239   990889   509071   991069   508909   991171   508471   991741   993919   990349   220789   511891   674929
   673837   508087   758491   212881  1287361   212281  1287799   212209  1288009   211867  1288249   211747  1288531   211441  1288699   203761  1286959   991951   826201
   814939   751321   516421   983791   516157   983911   515917   984199   515737   984337   515611   984667   515191   985219   514747   985399   514117   983581   685099
   757927   678907   821167   678829   821281   678577   821497   678229   821827   678169   822079   677779   822391   677371   822727   676987   823129   670399   821089
