   674761   825337   674677   825577   674299   826087   673837   826699   673327   826831   673117   826927   672811   827251   672577   827539   672439   672181   904087
   827767   512497   987979   512047   988129   511891   988237   511579   988489   511447   988651   511327   988759   511201   988861   511087   509071  1229071   672271
   672229   989119   208129  1292029   207709  1292419   207547  1292737   207037  1293619   206299  1293757   206209  1293841   206077  1298149   744727   510919   827809
   827941   510691  1294081   505111   995167   504661   995431   504247   995881   504151   996049   503929   996169   503851   502669  1242931   205957   989347   672097
   671971   989419   205951   996211   658969   841207   658807   841447   658579   841879   658117   841927   658051   656737   934489   503827  1294087   510619   828067
   828127   510481  1294201   503551   842449   656707   843559   656389   844111   655717   844351   655531   653617   940189   657589   996487   205837   989557   671911
   671401   989581   205477   996631   657451   844549   495289  1004761   495241  1005079   494647   491857  1263259   655489   842587   503407  1294561   510457   828637
   829399   510319  1294597   503389   842599   655399  1005541   193939  1306267   193549  1307539   748801   494497   844639   657439   996649   205441   989719   670639
   670399   989797   205417   996811   657061   844651   494359  1306597   493147  1031461   725449   193441  1005679   655387   842977   503227  1294621   510241   829639
   829789   510199  1294639   503197   843079   655267  1005751   193261   982321   750019   517717  1306777   494287   844771   656959   996841   205399   989839   670249
   670051   989917   205081   997021   656809   844777  1009837  1305061   774589   468577  1006891   194977   490201   655261   843229   503017  1294957   510121   829987
   830191   510079  1295551   502819   843289   655021  1002577   751237   193771  1306489   192499  1306099   497461   845017   656749   997219   204487   989959   669847
   669679   989971   204427   997267   846577  1033951   236779   495277  1004797   494959  1005391  1008181  1004749   466087   653461   502771  1295611   510067   830359
   830587   510061  1295737   499021   836377   559849   656479   843649   655927   844321   655687   844507   846421   843331   663661  1001017   204301   989977   669451
   669127   990307   203857  1492111   565549   658831   841231   658591   841459   658159   841921   658111   841987   843301   841069     7927  1296181   509731   830911
   830989   507349  1287829   257107   504871   995377   504607   995791   504157   995887   503989   996109   503869   996187   997369   994927   212209   992689   669049
   666091  1469569   755311   208009  1292329   207619  1292491   207301  1293001   206419  1293739   206281  1293829   206197  1293961   201889  1291909    30469   833947
   983911   270967   512059   987991   511909   988147   511801   988459   511549   988591   511387   988711   511279   988837   511177   988951   990967   987541   516127
   595951   674701   825361   674461   825739   673951   826201   673339   826711   673207   826921   673111   827227   672787   827461   672499   827599   827857   825277
