   689089   810961   689071   811039   688957   811099   688867   811297   688627   811561   688411   811729   688159   812011   687901   812191   687691   814741   746959
   812359   528217   972229   527701   972481   527377   972787   527071   973081   526909   973279   526717   973387   526627   973537   526441   524071  1198411   687679
   687637   973657   223381  1276747   223051  1277071   222841  1277359   222361  1277791   222127  1277971   222007  1278097   221659  1278811   749011   526381   812401
   812641   526249  1278637   519307   980887   518989   981271   518737   981451   518521   981697   518059   982021   517981   517417  1213909   221401   973789   687397
   687307   974089   221317   982321   675751   824437   675541   824647   674929   825277   674701   825361   674461   828067   747037   517717  1278721   525949   812731
   812761   525871  1278787   517549   825739   673111   827227   672787   827461   672499   827599   672271   830989   746227   674299   982489   221251   974167   687277
   686989   974269   221239   982777   673951   827809   510199   989917   510079   989971   510061   509569  1230337   672229   826087   517261  1278799   525769   813049
   813061   525709  1279141   517249   826201   672181   990307   209929  1290151   209719  1291447   748849   509731   827857   673837   982789   220897   974329   686977
   686947   974431   220861   982909   673339   827941   509689  1290379   508087  1037941   704029   209659   990349   672097   826699   517129  1279177   525607   813091
   813277   525541  1279249   516907   826711   671911   990589  1290469   945961   750019   554077   209569   509449   828127   673327   983131   220789   974497   686761
   686737   974581   220681   983209   673207   828637   990889   208129   796009   462097   991951  1291909   509149   671401   826831   516829  1279357   525457   813301
   813367   525439  1279459   516721   826921   830191   988759   751189   209887  1290319   208591  1290109   511279   669847   673117   983317   220579   974599   686671
   686611   975181   220411   983329   832717   664579   269701   510121   989959   510067   989977   990469   989839   835459   667321   516709  1279627   524857   813427
   813559   524599  1279687   515839   662671   753811   672811   827251   672577   827539   672439   827767   669049   826927   837367   984199   220351   975439   686479
   686437   975649  1281649  1446001   753001   675601   824497   675391   825109   674761   825337   674677   825577   671971   824287    54037   218389   524389   813601
   813721   979747   214759   286129   519151   981049   518767   981301   518587   981517   518341   981979   518017   982057   982621   980731  1285279   520291   686317
   815401   965467   751027   223291  1276987   222967  1277197   222679  1277677   222247  1277911   222067  1278031   221941  1278379   221227  1276657   534571   684637
   679381   301627   527809   972337   527557   972661   527251   972967   526957   973129   526759   973321   526651   973411   526501   973597   975967   971821   820657
   753079   689077   810967   688999   811081   688939   811171   688741   811411   688477   811627   688309   811879   688027   812137   687847   812347   685297   810949
