   680209   820129   679837   820231   679639   820441   679501   820657   679279   820789   679111   821089   678907   821167   678829   821281   678577   677647   893041
   821497   517549   982621   517261   982789   517129   983131   516829   983317   516709   983449   516457   983617   516247   983881   516127   984199   749011   678541
   678229   984121   214021  1286119   213847  1286239   213751  1286557   213397  1286647   213217  1286941   213079  1287157   212677  1289677   746959   515917   821809
   821827   515737  1287757   510481   989581   510319   989797   510199   989917   510079   989971   510061   990349   509569   503407  1236517   212281   984301   678211
   678169   984337   212239   990589   664711   835369   664597   835459   664549   835531   664141   836047   663967   836491   749347   509449  1287799   515701   821869
   822079   515611  1287829   509239   836131   662671   837631   662107   837979   661939   838141   661477   841069   747157   663907   990799   212209   984427   677959
   677779   984667   212029   990889   663661   838711   500509   999721   500107  1000081   499879   497677  1252159   661327   836377   509149  1288009   515371   822259
   822667   515191  1288171   509071   836449   661267  1000291   199729  1300471   199429  1301779   748687   499747   838771   663589   990967   211867   984847   677371
   677311   985219   211789   991069   663541   838807   499459  1300639   497977  1086511   665569   199399  1000579   661231   836497   508969  1288249   514819   822727
   823051   514747  1288291   508909   836509   661201  1000849  1305229   917611   750019   582427   194809   499189   838837   663529   991129   211747   985291   676987
   676909   985399   211507   991171   663331   838939  1002517   193147   834469   413527  1002061  1306891   497521   661099   836707   508867  1288531   514639   823129
   823177   514621  1288597   508471   837139   839767   998629   751351   199567  1300609   198259  1300309   501409   660271   662899   991567   211441   985417   676861
   676807   985519   211339   991741   844507   655927   247879   500317   999931   499957  1000159  1002361   999529   844111   655531   508297  1288699   514519   823231
   823651   514399  1289077   508129   653539   752881   662407   837931   662059   838099   661897   838561   658969   837367   846499   991909   210961   985639   676387
   676297   985729   210019  1476967   750691   664669   835441   664579   835489   664507   835897   663991   836071   663547   835327    23071  1290019   514309   823741
   823759   986719  1284541   263521   510457   989719   510241   989839   510121   989959   510067   989977   509689   990469   996631   989557   215497   513319   676279
   825337   509731   753079   213919  1286191   213799  1286287   213481  1286641   213391  1286821   213097  1286959   212881  1287361   210361  1286017   990307   674701
   814609   751027   517417   982777   517249   982909   516907   983209   516721   983329   516589   983581   516421   983791   516157   983911   515839   982489   685429
   606997   679909   820201   679807   820399   679597   820537   679381   820759   679249   820927   678949   821131   678871   821209   678757   821461   822391   819829
