   688999   811081   688939   811171   688741   811411   688477   811627   688309   811879   688027   812137   687847   812347   687679   812401   687397   813061   748831
   812731   527701   972481   527377   972787   527071   973081   526909   973279   526717   973387   526627   973537   526441   973657   526249   975181   747841   687307
   687277   974089   223051  1277071   222841  1277359   222361  1277791   222127  1277971   222007  1278097   221659  1278637   221317  1278787   749209   525949   812761
   813049   525871  1278799   518989   981271   518737   981451   518521   981697   518059   982021   517981   982321   517549   515191  1216459   221239   974167   686989
   686947   974269   221227   982621   675541   824647   674929   825277   674701   825361   674461   825739   673951   831301   744301   517417  1278811   525769   813091
   813277   525709  1279141   517261   826201   672787   827461   672499   827599   672271   827809   672181   669847   907717   673837   982777   220897   974329   686761
   686737   974431   220861   982789   673339   827941   510067   989977   509731   990349   509569   507589  1232851   672097   826699   517249  1279177   525607   813301
   813367   525541  1279249   517129   826711   671971   990589   209659  1290469   209431  1294597   745939   509449   828067   673327   982909   220789   974497   686671
   686611   974581   220681   983131   673207   828127   509239  1290637   507667   495301  1247089   209401   990799   671911   826831   516907  1279357   525457   813427
   813559   525439  1279459   516829   826921   671401   990889  1292491  1489441   750019    10597   207547   509149   828637   673117   983209   220579   974599   686479
   686437   975439   220411   983317   673111   829399   509071   203209   252949  1004737   992371  1296829   990967   670639   826927   516721  1279627   524599   813601
   813721   524389  1279687   516709   827227   649087  1473091   754099   209569  1290607   205441  1290379    26947   850951   672811   983329   220351   975649   686317
   686209   975691   219937   983449   836497  1007137   267187   510061   990307   509689   990469   992449   989971   492901   663541   516589  1280101   524347   813829
   813907   524071  1280107   984337   655717   592321   672577   827539   672439   827767   672229   827857   830191   827251   844321   515701   219931   975967   686131
   686041   975991  1281229   980107   755737   675391   825109   674761   825337   674677   825577   674299   826087   668737   824497   519931   218809   524047   813997
   814069   978457   215617   283579   518767   981301   518587   981517   518341   981979   518017   982057   517717   982489   984847   981049  1284421   521581   685969
   685759   516457   750829   222967  1277197   222679  1277677   222247  1277911   222067  1278031   221941  1278379   221401  1278721   221251  1276987   983581   814279
   810457   752197   527557   972661   527251   972967   526957   973129   526759   973321   526651   973411   526501   973597   526381   973789   524857   972337   689581
   751207   688957   811099   688867   811297   688627   811561   688411   811729   688159   812011   687901   812191   687691   812359   687637   812641   686977   811039
