   689959   810109   689779   810409   689581   810487   689467   810697   689167   810907   689089   810961   689071   811039   688957   811099   688867   687637   873079
   811297   529741   970351   529489   970657   529129   970987   528667   971479   528469   971821   527809   972337   527557   972661   527251   526441  1195477   688741
   688627   972967   224221  1275829   224149  1276027   223999  1276069   223921  1276279   223681  1276657   223291  1276987   222967  1277197   749011   527071   811411
   811561   526957  1277359   520867   979201   520747   979471   520291   980107   519907   980149   519349   980731   519151   518587  1211689   222679   973081   688477
   688411   973129   222361   981049   676861   823231   676387   823741   676279   823819   676069   823981   676009   675601   898231   518989  1277677   526909   811627
   811729   526759  1277791   518767   824179   674677   825577   674299   826087   673837   826699   673327   670051   905617   675859   981271   222247   973279   688309
   688159   973321   222127   981301   675751   826831   511087   989119   510691   989419   510481   508297  1231039   673207   824287   518737  1277911   526717   811879
   812011   526651  1277971   518521   824497   673117   989581   210961  1289329   210487  1289851   749467   510457   826921   675541   981517   222067   973387   688027
   687901   973411   222007   981697   675391   826927   510319  1289557   509239   994879   745939   210481   989719   673111   824647   518341  1278031   526627   812137
   812191   526501  1278097   518059   825109   672787   989797  1298989   986719   750019   513319   201049   510241   827251   674929   981979   221941   973537   687847
   687691   973657   221659   982021   674761   827461   509071   200017   754099   505159   990799  1300021   990967   672577   825277   518017  1278379   526381   812347
   812359   526249  1278637   517981   825337   667441  1471279   750571   210709  1289551   210187  1289077    28759   832597   674701   982057   221401   973789   687679
   687397   974089   221317   982321   827227   986509   268999   510919   989347   510619   989557   991741   988951   513529   672811   517717  1278721   525949   812641
   812731   525871  1278787   511327   819289   594421   674461   825739   673951   826201   673339   826711   829987   825361   680749   988711   221251   974167   687307
   687277   974269  1281097  1447987   601807   676807   823651   676297   823759   676219   823969   676057   824029   824437   823177    52051   218941   525769   812761
   813049   524071   215827   288349   520837   979291   520567   979747   519931   980131   519889   980689   519307   980887   981451   979171  1284211   975967   686989
   686611  1418119   751027   224209  1275889   224011  1276039   223969  1276117   223759  1276357   223381  1276747   223051  1277071   222841  1275817    81919   813427
   934441   304561   529687   970549   529381   970909   529051   971371   528559   971569   528217   972229   527701   972481   527377   972787   973597   970297   565597
   626959   689929   810259   689629   810457   689551   810571   689341   810871   689131   810949   689077   810967   688999   811081   688939   811171   812401   810079
