   684637   815491   684469   815587   684217   816217   683479   816919   682951   817519   682489   817567   682327   817891   682141   818887   681091   681061   885421
   819037   521527   978541   521167   978931   521041   979117   520867   979201   520747   979471   520291   980107   519907   980149   519349   518521  1211389   681001
   680881   980731   216901  1283179   216649  1283719   216157  1284187   215827  1284271   215737  1284379   215617  1284541   215329  1288171   745621   519307   819157
   819229   519151  1284841   513781   986509   513439   986641   513319   986929   512977   987079   512581   987541   512059   988591   748801   215197   980887   680809
   680767   981049   215191   987991   668209   832297   667699   832477   667519   832597   667417   832687   667321   833269   748717   512047  1284847   518989   819271
   819289   518767  1285051   511909   832729   666091   834007   665857   834277   665569   834511   665251   663529   921079   667309   988129   214987   981271   680749
   680539   981301   214939   988147   667081   834859   503929   996169   503851   996211   503551   501511  1244911   665179   832957   511891  1285099   518737   819499
   819607   518587  1285147   511801   833101   665089   996631   202591  1297519   202387  1297657   749941   503407   834949   666937   988237   214891   981451   680431
   680347   981697   214807   988459   666649   834991   503389  1298119   502141  1259767   488149   201919   996649   665047   833389   511579  1285231   518341   819691
   819739   518059  1285267   511549   833479   664789   996811   201889   736027   750019   764011  1298149   503227   835249   666559   988489   214771   981979   680299
   680209   982021   214759   988651   666529   835327   502729  1297399  1011889   240271   997897   202639   997309   664711   833509   511387  1285279   518017   819829
   820129   517981  1285381   511327   833737   659899  1491517   750097   202519  1297651   202381  1297447     8521   840139   666301   988711   214657   982057   679909
   679837   982321   214531   988759   835897  1010167   255127   503869   996187   503827   996487   998527   996109   489871   664141   511279  1285507   517717   820201
   820231   517549  1285519   989839   661477   578959   666031   834181   665761   834469   665527   834787   836509   833947   838561   510199   214519   982489   679807
   679639   982621   213847   506797   751321   667741   832339   667561   832519   667441   832621   667351   832717   666769   831829   993241  1286191   517417   820399
   820441   983131  1279687   751237   513529   986599   513397   986719   513109   987061   512959   987457   512497   987979   511447   986257   220351   516907   679597
   820927   975181   754417   216859  1283389   216319  1283881   215851  1284211   215767  1284301   215659  1284421   215497  1284709   211867  1283137   524857   679111
   810259   288649   521497   978871   521107   978997   520921   979171   520837   979291   520567   979747   519931   980131   519889   980689   981517   978511   689779
   614617   684547   815569   684451   815821   683821   816559   683119   817087   682519   817549   682471   817711   682147   817897   681151   818947   818977   815401
