   686437   813721   686209   813907   686041   814069   685759   814447   685537   814579   685429   814699   685297   814789   685099   815149   684841   680431   883921
   815209   523759   976309   523669   976621   523261   976909   522871   977209   522679   977437   522517   977629   522157   978001   521887   520291  1207117   684829
   684637   978157   219301  1280761   219217  1280869   219091  1281097   218809  1281439   218389  1281667   218287  1281961   217969  1282627   748801   521881   815401
   815491   521581  1282969   515611   984667   515191   985219   514747   985399   514621   985519   514399   985729   514219   995377   739549   217069   978457   684547
   684469   978511   217027   985921   670399   829789   670051   830191   669679   830587   669127   830989   668947   834469   745981   514117  1283011   521527   815569
   815587   521497  1283119   514057   831109   668209   832297   667699   832477   667519   832597   667351   667321   914701   668929   985981   216919   978541   684451
   684217   978871   216901   986047   668821   832729   506131   993919   505969   994369   505537   997309   746899   667309   831217   513991  1283137   521167   815821
   816217   521107  1283179   513937   831301   667081   994579   205417  1294639   205081  1295611   749347   505459   832957   668737   986101   216859   978931   683821
   683479   978997   216649   986197   668677   833101   505339  1295551   503989   997219   748849   204487   994699   666937   831361   513841  1283389   521041   816559
   816919   520921  1283719   513781   831367   666769   994711  1296727   994879   750019   505159   203311   505327   833269   668671   986257   216319   979117   683119
   682951   979171   216157   986509   668509   833389   996487   201709   751189   502819   996049  1298329   503551   666649   831529   513529  1283881   520867   817087
   817519   520837  1284187   513439   831631   665857   499747   750691   205399  1294957   204427  1294621  1000291   834181   668407   986599   215851   979201   682519
   682489   979291   215827   986641   667417   997699   753139   506119   994069   505669   994501   502729   993907   502339   832621   513397  1284211   520747   817549
   817567   520567  1284271   989557   826921   585337   667741   832339   667561   832519   667441   832687   832717   831829   673117   510481   215767   979471   682471
   682327   980107  1284301   498061   754057   670249   829987   669847   830359   669451   830911   669049   831091   665569   829639  1001977   215737   519931   817711
   817891   517717   211441   760489   515371   984847   514819   985291   514639   985417   514519   985639   514309   985819   504661   984427  1288597   982321   682147
   681151  1436311   751237   219277  1280821   219169  1280947   218941  1281229   218599  1281649   218371  1281751   218077  1282069   217411  1280737    63727   818887
   949687   292921   523729   976369   523417   976777   523129   977167   522829   977359   522601   977521   522409   977881   522037   978151   979747   976279   550351
   616117   686317   813829   686131   813997   685969   814279   685591   814501   685459   814609   685339   814741   685249   814939   684889   815197   819607   813601
