   690511   809779   689959   810109   689779   810409   689581   810487   689467   810697   689167   810907   689089   810961   689071   811039   688957   811411   748981
   811099   529927   970219   529807   970297   529687   970549   529381   970909   529051   971371   528559   971569   528217   972229   527701   525709  1195141   688939
   688867   972481   225529  1274929   224677  1275817   224209  1275889   224011  1276039   223969  1276117   223759  1276357   223381  1290151   735451   527557   811171
   811297   527377  1276747   521107   978997   520921   979171   520837   979291   520567   979747   519931   980131   519889   981979   747679   223291   972661   688741
   688477   972787   223051   980689   676987   823129   676861   823231   676387   823741   676279   823819   676069   824497   749209   519349  1276987   527251   811561
   811627   527071  1277071   519307   823981   674761   825337   674677   825577   674299   826087   673837   672229   903367   676057   980731   222967   972967   688411
   688309   973081   222841   980887   676009   826699   511327   988759   511201   988861   511087   510919  1227979   673339   824029   519151  1277197   526957   811729
   811879   526909  1277359   518989   824179   673327   989347   212029  1288171   211789  1298329   739777   510691   826711   675859   981049   222679   973129   688159
   688027   973279   222361   981271   675751   826831   510619  1288291   509689   997369   742999   211747   989419   673207   824287   518767  1277677   526759   812011
   812137   526717  1277791   518737   824437   673117   989557  1289077   983329   750019   516709   210961   510481   826921   675601   981301   222247   973321   687901
   687847   973387   222127   981451   675391   826927   990967   200437   757039   502669   990349  1299601   509071   673111   824647   518587  1277911   526651   812191
   812347   526627  1277971   518521   825109   830911   986257   760261   211867  1288249   201709  1288009   513781   669127   674929   981517   222067   973411   687691
   687679   973537   222007   981697   827857   820927   272059   511279   988837   511177   988951   989119   988711   679111   672181   518341  1278031   526501   812359
   812401   526441  1278097   516721   669679   596671   674701   825361   674461   825739   673951   826201   827809   825277   830359   983317   221941   973597   687637
   687397   973657  1280107   978511   750829   676909   823177   676807   823651   676297   823759   676219   823969   675541   823051   521527   219931   526381   812641
   812731   525871   202639   752359   521041   979117   520867   979201   520747   979471   520291   980107   519907   980149   518059   978931  1297399   974167   687307
   813721  1416277   764587   225109  1275361   224221  1275829   224149  1276027   223999  1276069   223921  1276279   223681  1276657   209887  1274509    83761   686317
   682951   304897   529819   970231   529741   970351   529489   970657   529129   970987   528667   971479   528469   971821   527809   972337   974329   970111   817087
   751057   690259   810079   689929   810259   689629   810457   689551   810571   689341   810871   689131   810949   689077   810967   688999   811081   688627   809527
