   695281   805081   694879   805249   694567   805711   693571   806941   693061   807187   692821   807259   692467   807607   692401   807757   692221   810109   746191
   807949   534631   965467   534049   966319   533257   966871   533077   967171   532537   967507   531997   968137   531841   968239   531571   969181   748471   692089
   692017   968557   228517  1271701   228307  1271827   228199  1272049   227947  1272169   227827  1272367   227629  1272631   227191  1275817   746107   531481   808021
   808147   531229  1273381   524857   975439   524389   975691   524071   975991   523759   976309   523669   976621   523261   977209   748981   226657   968809   691891
   691729   968917   226621   976909   679909   820201   679807   820399   679597   820537   679381   820759   679249   676219   894151   523129  1273417   531121   808309
   808351   531079  1273507   522871   820927   678541   821827   678169   822079   677779   822391   677371   676387   895627   679111   977167   226531   968959   691687
   691267   969049   226357   977359   678949   822727   514057   986047   513937   986197   513781   994927   741187   677311   821089   522679  1273681   530989   808771
   809041   530767  1273771   522601   821131   676987   986509   214657  1285507   214519  1291111   744301   513529   823051   678907   977437   226267   969271   690997
   690661   969637   226099   977521   678871   823129   513439  1285741   511909  1336561   401587   214297   986599   676909   821167   522517  1273939   530401   809377
   809527   530359  1274011   522157   821209   676861   986641   212209   639697   750019   860341  1287829   513397   823177   678829   977881   226027   969679   690511
   690259   970051   225949   978001   678757   823231   989797  1281751  1098451   163477   988129   218287   510241   676807   821281   522037  1274089   529987   809779
   810079   529927  1274149   521887   821461   825337   500839   755737   214531  1285519   208927  1285381   999199   674701   678577   978151   225889   970111   689959
   689779   970219   225829   978157   678229   818947   758851   513991   986101   513841   986257   505111   985981   681091   821809   521881  1274209   529819   810259
   810409   529807  1274401   980149   964879   604411   678211   821869   677959   822259   677647   822667   823651   821497   535159   519889   225637   970231   689629
   689581   970297   222361   516721   605887   679837   820231   679639   820441   679501   820657   679279   820789   823819   820129   983317  1277677   529741   810457
   810487   971821  1271401   751057   524599   975649   524347   975967   524047   976279   523729   976369   523417   976777   522829   975181   228637   528217   689551
   810949   522409   753931   228337  1271731   228211  1271839   227989  1272091   227869  1272211   227671  1272409   227407  1272847   224221  1271521   977629   689089
   681001   751567   534571   965989   533719   966781   533167   966961   532867   967501   532531   968041   531901   968197   531799   968467   530857   965407   819037
   753847   694957   805159   694789   805471   694327   806467   693097   806977   692851   807217   692779   807571   692431   807637   692281   807817   689929   804757
