   693571   806941   693061   807187   692821   807259   692467   807607   692401   807757   692221   807949   692017   808147   691729   808351   691267   689779   867829
   809041   533077   967171   532537   967507   531997   968137   531841   968239   531571   968557   531229   968917   531079   969049   530857   526957  1191601   690997
   690661   969271   227947  1272169   227827  1272367   227629  1272631   227191  1273381   226621  1273507   226357  1273771   226099  1275829   746959   530767   809377
   809527   530401  1274011   523759   976309   523669   976621   523261   976909   522871   977209   522679   977437   522517   522409  1204597   226027   969637   690511
   690259   969679   225949   977881   679597   820537   679381   820759   679249   820927   678949   821131   678871   821461   749347   522157  1274089   530359   809779
   810079   529987  1274149   522037   821209   677779   822391   677371   822727   676987   823129   676861   676279   896647   678829   978001   225889   970051   689959
   689929   970111   225829   978151   678757   823231   513781   986509   513439   986641   513319   505537  1230907   676807   821281   521887  1274209   529927   810109
   810409   529819  1274401   521881   821497   676387   986929   214021  1286119   213847  1286641   749467   513109   823651   678541   978157   225637   970219   689629
   689581   970231   225601   978457   678229   823741   512977  1286239   511279   989977   748801   213799   987061   676297   821809   521581  1274437   529807   810457
   810487   529741  1274509   521527   821827   676219   987079  1287757   987541   750019   512497   212281   512959   823819   678211   978511   225529   970297   689551
   689467   970351   225109   978541   678169   823969   512047   211507   751237   510061   988759  1288531   987991   676069   821869   521497  1274929   529687   810571
   810697   529489  1275361   521167   822079   673117  1468189   750571   213919  1286191   213397  1286017    31849   826921   677959   978871   224677   970549   689341
   689167   970657   224221   978931   825577   972337   269131   513529   986599   513397   986719   994501   986257   527701   674461   521107  1275817   529381   810871
   810907   529129  1275889   518737   672577   603391   677647   822667   677311   823051   676909   823177   823759   822259   827461   981301   224149   970909   689131
   689089   970987   223381  1433737   750691   679501   820657   679279   820789   679111   821089   678907   821167   678577   820441    66301  1276657   529051   810949
   810961   972967  1270849   295441   523729   976369   523417   976777   523129   977167   522829   977359   522601   977521   977629   976279   229189   527071   689077
   812191   965989   753079   227869  1272211   227671  1272409   227407  1272847   226657  1273417   226531  1273681   226267  1273939   224209  1272091   534049   687847
   802129   308437   532867   967501   532531   968041   531901   968197   531799   968467   531481   968809   531121   968959   530989   969181   973081   966961   697909
   632209   693097   806977   692851   807217   692779   807571   692431   807637   692281   807817   692089   808021   691891   808309   691687   808771   810259   806467
