   706099   793999   705967   794089   705919   794407   705259   795007   704731   795517   704449   795877   704101   795979   704029   796141   703861   703699   841231
   796189   544099   956269   543661   956401   543349   956749   543157   956941   542947   957241   542791   957499   542167   957889   541999   960937   746227   703849
   703471   958051   238321  1261747   238237  1261831   238201  1262071   237619  1262491   237409  1262881   237151  1263121   236779  1264969   747457   541987   796567
   796591   541777  1263331   536287   963811   536191   963979   536017   964039   535957   964267   535741   964879   535099   968041   745939   236707   958261   703447
   703327   958327   236701   965089   689551   810571   689341   810871   689131   810949   689077   810967   688999   681091   879661   534949  1263337   541711   796711
   796921   541699  1263511   534841   811081   688309   811879   688027   812137   687847   812347   687679   686737   875209   688957   965197   236527   958339   703117
   702679   958369   236407   965227   688939   812401   524599   975649   524347   975967   524047   523417  1202107   687637   811099   534811  1263631   541669   797359
   797509   541657  1263751   534637   811171   687397   976279   225109  1275361   224221  1280677   744727   523759   812641   688867   965401   236287   958381   702529
   702469   958459   236107   965407   688741   812731   523729  1275829   521887   495361  1232809   224209   976309   687307   811297   534631  1263931   541579   797569
   797647   541537  1263961   534571   811411   687277   976369  1276987  1460941   750019    39097   223051   523669   812761   688627   965467   236077   958501   702391
   702349   958669   235849   965989   688477   813049   977437   216859   267229  1004677   978151  1283179   522601   686989   811561   534049  1264189   541369   797689
   797701   541309  1264447   533719   811627   813721   973789   755311   224677  1275817   219361  1274929   526249   686317   688411   966319   235591   958729   702337
   702127   958807   235441   966781   824497   810457   297931   524389   975691   524071   975991   976621   975439   689581   675541   533257  1264597   541231   797911
   798319   541141  1264807   531481   804337   624829   688159   812011   687901   812191   687691   812359   813301   811729   695701   968557   235231   958897   701719
   701629   959131   235171   962119   620377   689467   810697   689167   810907   689089   810961   689071   811039   818947   810487   537919  1264867   540907   798409
   798697   540301  1259899   754099   536227   963847   536059   964021   535999   964081   535771   964297   535159   964939   531997   963751   240139   959737   701341
   700429   953179   752581   238291  1261801   238207  1261837   237967  1262419   237547  1262629   237157  1262887   236917  1263259   235069  1261717   546859   799609
   887401   753811   543769   956377   543637   956689   543289   956881   543097   957091   542797   957247   542539   957871   542149   958039   539101   955939   612637
   658807   706039   794071   705949   794119   705631   794779   705031   795307   704521   795589   704161   795937   704059   796009   703897   796177   796339   793939
