   717397   782707   717127   783121   716659   783781   716161   784039   715909   784171   715789   784387   715567   784489   715537   784789   715171   786889   746671
   785119   554641   945739   554089   945961   554017   946249   553747   946411   553549   946669   553051   947197   552649   947449   552397   947659   748849   714919
   714751   947911   246979  1253251   246661  1253401   246439  1253689   246277  1253851   246151  1254049   245977  1254157   245821  1271401   732181   552127   785287
   785299   552031  1254367   546391   953671   546109   953941   546031   954139   545731   954391   545521   955267   544099   956269   748687   245671   948007   714739
   714691   948349   245419   956377   699817   800281   699709   800407   699541   800509   699379   801001   699001   801217   749347   543661  1254619   551689   785347
   785461   551581  1254739   543637   801061   697759   802357   697507   802597   697387   802777   697087   694879   857821   698977   956401   245299   948457   714577
   714199   948469   245131   956689   698701   802969   535159   964939   534949   965197   534811   534631  1180447   697069   801337   543349  1254907   551569   785839
   786001   551017  1255081   543289   801517   696811   965401   234181  1265899   233881  1276357   739777   534637   803227   698521   956749   244957   949021   714037
   713827   949129   244837   956941   698329   803347   534571  1266487   531841   986047   732169   233551   965467   696691   801709   543097  1255201   550909   786211
   786469   550657  1255279   542947   802129   696679   965989  1269559   950347   750019   549691   230479   534049   803359   697909   957091   244759   949381   713569
   713491   949387   244561   957241   697897   803611   971371   219607   767869   513991   968197  1280431   528667   696427   802141   542797  1255477   550651   786547
   786691   550471  1255567   542791   802147   694567   958051   760261   234139  1266157   223681  1265857   541987   805471   697891   957247   244471   949567   713347
   713107   949687   244429   957499   807259   912211   319591   535099   965089   534841   965227   965407   964879   587827   692779   542539  1255609   550351   786931
   786979   550279  1255687   958807   690661   642217   697681   802531   697441   802651   697261   802951   805159   802279   809377   541231   244351   949759   713059
   712981   949771   243121   536287   750691   699757   800329   699631   800497   699529   800659   699037   801037   698821   800221   963751  1256917   550267   787057
   787099   952597  1237231   751351   546367   953929   546097   954007   545899   954307   545647   954517   544771   955939   543769   953647   262807   547441   712939
   711751   543157   767857   246787  1253377   246637  1253599   246349  1253761   246187  1253887   245989  1254061   245881  1254217   228637  1253059   956881   788287
   781681   751189   554299   945949   554077   946021   553789   946291   553627   946489   553369   946987   552841   947389   552589   947641   552379   945397   718357
   753367   717331   782911   716917   783379   716257   783877   715999   784129   715867   784249   715651   784471   715549   784501   715249   784867   713149   782641
