   725749   774589   725437   774667   725359   774919   725041   775309   724621   775441   724531   775729   724099   776137   723859   776317   723589   721621   803347
   776599   562399   937681   562291   937891   562021   938107   561787   938761   561181   938947   561019   939061   560929   939349   560551   940669   747679   723439
   723319   939739   254659  1245649   254257  1245877   253789  1246261   253651  1246429   253567  1246501   253501  1246591   253159  1251667   744727   560299   776719
   776869   560191  1247089   553789   946291   553627   946489   553369   946987   552841   947389   552589   947659   552127   552031  1145059   252949   939847   723169
   722797   939901   252937   948349   709519   790897   708991   791677   708139   791929   708007   792109   707887   795937   745117   551689  1247101   560137   777241
   777247   560107  1247119   551581   792241   706039   794071   705949   794119   705631   794779   705031   796711   747841   707797   948457   252919   939931   722791
   722467   940189   252829   948469   707437   795307   542167   957889   541999   958051   541777   959269   748981   704731   792601   551569  1247209   559849   777571
   777661   559687  1247329   551017   792679   704521   958327   241861  1258267   241597  1259899   748471   541711   795517   707359   949021   252709   940351   722377
   722257   940399   252667   949129   707341   795589   541699  1258471   540559   992371   717127   241567   958339   704449   792697   550909  1247371   559639   777781
   777871   559561  1247479   550657   792907   704161   958369  1260577   926587   750019   573451   239461   541669   795877   707131   949381   252559   940477   722167
   722119   940957   252481   949387   706417   795979   960637   237619   782911   507667   959479  1262419   539401   704059   793621   550651  1247557   559081   777919
   778027   558997  1247581   550471   793669   796141   537877   751567   241771  1258441   240139  1258177   962161   703897   706369   949567   252457   941041   722011
   721321   941209   252277   949687   706099   700237   751057   542149   958039   541987   958261   540769   957871   799801   793939   550351  1247761   558829   778717
   778777   558787  1247881   549421   786979   752197   705967   794089   705919   794407   705259   795007   703327   793999   713059   950617   252157   941251   721261
   721219   941509  1252267  1343311   754921   709141   791047   708361   791899   708109   792031   707929   792151   704101   790519   156727   247771   558529   778819
   778831   947641   240379   354979   553747   946411   553549   946669   553051   947197   552649   947449   552379   947911   948007   946249  1259659   552397   721207
   720901   546691   755311   254389  1245781   254161  1246249   253777  1246387   253609  1246471   253537  1246537   253447  1246879   248371  1245379   953347   779137
   829639   752359   562357   937747   562147   938017   561931   938251   561277   938857   561091   939019   560977   939109   560689   939487   559369   937639   670399
   696691   725449   774601   725371   774679   725119   774997   724729   775417   724597   775507   724309   775939   723901   776179   723721   776449   778417   774289
