   722119   778027   721621   778717   721261   778819   721207   778879   721111   778951   720901   779341   720661   779599   720289   779797   720211   780049   748801
   779887   558997   941209   558787   941509   558421   941929   558091   941971   558007   942367   557461   942661   557329   942979   556981   555337  1136287   720151
   719911   943081   252037  1248151   251809  1248337   251611  1248571   251347  1248781   251191  1248859   251059  1249201   249589  1253761   745981   556957   780127
   780379   556819  1250497   550009   950161   549817   950347   549511   950557   549421   950647   549247   950809   549169   538471  1162081   249541   943219   719659
   719569   943249   249517   950947   705031   795307   704521   795589   704161   795937   704059   796009   703897   702469   843229   549091  1250521   556789   780469
   780799   556651  1250611   549037   796177   702679   797509   702391   797689   702337   797911   701719   700597   847339   703861   951001   249427   943387   719239
   719197   943429   249199   951019   703849   798409   539347   960931   539101   960991   538939   963367   747457   701629   796189   549019  1250839   556609   780841
   780889   556261  1251259   548761   796339   701341   961117   238201  1262071   237619  1285507   726697   538921   798697   703699   951277   248779   943777   719149
   718717   943819   248737   951331   703471   799609   538579  1262491   537127   985921   727009   237547   961459   700429   796567   548707  1251301   556219   781321
   781681   556021  1251529   548677   796591   700387   961627   237151   939901   750019   560137  1262887   538411   799651   703447   951361   248509   944017   718357
   718171   944071   248461   951367   703327   799759   965401  1238911   773029   514117   962911   261127   534637   700279   796711   548671  1251577   555967   781867
   781951   555487  1251667   547951   796921   800509   531481   773341   237967  1262419   214531  1261837   968557   699529   703117   952087   248371   944551   718087
   718051   944677   248317   952129   701257   794779   752581   539107   960937   539047   961099   536671   960691   705259   798781   547909  1251721   555361   781987
   782071   555349  1251871   952681   890437   652699   702529   797647   702349   797701   702127   798319   799441   797359   609601   547357   248167   944689   717967
   717667   944731   245989   958381   656809   704731   795517   704449   795877   704101   795979   704029   796141   797569   795007   541657  1254049   555307   782371
   782611   946249  1246537   337957   549877   950221   549691   950527   549481   950617   549391   950791   549229   950869   961567   950029   253501   553789   717427
   800497   937681   754057   251887  1248229   251701  1248427   251467  1248691   251257  1248847   251179  1248979   250837  1250449   246277  1248001   562357   699541
   694957   363751   558829   941251   558529   941617   558109   941947   558067   942031   557671   942577   557377   942709   557059   943057   944701   941041   805081
   751237   722011   778417   721321   778777   721219   778831   721159   778927   721087   779137   720697   779377   720439   779749   720241   779827   719989   777919
