   692543   707543   692441   707669   692249   707939   692051   708011   691979   708053   691871   708161   691709   708371   691433   708593   691199   708893   691079   709283   690533   709679   690233   709913   689951   710081   689603   710441   689441   710609   689309   710909   688979   711131   688631   711749   688073   712109   687683   712409   687431   712841   687041   713039   686843   713663   686321   713861   686099   714029   685859   714509   685109   714971   684809   715229   684713   715811   684113   716063   683831   683651   727691
   716321   530711   869399   530531   869489   530501   869663   530249   869819   530093   869951   529871   870173   529673   870731   529259   870773   529049   871181   528413   872159   527633   872411   527453   872561   527393   872621   527159   873263   526709   873419   526139   874109   525809   874229   525731   874331   525599   874409   525143   875033   524873   875201   524789   875333   524411   875741   524243   875783   523673   876371   523571   876569   523349   876833   523109   876971   522959   877313   522659   521819  1051649   683681
   683603   877379   230213  1169879   230063  1170023   229799  1170233   229751  1170593   229403  1170779   229199  1170821   229139  1171073   228869  1171421   228539  1171523   228383  1171661   228281  1171979   227993  1172273   227651  1172393   227471  1172543   227219  1172921   226943  1173101   226601  1173539   226451  1173593   226199  1174163   225809  1174319   225671  1174499   225431  1174619   225263  1174781   225119  1174913   224759  1175411   224423  1175651   224291  1175849   224033  1176083   223829  1176509   696119   522623   716399
   716411   522383  1176221   495401   904643   495323   904733   495221   904931   494789   905381   494381   905909   494051   906023   493973   906293   493541   906539   493301   906809   493133   906881   492839   907331   492413   907703   491873   908183   491789   908363   491531   908513   491429   908669   491279   908741   490913   909173   490661   909371   490619   909521   490463   909731   490241   909833   490103   909971   489803   910451   489479   911291   488639   911621   488339   911681   488171   912929   695141   223781   877619   683591
   683471   878021   223679   911951   626963   773081   626771   773393   626393   773939   626051   774023   625883   774131   625763   774551   625409   774803   625181   774833   624839   775193   624401   775811   623531   776651   622793   777221   622751   777383   622613   777431   622529   777671   622241   777911   621941   778079   621893   778223   621701   778361   621611   778529   621461   778559   621359   778763   620999   779021   620933   779189   620771   779561   620429   779609   620303   618521   858101   488051  1176323   521981   716531
   716549   521903  1176521   487829   780191   613061   787079   612713   787331   612401   788009   611873   788309   611603   788549   611441   788789   611189   788891   611069   789221   610583   789443   610469   789611   610331   789713   610271   790199   609599   790733   609221   790793   608999   791099   608843   791309   608591   791519   608459   791573   608339   791699   608213   791969   607961   792119   607823   792299   607619   792581   607181   792893   607043   793043   606899   603203   886283   619811   912173   223481   878099   683453
   683381   878279   223469   912269   619613   793139   440399   959831   439949   960119   439811   960293   439661   960389   439583   960581   439409   960803   438869   961241   438551   961601   438341   961769   438131   961973   437693   962459   437321   962783   437141   962909   436811   963659   436313   963719   435569   964499   435419   964823   435131   965171   434813   965303   434573   965639   434243   965801   434039   966113   433781   966323   433571   966923   432983   432743  1230479   606863   780389   487733  1176533   521723   716621
   716981   521693  1176599   487589   780671   606659   967289   160649  1239449   160541  1239593   160403  1239839   160091  1239923   160031  1239983   159683  1240511   159311  1240709   159233  1240793   159023  1241159   158759  1241369   158621  1241483   158429  1241651   158303  1241741   158231  1241813   157769  1242569   157133  1242893   156833  1243343   156521  1243511   156371  1243673   156119  1243943   156041  1244141   155849  1244261   155723  1244381   155609  1246481   695561   432713   793343   619331   912413   223403   878309   683021
   682811   878573   223361   912521   619169   793553   432491  1244423   409121   991031   408959   991079   408911   991229   408689   991343   408491   991541   408251   991871   408071   991961   407861   992219   407639   992429   407489   992633   406661   993689   405989   994271   405683   994391   405089   994991   404951   995219   404699   995471   404489   995573   404099   996173   403679   996563   403103   996953   403001   997121   402851   997583   402263   400853  1293821   155579   967511   606449   780833   487481  1176641   521429   717191
   717323   521393  1176671   487469   781283   606311   967721   155501   997949   560171   839879   560081   839963   559703   840353   559529   840479   559511   840683   559259   841391   558401   841751   558209   841889   557981   842111   557861   842339   557519   842519   557273   842801   557033   842981   556823   843209   556559   843629   555941   844511   555383   844709   554891   845303   554669   845363   554123   845951   553769   846353   553643   553253   990293   402053  1244501   432281   793691   618719   912533   223331   878609   682679
   682511   878939   223133   912539   618593   793889   432251  1244603   402029   846401   548201   851813   547901   852149   547823   852233   547763   852641   547121   853133   546719   853319   546599   853739   546239   853823   546101   853949   545873   854159   545789   854351   545579   854459   545231   855221   544601   855863   544013   856073   543659   856391   543353   856703   543281   856799   543161   856853   542933   857081   542693   532739  1021919   553601   997973   155399   967751   606113   781409   487463  1176869   521063   717491
   717539   520913  1176899   487133   781493   605993   967859   155303   998009   553439   857513   362561  1037903   361973  1038041   361799  1038209   361499  1038539   361373  1038689   361271  1039001   360959  1039139   360653  1039769   360071  1039949   360023  1040021   359783  1040339   359621  1040771   359129  1040891   359063  1041269   358691  1041461   358349  1041671   358301  1041779   358109  1042193   357671  1042439   357551  1042529   696989   542489   846563   401993  1244699   432143   794009   618509   912869   223103   879089   682463
   682421   879113   223019   912953   618413   794141   432023  1244993   401321   847031   542261  1042571   104009  1296011   103979  1296089   103583  1296473   103451  1296593   103001  1297019   102911  1297349   102551  1297799   102161  1297853   102023  1298039   101891  1298261   101723  1298309   101513  1298573   101279  1298819   101051  1298981   100943  1299173   100799  1299269   100703  1299491   100469  1299689   100169  1300769   697271   357431   857741   552971   998681   155009   967979   605861   781589   487049  1176983   520889   717581
   717851   520763  1177223   486671   781673   605849   968111   154523   998759   552899   857981   357293  1299899   339413  1060739   338609  1061591   338231  1061831   338153  1061969   337751  1062311   337301  1062779   337121  1062911   337013  1063019   336761  1063319   336593  1063649   336263  1063781   336041  1063973   335843  1064321   335669  1064339   335591  1064549   335249  1064951   334991  1065209   334319  1069571   694313   100103  1042709   542021   847103   401243  1245479   431891   794153   618329   913331   222779   879239   682151
   682079   879299   222461   913433   618269   794363   431729  1245509   400643   847169   541889  1043183   100049  1066283   475271   924773   475073   925019   474923   925103   474839   925193   474629   925469   474503   925523   474443   925901   474059   926273   473579   926489   473441   926843   472469   927653   472331   927683   472139   927869   471959   928079   471749   928331   471593   928463   471533   469229  1157609   333719  1299953   356819   858113   552833   999359   154493   968273   605639   781733   486569  1177541   520703   717923
   718163   520649  1177613   486293   781883   605603   968381   154313   999521   552809   858239   356549  1300031   333623   928649   467699   932333   467531   932819   467123   932999   466733   933329   466451   933671   466079   934259   465701   934343   465281   934793   465119   934961   464999   935063   464909   935183   464813   935201   464699   935339   464621   935399   464381   935651   464003   938309   696239   471353  1066379    99971  1043453   541763   847193   400481  1245689   431621   794399   618119   913709   222389   879353   681839
   681833   879371   222269   913799   618083   794471   431429  1245791   400391   847271   541721  1043501    99929  1066511   471299   936029   304511  1095569   304331  1095779   304211  1095833   304163  1095851   304013  1096163   303713  1096451   303371  1096703   303143  1096883   302921  1097111   302681  1097423   302459  1097729   302123  1097891   301979  1098101   301601  1098509   301409  1099223   698183   463973   928703   333491  1300073   356501   858281   552731   999611   154211   968573   605531   781919   486203  1177733   520631   718169
   718271   520589  1178003   485423   781961   605471   968663   154073   999671   552401   858479   356243  1300193   333479   928793   463949  1098791    64439  1335683    64013  1336229    63761  1336343    63533  1336481    63473  1336613    63353  1336943    62639  1337411    62273  1337783    62201  1337813    62129  1338041    61703  1338371    61559  1338539    61331  1338749    61211  1341089   696323   301211   936053   471209  1066523    99809  1043759   541523   847601   400331  1245929   431339   794531   618041   914579   221999   879413   681731
   681623   879623   221813   914591   618029   794669   431063  1246061   399851   847949   541439  1043831    99719  1066553   471089   936113   301181  1338851   287801  1112333   287279  1113029   286763  1113461   286493  1113701   286289  1113899   286061  1113953   285983  1114049   285731  1114361   285281  1114811   285071  1115189   284729  1115321   284651  1115519   284429  1115579   698261    61151  1098821   463889   928913   333449  1300283   356171   858563   552053  1000151   153941   968939   605333   781973   485411  1178189   520379   718379
   718463   520349  1178273   485201   782123   605309   969179   153929  1000313   552011   858701   356129  1300289   333383   929003   463823  1098989    61121  1115633   423179   976919   422759   977609   422321   977693   422183   977861   421643   978569   421313   978821   421163   979061   420899   979403   420521   979709   419933   980081   419753   980393   419579   985571   693089   284369  1338881   301013   936179   470999  1066619    99713  1043873   541301   847991   399689  1246073   430823   794693   617879   914801   221729   879653   681539
   681341   879689   221453   914981   617873   794741   430769  1246283   399281   848051   541181  1044149    99611  1066931   470993   936659   300821  1339001   284243   980489   415673   984341   415643   984611   415253   985079   414893   985463   414503   985613   414221   985799   414131   986759   413201   986819   413069   987053   412901   987143   412793   987929   697133   419513  1115759    61001  1099181   463343   929009   333071  1300391   355853   858821   551951  1000721   153719   969233   605261   782129   485021  1178549   520313   718661
   718691   519971  1178591   484751   782183   605123   969431   153689  1000763   551801   858953   355841  1300421   333029   929069   462953  1099409    60779  1115771   419423   987383   263369  1136699   263183  1136831   263063  1137263   262433  1137611   262253  1137809   262139  1137869   262121  1137953   261983  1138409   261353  1138673   261323  1139993   697691   412619   980579   284231  1339223   300593   937049   470933  1066973    99581  1044161   541049   848201   399239  1246313   430571   794879   617819   915251   221411   880031   681311
   680993   880199   221393   915311   617333   794993   430499  1246361   399173   848273   540779  1044443    99551  1066979   470831   937121   300581  1339229   283949   980711   412343  1138751    36599  1363751    36209  1363811    35993  1364039    35801  1364243    35603  1364609    35381  1364663    35141  1365239    34721  1365503    34439  1369733   694541   261251   987659   419291  1116053    60773  1099421   462881   929171   333023  1300451   355559   859223   551729  1000829   153641   969503   605009   782669   484691  1178609   519803   719009
   719351   519581  1178699   484361   782849   604931   969569   153623  1000931   551423   859373   355193  1300571   332933   929333   462851  1099433    60659  1116209   419201   987713   261101  1365719   253013  1147103   252731  1147571   252419  1147709   252209  1148099   251831  1148339   251513  1148501   251081  1148999   250949  1151141   696809    34283  1138901   412289   980801   283793  1339343   300569   937151   470669  1067069    99431  1044809   540629   848579   399071  1246379   430433   795071   617153   915641   221303   880421   680651
   680321   880589   221159   915851   617039   795653   430289  1246631   398933   848681   540509  1044893    99251  1067441   470621   937229   300413  1339391   283721   980831   412193  1139003    34019  1149131   381911  1018253   381443  1018583   381389  1018679   381239  1018769   381071  1019093   380729  1019351   380591  1019693   699221   250871  1365983   260999   987809   419171  1116281    60611  1099589   462773   929381   332561  1300751   355109   859493   551321  1001069   153371   969713   604349   782963   484151  1178843   519413   719681
   719753   519131  1178909   484091   783011   604343   969743   153269  1001081   551093   859619   355031  1300829   332513   929393   462629  1100009    60539  1116371   418793   987869   260921  1366109   250793  1019549   379319  1020839   379013  1021073   378713  1021331   378629  1021961   377873  1022201   377711   374981  1346369   380453  1149209    33893  1139081   412133   981209   283631  1339463   299993   937373   470609  1067489    99173  1044971   540383   848909   398921  1246733   430259   795659   616991   915911   221093   880871   680249
   680189   880883   221021   916031   616871   796001   430193  1246943   398711   848933   540251  1045223    99023  1067903   470501   937511   299951  1339619   283583   981263   412031  1139123    33713  1149503   380363  1022531   237959  1162253   237509  1162859   237011  1163093   236891  1163189   236771  1164803   697673   377471  1019639   250499  1366289   260879   987971   418739  1116419    60383  1100051   462491   929501   332099  1300979   354779   859751   551069  1001291   153059   969809   604001   783131   483971  1178981   519119   719813
   720173   518831  1179281   483953   783329   603881   969863   152993  1001321   550859   859799   354533  1301021   332081   929549   461819  1100093    60149  1116431   418559   987983   260861  1366433   250433  1019771   377369  1163273    20483  1379603    20369  1379753    20201  1379879    20021  1381229   698471   236729  1022633   380231  1149569    33569  1139141   412019   981443   283571  1339853   299909   938183   470453  1067921    98981  1045469   540203   849143   398681  1247009   430139   796121   616673   916049   220721   881171   679829
   679823   881273   220709   916073   616643   796151   430091  1247063   398621   849161   540179  1045523    98729  1068113   470429   938393   299723  1339901   283553   981653   411941  1139249    33521  1149593   380201  1023413   236519  1380053   233201  1166861   232919  1167251   232709  1197953   669113    19949  1163483   376589  1019801   250409  1366481   260753   988061   418349  1116449    60101  1100279   461609   929573   331889  1301273   354479   859823   550841  1001381   152939   969911   603851   783359   483929  1179293   518729   720179
   720221   518411  1179329   483551   783413   603821   969989   152681  1001411   550691   859853   354443  1301459   331871   929963   461411  1100303    60029  1116461   418289   988319   260609  1366523   250361  1019861   376583  1163663    19919  1167359   370679  1029341   370619  1031633   697733   232643  1380083   236339  1023419   380141  1149641    33479  1139393   411683   981713   283541  1339973   299699   938591   470039  1068131    98543  1045559   540149   849311   398591  1247321   430013   796181   616589   916451   220673   881591   679781
   679691   881711   220613   916511   616529   796361   429971  1247501   398543   849461   539993  1045679    98459  1068233   469823   938831   299681  1340021   283511   982061   411563  1139519    33359  1149749   380129  1023719   236219  1380149   232103  1029563   370121  1157183   572699   370439  1167899    19853  1163783   376283  1019873   250253  1366643   260483   988439   417941  1116491    59981  1100321   461171   930179   331769  1301543   354323   860009   550541  1001459   152501   970031   603641   783473   483491  1179389   518291   720311
   720569   518153  1179413   483389   783569   603623   970091   152381  1001531   550469   860291   354143  1301591   331691   930191   460991  1100831    59669  1116809   417899   988511   260453  1366649   250199  1020023   375971  1163849    19751  1167953   369491   902579   700001   497423  1030511   232049  1380251   236153  1024031   379979  1149803    33353  1139549   411491   982103   283193  1340333   299171   939011   469811  1068311    98411  1045859   539711   849533   398471  1247621   429911   796379   616433   916613   220589   881849   679433
   679319   882071   220511   916679   616361   796571   429581  1247879   398219   849833   539633  1046081    98123  1068491   469613   939089   298679  1340441   283181   982133   411143  1139771    33113  1149971   379889  1024103   236129  1380341  1182341  1028003   827303   242819  1029881   371999   217661    19661  1163873   375899  1020113   250031  1366889   260231   988859   417869  1116821    59561  1101323   460913   930389   331511  1301879   353921   860369   550169  1001783   152123   970421   603431   783641   483323  1179491   517931   720683
   720773   517919  1179599   483221   783689   603149   970481   151901  1001831   550163   860381   353819  1301921   331391   930719   460709  1101371    59513  1117169   417731   988901   260081  1366979   250013  1020143   375623  1163891    19583   186161   702269   370661  1029383   368369  1029323  1213841  1380419   236111  1024379   379859  1149989    33023  1139921   411101   982271   282833  1340489   298631   939293   469283  1068611    98081  1046183   539621   849839   398171  1248101   429521   796853   616313   916781   220403   882083   679229
   679223   882179   220361   916931   616223   796871   429509  1248119   397829   850139   539501  1046189    97973  1068701   469253   939359   298409  1340561   282563   982493   410903  1140311    32843  1150031   379649  1024433  1164479  1378199   730889   233141  1167083   232751  1167293   202049  1166801    21803   235523   375569  1020353   249971  1367159   259691   989099   417509  1117439    59441  1101593   460643   930749   331301  1302029   353813   860501   549863  1002173   151883   970493   603131   783779   483071  1179641   517823   720779
   721013   517739  1179839   482861   783791   602999   970721   151673  1002191   549749   860663   353603  1302173   331283   931181   460571  1101959    59141  1117763   417173   989381   259631  1367231   249863  1020431  1029473   231701   701531    20399  1379633    20249  1379801    20123  1379981    18773  1379519  1168301   370529   379571  1150139    32771  1140371   410621   982829   282239  1340861   298043   939431   468821  1068719    97829  1046399   539339   850253   397811  1248329   429281   797003   616211   917141   220163   882263   678989
   678959   882389   220013   917243   615941   797051   429119  1248449   397643   850301   539159  1046681    97553  1068761   468803   939551   297833  1340879   282101   982841   410561  1140383    32609  1150661  1022981  1013843   702329   237749  1162493   237143  1162991   236909  1163111   236813  1163231   235199  1162043   386159   377021   249341  1367393   259619   989441   417161  1117901    59123  1102169   460451   931199   331241  1302449   353321   860843   549701  1002359   151553   970883   602951   784061   482759  1179989   517613   721043
   721169   517553  1180019   482711   784181   602831   971051   151499  1002569   549569   860861   353069  1302491   331013   931241   460403  1102979    59021  1117913   416849   989663   259151  1367423  1150871   374333    53633   379163  1020989   378929  1021289   378671  1021373   378041  1022129   377801  1022291  1025021  1020683  1025669   249131    32579  1140851   410339   983153   282089  1340981   297023   939599   468761  1068989    97511  1046933   539141   850433   397433  1248503   428951   797171   615821   917291   219983   882449   678833
   678779   882491   219971   917381   615773   797201   428693  1248551   397379   850571   539111  1047119    97301  1069349   468683   939623   296831  1341023   282071   983429   410171  1140983    31883   242639   700781   381749  1018559   381419  1018613   381323  1018763   381233  1018931   380909  1019273   380651  1019411   380309  1018091  1157363  1368119   259019   989831   416573  1117931    58979  1103171   460379   931319   330653  1302701   352883   860891   549431  1002623   151451   971309   602801   784229   482621  1180031   517511   721223
   721229   517403  1180043   482483   784379   602729   971339   151169  1002713   549323   861059   352691  1302929   330623   931421   460289  1103183    58901  1117943   416219   989909  1141391  1359833   703193   252899  1147271   252431  1147583   252293  1147793   251903  1148171   251663  1148489   251501  1148921   251003  1149053   248861  1146989    40169   258611   410093   983783   282059  1341101   296819   939713   468581  1069379    97073  1047311   538943   850679   397289  1248833   428663   797273   615623   917519   219959   882599   678773
   678719   882659   219881   917759   615539   797399   428489  1248881   397283   850781   538871  1047341    96989  1069853   468473   939791   296693  1341323   281993   983849  1007339   253049   705461    36251  1363793    36191  1364009    35963  1364201    35759  1364399    35393  1364621    35339  1364861    34763  1365281    34499  1365563    30269  1363403  1146953   392663   416153  1118009    58679  1103309   460211   931529   330149  1303013   352661   861131   549221  1002719   151121   971513   602603   784463   482243  1180121   517343   721283
   721439   517229  1180241   482231   784481   602453   971591   151049  1002821   549149   861239   352523  1303091   330053   931811   460079  1103339    58631  1118081   412493   385661   702311   263303  1136819   263171  1136939   262739  1137569   262391  1137749   262193  1137863   262133  1137881   262049  1138019   261593  1138649   261329  1138679   260009  1136633  1014341   987509   281921  1341371   296663   939923   468191  1069949    96911  1047479   538763   850853   397181  1248953   428411   797549   615521   917771   219761   882773   678563
   678383   882851   219749   917789   615341   797591   428303  1249013   397151   850979   538709  1047491    96893  1070009   468059   939989   296519  1341491  1121261   975551   702869   415661   984359   415391   984749   414923   985109   414539   985499   414389   985781   414203   985871   413243   986801   413183   986933   412949   987101   412859   987209   412073   984329   424451   278741    58511  1103483   460013   931943   329993  1303109   352511   861293   549023  1002851   150989   971699   602411   784661   482213  1180253   517151   721619
   721631   517079  1180313   482051   784841   602321   971753   150959  1002929   548909   861353   352463  1303151   329969   932039   459929  1103561  1342499   272201   706913   423083   977243   422393   977681   422309   977819   422141   978359   421433   978689   421181   978839   420941   979103   420599   979481   420293   980069   419921   980249   419609   980423   414431   976823  1127801    57503   296441   940073   467963  1070033    96851  1047539   538649   851093   397073  1249043   428249   797681   615161   917951   219689   882923   678371
   678341   883163   219629   918329   614909   798059   427883  1249121   396983   851159   538511  1047653    96779  1070291   467813   940523  1115843    49529   701741   287669  1112723   286973  1113239   286541  1113509   286301  1113713   286103  1113941   286049  1114019   285953  1114271   285641  1114721   285191  1114931   284813  1115273   284681  1115351   284483  1115573   284423  1112201  1350473   284159   459479   932189   329711  1303223   352349   861491   548843  1003019   150881   972119   601943   785093   481673  1180373   516839   721661
   721703   516611  1180631   481571   785153   601823   972221   150869  1003049   548831   861701   352301  1303331   329663   932219   941933   276293   703679    64319  1335989    63773  1336241    63659  1336469    63521  1336529    63389  1336649    63059  1337363    62591  1337729    62219  1337801    62189  1337873    61961  1338299    61631  1338443    61463  1338671    61253  1338791    58913  1335563  1123709   458069   467783  1070339    96671  1047701   538301   851171   396953  1249133   427781   798179   614849   918431   219371   883391   678299
   678023   883979   219311   918959   614843   798251   427529  1249343   396533   851231   538283  1047773    96461  1070411   464741   448421   701819   304433  1095671   304223  1095791   304169  1095839   304151  1095989   303839  1096289   303551  1096631   303299  1096859   303119  1097081   302891  1097321   302579  1097543   302273  1097879   302111  1098023   301901  1098401   301493  1098593   300779  1095491   951581   935261   329591  1303541   352229   861719   548771  1003469   150659   972473   601751   785159   481043  1180691   516023   721979
   722321   515873  1180709   480989   785249   601541   972581   150503  1003589   548579   861743   352181  1303739   329321  1386773   703763   467669   932471   467183   932879   467003   933269   466673   933551   466331   933923   465743   934301   465659   934721   465209   934883   465041   935003   464939   935093   464819   935189   464801   935303   464663   935381   464603   935621   464351   935999   461693   932303    13229  1070681    96263  1047821   538259   851423   396413  1249499   427421   798461   614753   919013   219293   884129   677681
   677639   884159   219281   919229   614639   798923   427403  1249799   396323   851549   538199  1047929  1308773  1056203   242393   475229   924929   474983   925079   474899   925163   474809   925373   474533   925499   474479   925559   474101   925943   473729   926423   473513   926561   473159   927533   472349   927671   472319   927863   472133   928043   471923   928253   471671   928409   471539   928469   930773   924731   343799    91229   352073   861803   548453  1003679   150203   972599   601079   785363   480773  1180721   515843   722363
   722459   515771  1180859   480749   785459   600701   972623   149993  1003733   548399   861881  1056173    83003   705689   339263  1061393   338411  1061771   338171  1061849   338033  1062251   337691  1062701   337223  1062881   337091  1062989   336983  1063241   336683  1063409   336353  1063739   336221  1063961   336029  1064159   335681  1064333   335663  1064411   335453  1064753   335051  1065011   334793  1065683   330431  1060589  1316999   343829   538121   851603   396269  1250009   427379   799301   614543   919253   219143   884231   677543
   677333   884309   219071   919703   614051   799313   427169  1250141   396239   851639   514079   332993   702731   103991  1296023   103913  1296419   103529  1296551   103409  1297001   102983  1297091   102653  1297451   102203  1297841   102149  1297979   101963  1298111   101741  1298279   101693  1298489   101429  1298723   101183  1298951   101021  1299059   100829  1299203   100733  1299299   100511  1299533   100313  1299833    99233  1295993  1067009   885923   548363  1003763   149861   972833   600689   785951   480299  1180931   515693   722669
   722921   515681  1180961   480203   786173   600659   972899   149759  1004963   544883  1199819   703013   362099  1038029   361961  1038203   361793  1038503   361463  1038629   361313  1038731   361001  1039043   360863  1039349   360233  1039931   360053  1039979   359981  1040219   359663  1040381   359231  1040873   359111  1040939   358733  1041311   358541  1041653   358331  1041701   358223  1041893   357809  1042331   357563  1042451   357473  1037441   200183   855119   395039  1250243   427103   799343   613829   919799   219041   884321   677081
   676931   884363   218963   919859   613673   799361   427001  1250273  1032329  1136153   378083   548189   852101   547853   852179   547769   852239   547361   852881   546869   853283   546683   853403   546263   853763   546179   853901   546053   854129   545843   854213   545651   854423   545543   854771   544781   855401   544139   855989   543929   856343   543611   856649   543299   856721   543203   856841   543149   857069   542921   857309   867263   851801   263849   367673   149729   973001   600641   786329   480143  1181039   515639   723071
   723119   515579  1181153   480101   786551   600449   973031  1254293   951689   409709   560123   839921   560039   840299   559649   840473   559523   840491   559319   840743   558611   841601   558251   841793   558113   842021   557891   842141   557663   842483   557483   842729   557201   842969   557021   843179   556793   843443   556373   844061   555491   844619   555293   845111   554699   845333   554639   845879   554051   846233   553649   846359   846749   839831   448313   145709   426971   799553   613451   919901   218849   884423   676883
   676733   884483   218819   919979   613199   799949   974531   133283   106181   408971   991043   408923   991091   408773   991313   408659   991511   408461   991751   408131   991931   408041   992141   407783   992363   407573   992513   407369   993341   406313   994013   405731   994319   405611   994913   405011   995051   404783   995303   404531   995513   404429   995903   403829   996323   403439   996899   403049   997001   402881   997151   402419   997739   999149   990881  1266719   425471   600053   786803   480023  1181183   515519   723269
   723353   515429  1181321   479879   786833   591443   945941   704441   160553  1239461   160409  1239599   160163  1239911   160079  1239971   160019  1240319   159491  1240691   159293  1240769   159209  1240979   158843  1241243   158633  1241381   158519  1241573   158351  1241699   158261  1241771   158189  1242233   157433  1242869   157109  1243169   156659  1243481   156491  1243631   156329  1243883   156059  1243961   155861  1244153   155741  1244279   155621  1244393   153521  1239353   454061   808559   613169   920123   218681   884573   676649
   676589   884651   218531   920219   611969   984593   169523   440171   960053   439883   960191   439709   960341   439613   960419   439421   960593   439199   961133   438761   961451   438401   961661   438233   961871   438029   962309   437543   962681   437219   962861   437093   963191   436343   963689   436283   964433   435503   964583   435179   964871   434831   965189   434699   965429   434363   965759   434201   965963   433889   966221   433679   966431   433079   967019   967259   959603   415409   788033   479783  1181471   515351   723413
   723479   514841  1181549   923579   935861   513719   612923   787289   612671   787601   611993   788129   611693   788399   611453   788561   611213   788813   611111   788933   610781   789419   610559   789533   610391   789671   610289   789731   609803   790403   609269   790781   609209   791003   608903   791159   608693   791411   608483   791543   608429   791663   608303   791789   608033   792041   607883   792179   607703   792383   607421   792821   607109   792959   606959   793103   796799   786941   464141   476423   218453   885161   676523
   676241   885233  1182539   460589   541901   626921   773231   626609   773609   626063   773951   625979   774119   625871   774239   625451   774593   625199   774821   625169   775163   624809   775601   624191   776471   623351   777209   622781   777251   622619   777389   622571   777473   622331   777761   622091   778061   621923   778109   621779   778301   621641   778391   621473   778541   621443   778643   621239   779003   620981   779069   620813   779231   620441   779573   620393   779699   781481   773039   939413   217463   514769   723761
   723791   886163   204299   704861   495359   904679   495269   904781   495071   905213   494621   905621   494093   905951   493979   906029   493709   906461   493463   906701   493193   906869   493121   907163   492671   907589   492299   908129   491819   908213   491639   908471   491489   908573   491333   908723   491261   909089   490829   909341   490631   909383   490481   909539   490271   909761   490169   909899   490031   910199   489551   910523   488711   911363   488381   911663   488321   911831   487073   904601  1195703   513839   676211
   675923   853493   703883   230123  1169939   229979  1170203   229769  1170251   229409  1170599   229223  1170803   229181  1170863   228929  1171133   228581  1171463   228479  1171619   228341  1171721   228023  1172009   227729  1172351   227609  1172531   227459  1172783   227081  1173059   226901  1173401   226463  1173551   226409  1173803   225839  1174193   225683  1174331   225503  1174571   225383  1174739   225221  1174883   225089  1175243   224591  1175579   224351  1175711   224153  1175969   223919  1176173   223493  1169789   546509   724079
   738953   348353   530603   869471   530513   869501   530339   869753   530183   869909   530051   870131   529829   870329   529271   870743   529229   870953   528821   871589   527843   872369   527591   872549   527441   872609   527381   872843   526739   873293   526583   873863   525893   874193   525773   874271   525671   874403   525593   874859   524969   875129   524801   875213   524669   875591   524261   875759   524219   876329   523631   876431   523433   876653   523169   876893   523031   877043   522689   877343   878183   869291   661049
   672311   692459   707561   692333   707753   692063   707951   691991   708023   691949   708131   691841   708293   691631   708569   691409   708803   691109   708923   690719   709469   690323   709769   690089   710051   689921   710399   689561   710561   689393   710693   689093   711023   688871   711371   688253   711929   687893   712319   687593   712571   687161   712961   686963   713159   686339   713681   686141   713903   685973   714143   685493   714893   685031   715193   684773   715289   684191   715889   683939   716171   716351   707459
