   696359   703679   696281   703763   696119   703949   695999   704399   695561   704861   695069   704999   694541   705491   694481   705689   694223   706151   693809   706301   693689   706373   693503   706679   693089   706961   692753   707459   692459   707561   692333   707753   692063   707951   691991   708023   691949   708131   691841   708293   691631   708569   691409   708803   691109   708923   690719   709469   690323   709769   690089   710051   689921   710399   689561   710561   689393   710693   689093   711023   688871   673223   733883
   711371   534113   866003   533993   866081   533909   866123   533723   866309   533363   866783   533033   867263   532601   867563   532379   867653   532313   867719   532199   868019   531731   868313   531623   868451   531263   868799   530753   869291   530603   869471   530513   869501   530339   869753   530183   869909   530051   870131   529829   870329   529271   870743   529229   870953   528821   871589   527843   872369   527591   872549   527441   872609   527381   872843   526739   873293   526583   873863   525893   525671  1044809   688631
   688253   874193   234809  1165211   234653  1165529   234281  1165799   234083  1166141   233609  1166411   233549  1166579   233279  1166801   233141  1167083   232751  1167293   232643  1167899   232049  1168301   231599  1168451   231479  1169183   230369  1169789   230123  1169939   229979  1170203   229769  1170251   229409  1170599   229223  1170803   229181  1170863   228929  1171133   228581  1171463   228479  1171619   228341  1171721   228023  1172009   227729  1172351   227609  1172531   227459  1172783   227081  1192181   676931   525809   711749
   711929   525773  1173059   499139   900869   498989   901079   498833   901211   498749   901403   498551   902009   497963   902201   497741   902501   497423   902591   497279   902849   497069   903269   496439   904019   495953   904103   495821   904289   495491   904601   495359   904679   495269   904781   495071   905213   494621   905621   494093   905951   493979   906029   493709   906461   493463   906701   493193   906869   493121   907163   492671   907589   492299   908129   491819   908213   491639   488339  1115579   226943   874229   688073
   687893   874271   226901   908471   630713   769739   630029   770039   629891   770129   629819   770291   629483   770573   629411   770663   629009   771293   628499   771509   628379   771629   628193   771863   627911   772229   627611   772619   627353   772913   626963   773081   626771   773393   626393   773939   626051   774023   625883   774131   625763   774551   625409   774803   625181   774833   624839   775193   624401   775811   623531   776651   622793   777221   622751   777383   622613   618509   855401   491531  1173101   525731   712109
   712319   525599  1173401   491489   777431   616529   783569   616313   783779   616211   784061   615821   784229   615623   784463   615521   784661   615161   785093   614849   785159   614753   785363   614543   785951   613829   786329   613451   786803   613169   786941   612923   787289   612671   787601   611993   788033   611873   788309   611603   788549   611441   788789   611189   788891   611069   789221   610583   789443   610469   789611   610331   789713   610271   790199   609599   600053   886163   622571   908513   226601   874403   687683
   687593   874409   226463   908573   622529   790733   443489   956633   443243   956831   443159   956849   442961   957221   442571   957563   442271   957773   442181   957851   441953   958163   441713   958439   441479   958541   441449   958739   441101   958973   440903   959279   440669   959351   440441   959603   440171   960053   439883   960191   439709   960341   439613   960419   439421   960593   439199   961133   438761   961451   438401   961661   438233   961871   438029   432743  1226783   609269   777473   491429  1173539   525593   712409
   712571   525143  1173551   491333   777671   609221   962309   163841  1236329   163469  1236743   163211  1236803   162989  1237031   162881  1237163   162791  1237253   162629  1237529   162413  1237739   162053  1238033   161873  1238219   161729  1238411   161573  1238459   161309  1238801   161159  1239353   160553  1239461   160409  1239599   160163  1239911   160079  1239971   160019  1240319   159491  1240691   159293  1240769   159209  1240979   158843  1241243   158633  1259639   678989   437693   790781   622331   908669   226451   874859   687431
   687161   875033   226409   908723   622241   790793   437543  1241381   412949   987101   412859   987209   412619   987509   412343   987713   412193   987869   412073   987971   412019   988061   411683   988439   411491   988859   411101   989099   410621   989441   410339   989831   410093   989939   409823   990293   409499   990881   408971   991043   408923   991091   408773   991313   408659   991511   408461   991751   408131   991931   408041   992141   407783   401243  1288361   158621   962459   609209   777761   491279  1173593   524969   712841
   712961   524873  1173803   491261   777911   608999   962681   158519   992363   564359   835733   564191   836189   563501   836753   563081   836951   562943   837071   562589   837509   562271   837833   561809   838403   561419   838613   561251   838919   561053   839381   560561   839459   560531   839609   560171   839879   560081   839963   559703   840353   559529   840479   559511   840683   559259   841391   558401   841751   558209   841889   557981   556559   982271   407639  1241483   437321   791003   622091   908741   226199   875129   687041
   686963   875201   225839   909089   621941   791099   437219  1241573   407573   842111   551093   848933   550859   849161   550691   849461   550169   849839   549863   850253   549701   850433   549431   850679   549221   850853   549023   851093   548843   851171   548771   851423   548453   851603   548363   851801   548189   852101   547853   852179   547769   852239   547361   852881   546869   853283   546683   853403   546509   853739   546239   545231  1006331   557891   992429   158429   962783   608903   778061   490913  1174163   524801   713039
   713159   524789  1174193   490829   778079   608843   962861   158351   992513   557861   853823   367163  1032881   367001  1033061   366923  1033289   366461  1033661   366173  1033841   365933  1034489   365489  1034591   365231  1035263   364523  1035761   363773  1036271   363683  1036391   363371  1036829   363149  1036883   363059  1037249   362741  1037441   362099  1038029   361961  1038203   361793  1038503   361463  1038629   361313   357563  1377911   546179   842141   407489  1241651   437141   791159   621923   909173   225809   875213   686843
   686339   875333   225683   909341   621893   791309   437093  1241699   407369   842339   546101  1038731   108011  1292099   107741  1292309   107453  1292693   107273  1292801   107171  1293179   106751  1293821   106163  1293899   106019  1294019   105971  1294103   105701  1295003   104933  1295201   104759  1295279   104693  1295321   104459  1295603   104009  1296011   103979  1296089   103583  1296473   103451  1296593   103001  1297799   696623   361271   853901   557663   992633   158303   962909   608693   778109   490661  1174319   524669   713663
   713681   524411  1174331   490631   778223   608591   963191   158261   993341   557519   853949   361001  1297019   343631  1056401   343559  1056521   343433  1056623   343169  1056929   342989  1057181   342389  1057631   342359  1057703   341993  1058543   341339  1058861   340793  1059293   340583  1059833   340079  1059941   339959  1060253   339659  1060349   339539  1060589   339263  1061393   338411  1061771   338171  1062251   696653   102983  1039001   546053   842483   406661  1241741   436811   791411   621779   909371   225671   875591   686321
   686141   875741   225503   909383   621701   791519   436343  1241771   406313   842519   545873  1039043   102911  1061849   478769   921581   478391   921743   478253   921761   477791   922331   477551   922463   477383   922643   477221   922853   476831   923249   476633   923399   476591   923579   476039   924281   475679   924383   475583   924713   475283   924731   475229   924929   474983   925079   474899   463949  1159259   338153  1297091   360959   854129   557483   993689   158231   963659   608483   778301   490619  1174499   524261   713861
   713903   524243  1174571   490481   778361   608459   963689   158189   994013   557273   854159   360863  1297349   338033   925163   470999   929009   470831   929333   470621   929393   470501   929549   470429   929963   469823   930191   469613   930719   469253   930773   468821   931199   468761   931319   468581   931529   468191   931943   467963   932189   467783   932303   467669   932471   467183   952829   678299   474839  1061969   102653  1039139   545843   842729   405989  1241813   436313   791543   621641   909521   225431   875759   686099
   685973   875783   225383   909539   621611   791573   436283  1242233   405731   842801   545789  1039349   102551  1062311   474809   932879   308291  1092269   307583  1092473   307523  1092593   307289  1092911   306941  1093109   306473  1093571   306263  1093991   305873  1094339   305483  1094531   305369  1094759   305033  1095023   304883  1095221   304763  1095251   304559  1095449   304541  1095491   698183   467123   925193   337691  1297451   360653   854213   557201   994271   157769   963719   608429   778391   490463  1174619   524219   714029
   714143   523673  1174739   490271   778529   608339   964433   157433   994319   557033   854351   360233  1297841   337301   925373   467003  1095569    67499  1332509    67289  1332833    67061  1332959    66863  1333151    66821  1333193    66749  1333289    66491  1333571    66191  1333841    66083  1334273    65633  1334393    65579  1334819    65099  1334969    64793  1335239    64439  1337411   696989   304433   932999   474629  1062701   102161  1039769   545651   842969   405683  1242569   435569   791663   621473   909731   225263   876329   685859
   685493   876371   225221   909761   621461   791699   435503  1242869   405611   842981   545579  1039931   102149  1062779   474533   933269   304331  1335683   291689  1108463   291443  1108703   290879  1109291   290489  1109531   290441  1109609   290219  1109813   290141  1110413   289469  1110539   289283  1110821   289049  1110971   289019  1111013   288851  1111169   288209  1113239   697271    64319  1095671   466733   925469   337223  1297853   360071   854423   557021   994391   157133   964499   608303   778541   490241  1174781   523631   714509
   714893   523571  1174883   490169   778559   608213   964583   157109   994913   556823   854459   360053  1297979   337121   925499   466673  1095779    64013  1111949   427421   972599   427379   972833   427001   973031   426563   973691   425939   974123   425813   974411   425489   974531   425291   974879   425003   975089   424679   975509   424481   975551   424331   418559  1255829   288053  1335989   304223   933329   474503  1062881   102023  1039949   545543   843179   405089  1242893   435419   791789   621443   909833   225119   876431   685109
   685031   876569   225089   909899   621359   791969   435179  1243169   405011   843209   544883  1039979   101963  1062911   474479   933551   304211  1336229   287921   975731   420599   979481   420293   980069   419921   980249   419609   980423   419513   980579   419291   980831   418793   981263   418349   981713   417941   982103   417869   982493   417173   983429   698039   424271  1112081    63773  1095791   466451   925523   337091  1298039   360023   855119   556793   994991   156833   964823   608033   778643   490103  1174913   523433   714971
   715193   523349  1175243   490031   778763   607961   964871   156659   995051   556373   855221   359981  1298111   337013   925559   466331  1095833    63761  1112129   424199   982841   267863  1132199   267593  1132583   267401  1132661   266993  1133513   266411  1133621   266369  1133651   266183  1133843   266099  1134299   265613  1134923   264899  1136183   697121   417161   975803   287873  1336241   304169   933671   474443  1062989   101891  1040021   544781   843629   404951  1243343   435131   792041   621239   909971   224759   876653   684809
   684773   876833   224591   910199   620999   792119   434831  1243481   404783   844061   544139  1040219   101741  1063019   474101   933923   304163  1336343   287801   975899   416849  1135403    39371  1360763    39233  1360811    39113  1361069    38921  1361099    38729  1361279    38711  1361363    38561  1361609    38303  1361741    38189  1361963   699191   264599   983153   424103  1112201    63659  1095839   466079   925901   336983  1298261   359783   855863   555941   995219   156521   965171   607883   779003   489803  1175411   523169   715229
   715289   523109  1175579   489551   779021   607823   965189   156491   995303   555491   855989   359663  1298279   336761   925943   465743  1095851    63533  1112333   423989   983783   264359  1361849   256901  1143113   256721  1143341   256199  1143953   255839  1144343   255653  1144499   255473  1144589   255179  1144919   255071  1146533   697691    38153  1135643   416219   976013   287669  1336469   304151   934259   474059  1063241   101723  1040339   544013   844511   404699  1243511   434813   792179   620981   910451   224423   876893   684713
   684191   876971   224351   910523   620933   792299   434699  1243631   404531   844619   543929  1040381   101693  1063319   473729   934301   304013  1336481   287279   976211   416153  1135733    37871  1145129   385481  1014779   385139  1014989   384941  1015361   384599  1015523   384173  1015913   383969  1016051   383891   368513  1346693   254873  1362131   264269   983849   423791  1112723    63521  1095989   465701   926273   336683  1298309   359621   856073   555383   995471   156371   965303   607703   779069   489479  1175651   523031   715811
   715889   522959  1175711   488711   779189   607619   965429   156329   995513   555293   856343   359231  1298489   336593   926423   465659  1096163    63473  1113029   423749   984329   264083  1362203   254699  1016453   382649  1017371   382553  1017749   381911  1018253   381443  1018583   381389  1018679   381239  1020143   698051   383549  1145303    37799  1135919   415673   976253   286973  1336529   303839   934343   473579  1063409   101513  1040771   543659   844709   404489  1243673   434573   792383   620813   911291   224291   877043   684113
   683939   877313   224153   911363   620771   792581   434363  1243883   404429   845111   543611  1040873   101429  1063649   473513   934721   303713  1336613   286541   976571   415661  1136153    37649  1145723   383429  1018769   241679  1158401   241511  1158539   241259  1158923   241049  1159049   240719  1159661   699221   381233  1016573   254279  1362353   263849   984341   423431  1113461    63389  1096289   465281   926489   336353  1298573   359129   856391   554891   995573   156119   965639   607421   779231   488639  1175849   522689   716063
   716171   522659  1175969   488381   779561   607181   965759   156059   995903   554699   856649   359111  1298723   336263   926561   465209  1096451    63353  1113509   423179   984359   263609  1362689   254213  1016681   381071  1159523    22709  1377359    22511  1377533    22349  1377659    22229  1398701   678959   240479  1018931   383321  1145789    37313  1136393   415643   976823   286493  1336649   303551   934793   473441  1063739   101279  1040891   543353   845303   404099  1243943   434243   792821   620441   911621   224033   877343   683831
   683681   877379   223919   911681   620429   792893   434201  1243961   403829   845333   543299  1040939   101183  1063781   473159   934883   303371  1336943   286301   976919   415409  1136411    37139  1145999   383219  1019093   240353  1377923   236813  1163231   236729  1163483   236339  1187201   676211    22079  1159649   380909  1016783   254003  1362863   263591   984593   423083  1113701    63059  1096631   465119   926843   336221  1298819   359063   856703   554669   996173   156041   965801   607109   779573   488321  1176083   522623   716321
   716351   522383  1176173   488171   779609   607043   965963   155861   996323   554639   856721   358733  1298951   336041   927533   465041  1096703    62639  1113713   422759   984611   263519  1362989   253919  1016849   380729  1159889    21929  1163783   374729  1025333   374441   374063  1351439   236219  1378073   240113  1019273   383153  1146083    37013  1136483   415391   977243   286289  1337363   303299   934961   472469  1063961   101051  1041269   543281   845363   403679  1244141   434039   792959   620393   911831   223829   877619   683651
   683603   878021   223781   911951   620303   793043   433889  1244153   403439   845879   543203  1041311   101021  1063973   472349   935003   303143  1337729   286103   977609   415253  1136579    36779  1146179   383081  1019351   240101  1378151   236153  1025669   374093  1131959   593951   374333  1163849    21851  1159901   380651  1016921   253823  1363223   263423   984749   422393  1113899    62273  1096859   464999   927653   336029  1298981   358691   856799   554123   996563   155849   966113   606959   779699   488051  1176221   521981   716399
   716411   521903  1176323   487829   780191   606899   966221   155741   996899   554051   856841   358541  1299059   335843   927671   464939  1096883    62219  1113941   422321   985079   263369  1363331   253679  1017041   380591  1160039    21839  1163873  1025891   919859   700001   480143   374111   236129  1378163   239963  1019411   382961  1146323    36671  1136633   414923   977681   286061  1337783   303119   935063   472331  1064159   100943  1041461   543161   845951   403103  1244261   433781   793103   619811   912173   223679   878099   683591
   683471   878183   223493   912269   619613   793139   433679  1244279   403049   846233   543149  1041653   100829  1064321   472319   935093   302921  1337801   286049   977693   414893  1136699    36599  1146521   382883  1019549   239873  1378199  1164323  1025153   806051   268043  1025909   374849   235679    21803  1160129   380453  1017119   253481  1363403   263303   985109   422309  1113953    62201  1097081   464909   927683   335681  1299173   358349   856853   553769   996953   155723   966323   606863   780389   487733  1176509   521819   716531
   716549   521723  1176521   487589   780671   606659   966431   155621   997001   553649   857069   358331  1299203   335669   927863   464819  1097111    62189  1114019   422183   985463   263183  1363751   253433  1017131   380363  1160219    12713   211271    48563   374669  1025561  1025939  1025273  1188731  1387289   239783  1019639   382871  1146569    36251  1136819   414539   977819   285983  1337813   302891   935183   472139  1064333   100799  1041671   542933   846353   403001  1244381   433571   793343   619331   912413   223481   878279   683453
   683381   878309   223469   912521   619169   793553   433079  1244393   402881   846359   542921  1041701   100733  1064339   472133   935189   302681  1337873   285953   977861   414503  1136831    36209  1146773   382709  1019693  1180241  1365503   723791   236771  1163273   236519  1163663   212801  1163189    34499   219761   380309  1017293   253229  1363793   263171   985499   422141  1114049    62129  1097321   464813   927869   335663  1299269   358301   857081   553643   997121   155609   966923   606449   780833   487481  1176533   521693   716621
   716981   521429  1176599   487469   781283   606311   967019   155579   997151   553601   857309   358223  1299299   335591   928043   464801  1097423    61961  1114271   421643   985571   263063  1363811   253133  1017299  1024883   217313   721043    22643  1377491    22469  1377653    22343  1377773     1301  1377293  1182689   375119   382703  1146869    36191  1136939   414431   978359   285731  1338041   302579   935201   471959  1064411   100703  1041779   542693   846401   402851  1244423   432983   793691   618719   912533   223403   878573   683021
   682811   878609   223361   912539   618593   793889   432713  1244501   402419   846563   542489  1041893   100511  1064549   471923   935261   302459  1338299   285641   978569   414389  1137263    35993  1146953  1017539   371321   700781   241601  1158491   241463  1158743   241079  1158953   240953  1159283   240341  1158323  1028681   382463   253049  1364009   262739   985613   421433  1114361    61703  1097543   464741   928079   335453  1299491   358109   857513   553439   997583   155501   967289   606113   781409   487463  1176641   521393   717191
   717323   521063  1176671   487133   781481   605993   967511   155399   997739   553253   857741   357809  1299533   335249   928253   464699  1097729    61631  1114721   421181   985781   262433  1364039   252431  1026911   701951   382631  1017449   382253  1018091   381749  1018559   381419  1018613   381323  1018763   379859  1017353   373091  1147571    35963  1137569   414221   978821   285281  1338371   302273   935303   471749  1064753   100469  1042193   542261   846749   402263  1244603   432491   794009   618521   912869   223331   878939   682679
   682511   879089   223133   912929   618413   794141   432281  1244699   402053   847031   542021  1042331   100313  1064951   471671   935339   302123  1338443   285191   978839   414203  1137611  1371683  1142021    53309   385223  1014863   385013  1015061   384641  1015403   384479  1015829   384089  1016033   383951  1016111  1031489  1014521   257981    28319   262391   985799   421163  1114811    61559  1097879   464663   928331   335051  1299689   357671   857981   552971   997949   155303   967721   605861   781589   487073  1176869   520913   717491
   717539   520889  1176899   487049   781673   605849   967751   155009   997973   552899   858101   357551  1299833   334991   928409   464621  1097891    61463  1114931   420941   985871   262193    25253   702311   256889  1143281   256661  1143803   256049  1144163   255659  1144349   255503  1144529   255413  1144823   255083  1144931   253469  1143101  1374749  1137809   414131   979061   285071  1338539   302111   935381   471593  1065011   100169  1042451   541901   847103   402029  1244993   432251   794153   618329   912953   223103   879113   682463
   682421   879239   223019   913331   618269   794363   432143  1245479   401993   847169   541889  1042529   100103  1065209   471539   935399   301979  1338671   284813   979103  1002359  1130783   700811    39239  1360769    39191  1360889    38933  1361081    38903  1361273    38723  1361291    38639  1361441    38393  1361699    38261  1361813    38039  1360631   269219   397643   420899  1115189    61331  1098023   464603   928463   334793  1299899   357473   858113   552833   998009   154523   967859   605639   781733   486671  1176983   520763   717581
   717851   520703  1177223   486569   781883   605603   967979   154493   998681   552809   858239   357431  1299953   334319   928469   464381  1098101    61253  1115273   980801   390101   702881   267803  1132409   267419  1132601   267341  1133009   266489  1133591   266381  1133633   266351  1133819   266159  1133903   265703  1134389   265079  1135103   263819  1132139  1009901   419201   284729  1338749   301901   935621   471533  1065683   100049  1042571   541763   847193   401321  1245509   432023   794399   618119   913433   222779   879299   682151
   682079   879353   222461   913709   618083   794471   431891  1245689   400853   847271   541721  1042709    99971  1066283   471353   935651   301601  1338791  1115573   970481   701963   420521   979709   419933   980081   419753   980393   419579   980489   419423   980711   419171   981209   418739   981653   418289   982061   417899   982133   417509   982829   416573   979403   429521   284429    61211  1098401   464351   928649   333719  1300031   357293   858281   552731   999149   154313   968111   605531   781919   486293  1177541   520649   717923
   718163   520631  1177613   486203   781961   605471   968273   154211   999359   552401   858479   356819  1300073   333623   928703   464141  1098509    60659   276623   144173   427403   972623   427169   973001   426971   973439   426311   974063   425879   974189   425591   974513   425471   974711   425123   974999   424913   975323   424493   975521   424451   975671   981443   972581  1123379  1339343   301493   935861   471299  1066379    99929  1043183   541523   847601   400643  1245791   431729   794531   618041   913799   222389   879371   681839
   681833   879413   222269   914579   618029   794669   431621  1245929   400481   847949   541439  1043453    99809  1066511   471209   935999  1103483  1331471   702731   291539  1108559   291299  1109123   290711  1109513   290471  1109561   290393  1109783   290189  1109861   289589  1110533   289463  1110719   289181  1110953   289031  1110983   288989  1111151   288833  1111793   286763  1108313    68531   296519   464003   928793   333491  1300193   356549   858563   552053   999521   154073   968381   605333   781973   485423  1177733   520589   718169
   718271   520379  1178003   485411   782123   605309   968573   153941   999611   552011   858701   356501  1300283   333479   928913   944399   289733   703013    67493  1332713    67169  1332941    67043  1333139    66851  1333181    66809  1333253    66713  1333511    66431  1333811    66161  1333919    65729  1334369    65609  1334423    65183  1334903    65033  1335209    64763  1335563    62591  1332503  1110269   455603   471089  1066523    99719  1043501   541301   847991   400391  1246061   431429   794693   617879   914591   221999   879623   681731
   681623   879653   221813   914801   617873   794741   431339  1246073   400331   848051   541181  1043759    99713  1066553   470933   428411   701819   307733  1092419   307529  1092479   307409  1092713   307091  1093061   306893  1093529   306431  1093739   306011  1094129   305663  1094519   305471  1094633   305243  1094969   304979  1095119   304781  1095239   304751  1095443   304553  1095461   304511  1091711   971591   929069   333449  1300289   356243   858821   551951   999671   153929   968663   605261   782129   485201  1178189   520349   718379
   718463   520313  1178273   485021   782183   605123   968939   153719  1000151   551801   858953   356171  1300391  1067009  1382393   721703   470993   929171   470669   929381   470609   929501   470453   929573   470039   930179   469811   930389   469283   930749   469229   931181   468803   931241   468683   931421   468473   931811   468059   932039   467813   932219   467699   932333   467531   932819   447173   929003    17609   332993    99611  1043831   541049   848201   399851  1246283   431063   794879   617819   914981   221729   879689   681539
   681341   880031   221453   915251   617333   794993   430823  1246313   399689   848273   540779  1043873  1302029   321851   240743   478421   921611   478259   921749   478241   922211   477671   922451   477539   922619   477359   922781   477149   923171   476753   923369   476603   923411   476423   923963   475721   924323   475619   924419   475289   924719   475271   924773   475073   925019   474923   925103   936053   921233  1078151    97973   356129   859223   551729  1000313   153689   969179   605009   782669   484751  1178549   519971   718661
   718691   519803  1178591   484691   782849   604931   969233   153641  1000721   551423   859373  1050083    87629   703349   343601  1056443   343481  1056569   343379  1056833   343073  1057013   342821  1057613   342371  1057643   342299  1058009   341459  1058663   341141  1059209   340709  1059419   340169  1059923   340061  1060043   339749  1060343   339653  1060463   339413  1060739   338609  1061591   338231  1061831   337751  1056371  1312373   349919   540629   848579   399281  1246361   430769   795071   617153   915311   221411   880199   681311
   680993   880421   221393   915641   617039   795653   430571  1246379   399239   848681   540203  1019801   703379   107903  1292261   107693  1292549   107309  1292729   107201  1292831   106823  1293251   106181  1293839   106103  1293983   105983  1294031   105899  1294301   104999  1295069   104801  1295243   104723  1295309   104681  1295543   104399  1295993   103991  1296023   103913  1296419   103529  1296551   103409  1297001   102203  1291991   380201   859799   551321  1000763   153623   969431   604349   782963   484361  1178609   519581   719009
   719351   519413  1178699   484151   783011   604343   969503   153521  1000829   550469  1158611    22091   367121  1033001   366941  1033079   366713  1033541   366341  1033829   366161  1034069   365513  1034513   365411  1034771   364739  1035479   364241  1036229   363731  1036319   363611  1036631   363173  1036853   363119  1036943   362753  1037261   362561  1037903   361973  1038041   361799  1038209   361499  1038539   361373  1038689  1042439  1032839   241391   849533   399173  1246481   430499   795659   616991   915851   221303   880589   680651
   680321   880871   221159   915911   616871   796001   430433  1246631  1001459  1122041   393671   551069   849143   550841   849311   550541   849833   550163   850139   549749   850301   549569   850571   549323   850781   549149   850979   548909   851159   548831   851231   548579   851549   548399   851639   548201   851813   547901   852149   547823   852233   547763   852641   547121   853133   546719   853319   546599   853493   546263   853763   854771   848909   277961   398543   153371   969569   604001   783131   484091  1178843   519131   719681
   719753   519119  1178909   483971   783329   603881   969713  1247621   976721   417731   564269   835811   563813   836501   563249   836921   563051   837059   562931   837413   562493   837731   562169   838193   561599   838583   561389   838751   561083   838949   560621   839441   560543   839471   560393   839831   560123   839921   560039   840299   559649   840473   559523   840491   559319   840743   558611   841601   558251   841793   558113   842021   843443   835643   423281   152381   430289   796121   616673   916031   221093   880883   680249
   680189   881171   221021   916049   616643   796151   978689   123269   111641   412901   987143   412793   987383   412493   987659   412289   987809   412133   987929   412031   987983   411941   988319   411563   988511   411143   988901   410903   989381   410561   989663   410171   989909   410063   990179   409709   990503   409121   991031   408959   991079   408911   991229   408689   991343   408491   991541   408251   991871   408071   991961   407861   992219   998759   987053  1276733   421313   603851   783359   483953  1178981   518831   719813
   720173   518729  1179281   483929   783413   602729   938831   721013   163673  1236533   163259  1236791   163199  1237013   162971  1237121   162839  1237211   162749  1237373   162473  1237589   162263  1237949   161969  1238129   161783  1238273   161591  1238429   161543  1238693   161201  1238843   160649  1239449   160541  1239593   160403  1239839   160091  1239923   160031  1239983   159683  1240511   159311  1240709   159233  1240793   159023  1241159   158759  1241369   140363  1236161   461171   797273   616589   916073   220721   881273   679829
   679823   881591   220709   916451   783641   972899   173219   443369   956759   443171   956843   443153   957041   442781   957431   442439   957731   442229   957821   442151   958049   441839   958289   441563   958523   441461   958553   441263   958901   441029   959099   440723   959333   440651   959561   440399   959831   439949   960119   439811   960293   439661   960389   439583   960581   439409   960803   438869   961241   438551   961601   438341   961769   438131   961973   967259   956513   427103   616361   483551  1179293   518411   720179
   720221   518291  1179329   483071   760043   513839   616433   783689   616223   783791   615941   784181   615773   784379   615539   784481   615341   784841   614909   785153   614843   785249   614639   785459   614051   786173   613673   786551   613199   786833   613061   787079   612713   787331   612401   788009   611969   788129   611693   788399   611453   788561   611213   788813   611111   788933   610781   789419   610559   789533   610391   789671   610289   789731   609803   790403   799949   783473   639959   916931   220673   881711   679781
   679691   881849  1179839  1320623   544601   630263   769973   629963   770111   629873   770183   629711   770519   629429   770591   629339   770993   628709   771503   628493   771623   628373   771809   628139   772091   627773   772391   627383   772649   627089   773039   626921   773231   626609   773609   626063   773951   625979   774119   625871   774239   625451   774593   625199   774821   625169   775163   624809   775601   624191   776471   623351   777209   622781   777251   622619   777389   781493   769289    79379   220163   518153   720311
   720569   517919   186161   284423   499133   901013   498923   901169   498791   901253   498599   901451   497993   902039   497801   902261   497501   902579   497411   902723   497153   902933   496733   903563   495983   904049   495899   904181   495713   904511   495401   904643   495323   904733   495221   904931   494789   905381   494381   905909   494051   906023   493973   906293   493541   906539   493301   906809   493133   906881   492839   907331   492413   907703   491873   908183   491789   908363   911663   900863  1213841   882083   679433
   679319  1214711   723071   234791  1165349   234473  1165721   234203  1165919   233861  1166393   233591  1166453   233423  1166723   233201  1166861   232919  1167251   232709  1167359   232103  1167953   231701  1168403   231551  1168523   230819  1169633   230213  1169879   230063  1170023   229799  1170233   229751  1170593   229403  1170779   229199  1170821   229139  1171073   228869  1171421   228539  1171523   228383  1171661   228281  1171979   227993  1172273   227651  1172393   227471  1172543   227219  1172921   207821  1165193   185291   720683
   742619   355193   533999   866009   533921   866093   533879   866279   533693   866639   533219   866969   532739   867401   532439   867623   532349   867689   532283   867803   531983   868271   531689   868379   531551   868739   531203   869249   530711   869399   530531   869489   530501   869663   530249   869819   530093   869951   529871   870173   529673   870731   529259   870773   529049   871181   528413   872159   527633   872411   527453   872561   527393   872621   527159   873263   526709   873419   526139   874109   874331   865889   657383
   666119   696323   703721   696239   703883   696053   704003   695603   704441   695141   704933   695003   705461   694511   705521   694313   705779   693851   706193   693701   706313   693629   706499   693323   706913   693041   707249   692543   707543   692441   707669   692249   707939   692051   708011   691979   708053   691871   708161   691709   708371   691433   708593   691199   708893   691079   709283   690533   709679   690233   709913   689951   710081   689603   710441   689441   710609   689309   710909   688979   711131   726779   703643
