   106727   173297   106661   173531   106367   173669   106331   173699   106277   173897   106109   174047   105761   174491   105491   174569   105401   174659   105269   174767   105167   175229   104537   175601   104369   175691   104309   175811   103997   176051   103889   176207   103529   176507   103421   176609   103319   176711   103091   176951   103007   177257   102587   177467   102101   179849   136139
   178127    68087   212039    67961   212117    67607   212507    67391   212669    67217   212837    67121   212969    66809   213449    66377   213659    66191   213881    66089   213947    66041   213989    65927   214439    65537   214499    65327   215141    64709   215351    64601   215801    64109   215927    64037   216179    63689   216347    63647   216401    63587   216551    63377   217121   137147   101891
   101771   216719    12119   268049    11927   268211    11579   268529    11471   268607    11261   268841    10979   269069    10799   269237    10691   269351    10631   269429    10499   269561    10139   269939    10037   270131     9851   270269     9719   270329     9491   270539     9467   270587     9281   270761     9227   270797     8951   271169     8837   271211     8741   272477   137597    63299   178247
   178481    62861   271409    48341   231719    48239   231821    48179   232049    47711   232409    47309   232811    47147   232907    47057   233021    46901   233141    46817   233267    46691   233417    46349   233747    46181   233969    45989   234131    45869   234191    45821   234239    45737   234341    45587   234461    45491   234629    44927   235199    44777   237929   135851     8609   217157   101537
   101531   217199     8501   235289    68777   211247    68699   211349    68447   211619    68207   211877    58451   221747    58211   221849    58067   221957    58031   222041    57881   222329    57557   222731    57179   222941    57041   223019    56957   223211    56687   223337    56489   223781    56099   224069    55889   224201    55691   224351    55589   225569   137177    44729   271517    62819   178487
   178859    62597   271571    44711   224579    52067   228077    51767   228299    51659   228419    51539   228539    51437   228587    51407   228677    51287   228881    51131   228959    50891   229469    50417   229631    50291   229841    50069   230081    49727   230471    49451   230807    49199   230849    49157   230999    48821   231479    48407   243227   126317    55439   235307     8447   217421   101159
   101141   217517     8231   235397    55259   238967    20897   259169    20807   259229    20747   259379    20441   259619    20327   259841    20051   260081    19577   260549    19301   260807    19157   260879    19031   261017    18959   261071    18917   261347    18587   261557    18311   261761    18131   261959    18047   261977    17939   266177   134669    41051   224759    44621   271787    62501   178877
   178907    62459   272009    44579   224891    40949   262109   112979   167051   112919   167117   112859   167261   112589   167441   112481   167621   112289   167771   112241   167879   112031   168197   111791   168527   111341   168869   111119   169049   110951   169079   110921   169199   110777   169307   110609   169889   109961   170081   138101    17909   239069    55127   235439     8009   217559   101111
   100907   217667     7877   235601    55109   239171    17891   170099     2441   277637     2267   277889     2099   278087     1907   278147     1811   278321     1559   278591     1409   278651     1301   278741     1217   278867     1109   279047      887   279137      839   279221      701   279431      467   279557      359   152531   266051   109919   262127    40847   224909    44417   272141    62351   179111
   179369    62327   272189    44357   224969    40787   262271   109829   279707    14411   265841    14057   266009    13907   266117    13859   266261    13721   266369    13469   266681    13331   266759    13217   266867    13127   266897    13109   267017    12791   267479    12497   267581    12347   267737    12269   274847   131687      311   170189    17747   239231    55049   235661     7829   217691   100649
   100547   217829     7817   235751    54941   239441    17681   170267      257   267791     3491   276557     3347   276767     3191   276929     3041   277007     2861   277217     2687   277427   137399   142799   136859   143177   136769   143291   136541   143537   136319   144299   135479   144569   135389   132137   151157    12227   279761   109751   262337    40577   225077    44267   272201    62189   179471
   179549    62081   272369    44207   225149    40529   262349   109481   279767     5279   144671   117899   162209   117797   162287   117659   162629   117269   162779   117101   162947   116849   163199   116681   163469   116537   163487   116381   163841   116159   163991   115979   164117   115769   115631   187559   135347   274739      251   170537    17669   239489    54869   235811     7649   217937   100469
   100361   217979     7607   235889    54851   239531    17627   170627      239   274787   135281   164267    70229   209819    70157   209939    69827   210209    69761   210461    69491   210761    69191   210869    69011   211199    37619   242447    37397   242639    37337   242819    37019   249677   132329   115751   144737     5231   279779   109391   262391    40487   225167    44129   272411    62039   179657
   179909    61949   272537    44021   225371    40169   262541   109097   279977     5189   144887   115727   243119    90977   189377    90617   189491    90401   189929    90071   190121    89627   190787    89189   190997    88997   191099    88721   191519    88397   191717    88019    85247   244889    36899   164291   135131   274829       41   170921    17477   239849    54647   235997     7481   218069   100109
   100049   218381     7451   236021    54539   240047    17321   171047       17   274871   135119   164429    36857   192149    95369   184829    95021   185057    94949   185177    94727   185309    94649   185477    94397   185711    94229   185897    93911   186191    93719   196541   129011    87869   243161   115589   144899     5147   280001   108971   262697    39971   225479    43997   272567    61637   179969
   179999    61559   272771    43889   225581    39929   262901   108887   280013     5087   144917   115571   243197    87767   186317    92297   187907    91997   188621    91331   188891    91079   188999    86291   194027    85931   194267    85427   194687    85199   201701   131501    93701   192251    36821   164447   135101   274931        5   171131    17117   240089    54437   236129     7247   218459   100019
    99881   218531     7211   236231    54347   240131    16889   171341   139721   275087   135077   164471    36809   192317    93581   194981    74201   205967    74027   206291    73607   206447    73529   206501    73421   206639    73121   206939    72977   250721    95747    85037   186437    87701   243209   115547   144941     4931   140297   108677   263129    39887   225671    43787   272807    61487   180137
   180179    61469   272999    43721   225749    39821   263369   108401   140321     4889   145109   115019   243239    87671   186647    84947   207329    21341   258827    21101   258959    15269   264791    15137   265151    14747   265277    14591   148457   256469    72689   195071    93371   192347    36779   164999   134909   275129   139697   171617    16649   240197    54269   236297     7019   218549    99839
    99707   218849     6971   236477    54251   240257    16631   171641   139301   275147   134507   165551    36587   192377    93329   195161    72647   265571    33329   246707    33287   246839    33119   246947    32987   247229    32717   257297   129641    14447   207371    84857   186689    87641   243431   114467   145511     4871   140717   108377   263387    39761   225767    43541   273047    61169   180311
   180437    61031   273059    43499   226007    39671   263399   108359   140831     4817   145547   114407   243521    87587   186761    84737   207401   133337   247409    75227   204857    74861   205187    74699   205421    74531   249311    95987    32609   146681    72617   195281    93257   192431    36497   165611   134471   275201   139187   171659    16619   240347    54011   236519     6959   218987    99581
    99527   219017     6911   236627    53849   240437    16607   171671   139121   275339   134417   165707    36479   192461    93059   195359    72497   146777    32579   205529    71429   208631    71129   209039    70769   148079   200987    74489   247439   133241   207521    84659   186959    87557   243539   114311   145601     4679   140897   108347   263411    39581   226169    43391   273107    61001   180491
   180617    60899   273149    43319   226199    39509   263489   108191   140909     4349   145679   114299   243809    87407   187067    84629   207551   133169   247607    74411   209567    28229   252017    26861   147761   245177    70451   205607    32411   146849    72467   195389    92951   192611    36209   165719   134339   275669   139109   171827    16529   240509    53819   236699     6869   219119    99401
    99371   219281     6737   236867    53777   240599    16481   171929   139079   275729   134219   165749    36161   192737    92927   195497    72221   146921    32369   205661    70379   252101   122789   184199   113039    27917   209639    74357   247649   133097   207797    84521   187091    87281   243857   114269   145799     4289   140939   108089   263537    39419   226241    43151   273281    60737   180647
   180701    60647   273359    43037   226337    39359   263567   107837   141041     4079   145931   114161   243911    87251   187217    84437   207941   132989   247691    74297   244901   254987   130259   140009   149759    25031    35117   205721    32327   147029    72077   195581    92801   192767    36107   165857   134087   275939   138977   172181    16451   240659    53681   236981     6659   219371    99317
    99017   219407     6491   237089    53639   240677    16427   172331   138917   275969   133967   165941    35897   192977    92681   195887    72047   147047    32321   208469   151817   129887   166979    95819   157229   150131   128201    71549   247697   132971   207971    84131   187337    87041   244121   114077   146051     4049   141101   107687   263591    39341   226379    42929   273527    60611   181001
   181019    60527   273569    42839   226409    39317   263597   107309   141221     4019   146099   113759   244217    86837   187361    84089   208139   132929   247781   209579   152939    34841    28001   253157   132257   251789   127079    70439    32237   147089    71879   195929    92657   193181    35801   166259   133919   275999   138797   172709    16421   240701    53609   237179     6449   219491    98999
    98807   219761     6389   237509    53591   240899    16361   173039   138647   276011   133877   166301    35771   193247    92639   195971    71741   147107    23297    22877    79031    71387   208889    70979   209249   131939   208589   257141   256721   132911   208277    84047   187379    86771   244247   113717   146141     4007   141371   106979   263657    39119   226427    42509   273629    60257   181211
   181301    60251   273719    42437   226511    38891   263927   106937   141629     3881   146249   113417   244481    86477   187631    83639   208319   130769   245339   184031    75161   205157    74831   205319    74597   205487    30707   204791    34679   149249    71699   196379    92387   193541    35537   166601   133769   276137   138389   173081    16091   241127    53507   237581     6299   219767    98717
    98621   219809     6221   237737    53381   241271    16067   173141   138311   276239   133709   166739    35381   193577    92381   196439   209021   258611   150377    33311   246731    33179   246899    33071   247031    32789   247301    22721   246689    21407    70997    83579   187637    86441   244637   113279   146309     3779   141707   106877   263951    38747   226637    42281   273797    60209   181397
   181421    60167   273821    42227   226691    38501   263957   106751   141767     3767   146369   113177   244691    86399   187661   248627    24809    23549    21191   258917    21059   264749    15227   264881    14867   265271    14741   265427   131561   258677   255209    31391    92357   193619    35327   166841   133649   276251   138251   173267    16061   241517    53327   237791     6197   219851    98597
    98561   219911     6089   237821    53201   241559    15959   183059   138077   276257   133541   166847    35159   193649   188519    14939   184271    74051   205991    73727   206411    73571   206489    73517   206597    73379   206897    73079   207041    29297   205817   265079    91499    86369   244859   113171   146477     3761   141941    96959   264059    38459   226817    42197   273929    60107   181457
   181499    60101   273971    42017   226871    38351   264137    96851   141959     3671   146519   113147   244877   193847    78017   148517    92111   188021    91397   188687    91127   188939    91019   193727    85991   194087    85751   194591    85331   194819    78317   187721   202001    86171    35141   166871   133499   276347   138059   183167    15881   241667    53147   238001     6047   219917    98519
    98411   219941     6011   238019    53117   241691    15797   183191   137999   276359   133379   166967    34739   187349   151007    95189   184997    94961   185069    94841   185291    94709   185369    94541   185621    94307   185789    94121   186107    93827   186299    83477   184649    92669   245279   113051   146639     3659   142019    96827   264221    38327   226901    41999   274007    60077   181607
   181721    60041   274121    41981   227081    38237   264269    96581   142061     3617   146669   200117   203387    35129    90641   189401    90527   189617    90089   189947    89897   190391    89231   190829    89021   191021    88919   191297    88499   191621    88301   191999   194771   189041    76631    79901   133349   276401   137957   183437    15749   241781    52937   238037     5897   219977    98297
    98129   220019     5879   238247    52859   241817    15647   183461   137867   276461   163151   124097   147689    70199   209861    70079   210191    69809   210257    69557   210527    69257   210827    69149   211007    68819   242399    37571   242621    37379   242681    37199   242999    30341   209789   155921   116867     3557   142151    96557   264371    38201   227159    41771   274139    59999   181889
   182009    59627   274277    41687   227387    38039   264437    96431   142169   142697   259001    92459   117809   162221   117731   162359   117389   162749   117239   162917   117071   163169   116819   163337   116549   163481   116531   163637   116177   163859   116027   164039   115901   164249   164387   162119    21017   137321   137849   183587    15581   241979    52631   238331     5741   220391    98009
    97961   220667     5717   238397    52529   242129    15359   183797   137699   126131   128861     3461   276671     3251   276827     3089   276977     3011   277157     2801   277331     2591   142619   137219   143159   136841   143249   136727   143477   136481   143699   135719   144539   135449   144629   147881   276527   153887   142319    96221   264659    37889   227489    41621   274301    59351   182057
   182099    59207   274349    41579   227501    37871   264731   188261   265247   148331    14177   265961    14009   266111    13901   266159    13757   266297    13649   266549    13337   266687    13259   266801    13151   266891    13121   266909    13001   267227    12539   267521    12437   267671    12281   267749     5171   265607    14771    91757    15287   242147    52517   238439     5669   220811    97919
    97859   220859     5657   238499    52457   242171   267857    75557    13967     2381   277751     2129   277919     1931   278111     1871   278207     1697   278459     1427   278609     1367   278717     1277   278801     1151   278909      971   279131      881   279179      797   279317      587   279551      461   279659   127487   277577   204461    12161    37847   227561    41519   274361    59159   182159
   182177    59141   274517    41189   227627   250451     2417   141917   112967   167099   112901   167159   112757   167429   112577   167537   112397   167729   112247   167777   112139   167987   111821   168227   111491   168677   111149   168899   110969   169067   110939   169097   110819   169241   110711   169409   110129   170057   109937   167039   277601    29567    52391   238829     5501   220877    97841
    97547   221021     5351   238841    52289     3389   145349    20849   259211    20789   259271    20639   259577    20399   259691    20177   259967    19937   260441    19469   260717    19211   260861    19139   260987    19001   261059    18947   261101    18671   261431    18461   261707    18257   261887    18059   261971    18041   262079    13841   259121   276629   227729    41177   274667    58997   182471
   182519    58757   274709   238877   209837   153701    51941   228251    51719   228359    51599   228479    51479   228581    51431   228611    51341   228731    51137   228887    51059   229127    50549   229601    50387   229727    50177   229949    49937   230291    49547   230567    49211   230819    49169   230861    49019   231197    48539   231611    36791   227951    70181    41141     5309   221261    97499
    97379   221537   139907    31379   142841    68771   211319    68669   211571    68399   211811    68141   221567    58271   221807    58169   221951    58061   221987    57977   222137    57689   222461    57287   222839    57077   222977    56999   223061    56807   223331    56681   223529    56237   223919    55949   224129    55817   224327    55667   224429    54449   211241   248639   140111    58481   182639
   182867   221909   132347   144167    48299   231779    48197   231839    47969   232307    47609   232709    47207   232871    47111   232961    46997   233117    46877   233201    46751   233327    46601   233669    46271   233837    46049   234029    45887   234149    45827   234197    45779   234281    45677   234431    45557   234527    45389   235091    44819   235241    42089   231677   147671    58109    97151
   185849    47939   142421    11969   268091    11807   268439    11489   268547    11411   268757    11177   269039    10949   269219    10781   269327    10667   269387    10589   269519    10457   269879    10079   269981     9887   270167     9749   270299     9689   270527     9479   270551     9431   270737     9257   270791     9221   271067     8849   271181     8807   271277     7541   267899   232079    94169
    83117   142871    67979   212057    67901   212411    67511   212627    67349   212801    67181   212897    67049   213209    66569   213641    66359   213827    66137   213929    66071   213977    66029   214091    65579   214481    65519   214691    64877   215309    64667   215417    64217   215909    64091   215981    63839   216329    63671   216371    63617   216431    63467   216641    62897   211931   196901
   143879   106721   173357   106487   173651   106349   173687   106319   173741   106121   173909   105971   174257   105527   174527   105449   174617   105359   174749   105251   174851   104789   175481   104417   175649   104327   175709   104207   176021   103967   176129   103811   176489   103511   176597   103409   176699   103307   176927   103067   177011   102761   177431   102551   177917   100169   173291
