   116849   163199   116681   163469   116537   163487   116381   163841   116159   163991   115979   164117   115769   164267   115727   164387   115589   164447   115547   164999   114467   165611   114311   165719   114269   165857   114077   166259   113717   166601   113279   166841   113171   166871   113051   166979   112997   167039   112967   167099   112901   167159   112757   167429   112577   167777   137219
   167537    77951   202529    77351   202679    77267   202757    77201   202877    77069   203057    76697   203339    76667   203387    76487   204251    75707   204329    75659   204377    75557   204587    75377   204749    75227   204857    74861   205187    74699   205421    74531   205529    74411   205661    74297   205817    74051   205991    73727   206411    73571   206489    73517   207401   136841   112481
   112397   206597    19469   260717    19211   260861    19139   260987    19001   261059    18947   261101    18671   261431    18461   261707    18257   261887    18059   261971    18041   262079    17909   262127    17747   262337    17669   262391    17477   262697    17117   263129    16649   263387    16619   263411    16529   263537    16451   263591    16421   263657    16091   264137   138251    73421   167621
   167729    73379   263951    57557   222731    57179   222941    57041   223019    56957   223211    56687   223337    56489   223781    56099   224069    55889   224201    55691   224351    55589   224579    55259   224891    55109   224969    54941   225149    54851   225371    54539   225569    54437   225671    54269   225767    54011   226169    53819   226241    53681   226409   137849    16067   206639   112289
   112247   206897    16061   226379    78737   201449    78437   201701    78191   201881    78017   202049    68771   211319    68669   211571    68399   211811    68141   211931    67979   212057    67607   212507    67391   212669    67217   212837    67121   212969    66809   213449    66377   213659    66191   213881    66089   213947    66041   213989    65927   215417   137147    53639   263957    73121   167771
   167879    73079   264059    53591   214439    61469   218849    61001   219119    60737   219371    60611   219491    60257   219767    60209   219851    60107   219917    60077   219977    59999   220391    59351   220811    59159   220877    58997   221261    58481   221567    58271   221807    58169   221909    58067   221957    58031   222137    57689   234131   126461    65579   226427    15959   206939   112139
   112031   207041    15797   226511    65537   229841    30047   249989    30011   250091    29819   250259    29717   250451    29399   250721    29231   250871    29129   251057    28901   251159    28817   251387    28541   251501    28499   251609    28229   252017    27917   252209    27617   252509    27407   252737    27239   252827    27107   253427   137867    50177   214481    53507   264221    72977   167987
   168197    72689   264269    53381   214499    50069   253157   123377   156677   123311   156749   123077   157061   122891   157229   122741   157457   122279   157799   122117   157991   121889   158231   121661   158597   121271   158759   121169   158867   121001   159119   120851   159347   120587   159617   120041   160001   119849   161087   137597    26861   229949    65519   226637    15749   207329   111821
   111791   207371    15647   226691    65327   230081    26711   160319     9689   270527     9479   270551     9431   270737     9257   270791     9221   271067     8849   271181     8807   271277     8609   271517     8447   272009     7877   272189     7817   272369     7607   272477     7481   272567     7247   272807     7019   274517   136859   119699   253307    49937   214691    53327   264371    72647   168227
   168527    72497   264437    53201   215141    49727   253349   119321   273047    22157   257981    22031   258107    21821   258317    21611   258449    21491   258551    21407   258617    21341   258827    21101   258959    21017   259121    20849   259211    20789   259271    20639   259577    20399   259691    20177   260441   138311     6971   160697    26669   230291    64877   226817    15581   207521   111491
   111341   207551    15359   226871    64709   230471    26417   160751     6959   259967    10667   269387    10589   269519    10457   269879    10079   269981     9887   270167     9749   270299     5087   275087     4889   275147     4817   275339     4349   275729     4079   275999     4007   276137     3779   279659   135479    20051   273059   119267   253601    49547   215309    53147   264659    72467   168677
   168869    72221   264731    53117   215351    49451   253661   119237   273107    19937   276251   129587   150617   129221   150929   129011   151049   128861   151397   128411   151667   128147   152039   127637   152417   127487   152717   127289   152777   127139   152939   127037   153191   126611   105401   186647     3767   260081     6911   160781    26357   230567    64667   226901    15287   207797   111149
   111119   207941    15269   227081    64217   230807    26339   161267     6869   267017     3761   153701    80141   199967    79901   200171    79841   200201    79427   200639    79319   200867    79031   201209    46601   233669    46271   233837    46049   234029    45869   234191    45821   234239   138917   126317   276257    13001   273149   118751   253679    49211   215801    52937   264749    72077   168899
   169049    72047   264791    52859   215909    49199   253751   118709   273281    12791   276347   126131   234281    99881   180179    99707   180437    99527   180617    99371   180701    99017   181019    98807   181301    98621   181421    98561   181499    98411   181721    98129   187721   133541    45737   153887     3671   267227     6737   161309    26267   230819    64109   227159    15227   207971   110969
   110951   208139    15137   227387    64091   230849    26249   161561     6659   267479     3659   153911    45677   182009   105251   175229   104537   175601   104369   175691   104309   175811   103997   176051   103889   176207   103529   176507   103421   176609   176699   100547   141917    98009   234341   126107   276359    12539   273359   118457   253769    49169   215927    52631   264881    71879   169067
   169079    71741   265079    52529   215981    49157   253907   118277   273527    12497   276461   125921   234431    97961   176711   100907   179369   100469   179657   100169   179909   100049   179999    96059   184031    95819   184271    95507   184577    95369   188891   135101   103307   182057    45587   154097     3557   267521     6491   161741    26111   230861    64037   227489    14939   208277   110939
   110921   208319    14867   227501    63839   230999    26099   161771     6449   267581     3491   154229    45557   182099   103091   184829    84089   195971    83639   196439    83477   196661    83267   196799    83117   197009    82811   197261    82721   244217    92657    95189   176927    97919   234461   125789   276527    12437   273569   118247   253919    49019   216179    52517   265151    71699   169097
   169199    71549   265247    52457   216329    48821   254021   118211   273629    12347   276557   125429   234527    97859   176951    95021   197597    30161   249881    30071   257141    22769   257297    22697   257339    22637   257399    22571   194267   195887    82421   184997   103067   182159    45491   154589     3461   267671     6389   161807    25997   231197    63689   227561    14771   208469   110819
   110777   208589    14747   227627    63671   231479    25391   161957     6299   267737     3389   154619    45389   182177   103007   185057    82307   257627    41621   238439    41519   238829    41177   238877    41051   239069    40847   241271   137399    22391   197711    94961   177011    97841   234629   125399   276629    12281   273719   118061   254627    48539   216347    52391   265271    71429   169241
   169307    71387   265277    52289   216371    48407   254987   117959   273797    12269   276671   125231   235091    97547   177257    94949   198047    22307   239231    85037   195071    84857   195281    84659   195389    84521   244247    91019    40787   257711    81971   185069   102761   182471    44927   154787     3347   267749     6221   162059    25031   231611    63647   227729    14741   208631   110711
   110609   208889    14591   227951    63617   231677    24821   162119     6197   267791     3251   154799    44819   182519   102587   185177    81839   277919    40577   195581    80279   199811    43997   236129    43787   236981   139079    84437   239441     2099   198179    94841   177431    97499   235199   125219   276767    12227   273821   117899   255197    48341   216401    52067   265427    71129   169409
   169889    70997   265571    51941   216431    48299   255209   117809   273929    12161   276827   125141   235241    97379   177467    94727   198257     1931   239489    81119   236297    35141   244889    35117   246251   138647    43721   198899    40529   278087    81761   185291   102551   182639    44777   154877     3191   267857     6089   162209    24809   231719    63587   228077    14447   209021   110129
   109961   209039    14411   228251    63467   231779    24767   162221     6011   267899     3089   155027    44729   182867   102101   185309    81737   278147    40487   198941    43499   245171    93911   238247    87869    34847   236519    81077   239531     1871   198281    94709   177917    97151   235289   124991   276929    12119   274007   117797   255251    48239   216551    51767   265607    70979   170057
   170081    70769   265841    51719   216641    48197   255467   117731   274121    11969   276977   124847   235307    96959   178127    94649   198347     1811   239849    81047   236627    34841   133967   140009   146051   245177    43391   198971    40169   278207    81671   185369   101891   183059    44711   155171     3041   268049     5897   162287    24551   231821    63377   228299    14177   209249   109937
   109919   209567    14057   228359    63299   231839    24359   162359     5879   268091     3011   155219    44621   183167   101771   185477    81527   278321    39971   199109   242171   243521   192149    41771   186107    36497    37847    80909   240047     1697   198491    94541   178247    96851   235397   124799   277007    11927   274139   117659   255659    48179   216719    51659   265961    70451   170099
   170189    70439   266009    51599   217121    47969   255767   117389   274277    11807   277157   124301   235439    96827   178481    94397   198647     1559   240089   199337      251   141371    35129   244901    33767   244877   279767    80681    39929   278459    81371   185621   101537   183191    44579   155717     2861   268211     5741   162629    24251   232049    62897   228419    14009   209579   109829
   109751   209639    13967   228479    62861   232079    24179   162749     5717   268439     2801   155741    44417   183437   101531   185711    81359   278609   241559    30911   140939    80207   236021    43889   236231    43037   199739   249107    38459     1409   198659    94307   178487    96581   235601   124277   277217    11579   274301   117269   255839    47939   217157    51539   266051    70379   170267
   170537    70229   266111    51479   217199    47711   255947   117239   274349    11489   277331   124097   235661    96557   178859    94229   198719   133337    34607   188999    84947   195161    84737   195359    84629   195497    35771   194981   245411   146681    81299   185789   101159   183461    44357   155921     2687   268529     5669   162779    24071   232307    62819   228539    13907   209789   109481
   109391   209819    13901   228581    62597   232409    24029   162947     5657   268547     2591   156131    44267   183587   101141   185849    43541   174257   142619    41579   238499    41189   238841    41141   238967    40949   239171    38747   238397   105761   236477    94169   178877    96431   235751   123887   277427    11471   274361   117071   255989    47609   217421    51437   266117    70199   170627
   170921    70181   266159    51431   217517    47309   256187   116867   274667    11411   277577   123791   235811    96221   178907   187907   186761    84131    30137   249947    22877   257249    22721   257321    22679   257381    22619   257447    85751   249857    93257    92111   101111   183797    44207   156227     2441   268607     5351   163151    23831   232709    62501   228587    13859   209837   109097
   108971   209861    13841   228611    62459   232811    23819   173141     5309   268757     2417   156437    44129   183881   186191    81041   187361    84047   196379    83579   196541    83357   196751    83219   196901    83009   197207    82757   197297    35801   195929   198977    93827    96137   235889   123581   277601    11261   274709   106877   256199    47207   217559    51407   266177    70157   171047
   171131    70079   266261    51341   217667    47147   256349   106751   274739    11177   277637   123551   235997   184487    92639   144917   100649   179549   100361   179849   100109   179969   100019   183959    95987   184199    95747   184511    95441   184649    91127   179111   187379    95531    44021   156467     2381   268841     5279   173267    23669   232871    62351   228677    13757   209939   108887
   108677   210191    13721   228731    62327   232961    23627   173291     5231   269039     2267   156491   241667    86291   138101   104789   175481   104417   175649   104327   175709   104207   176021   103967   176129   103811   176489   103511   176597   103409   103319   179471   174767   193727    38351   123527   277751    10979   274787   106727   256391    47057   217691    51287   266297    69827   171341
   171617    69809   266369    51137   217829    46997   256469   106721   274829    10949   277889   174851     1907   146477    99839   180311    99581   180491    99401   180647    99317   181001    98999   181211    98717   181397    98597   181457    98519   181607    98297   181889    92297   180137   278111   105167     2129   269069     5189   173297    23549   233021    62189   228881    13649   210209   108401
   108377   210257    13469   228887    62081   233117    23357   173357     5171   269327   139109   147671   141101    80051   200117    79847   200177    79817   200591    79379   200699    79151   200987    78809   233417    46349   233747    46181   233969    45989   234149    45827   234197    45779   199877   132347   140909    10691   274847   106661   256661    46901   217937    51131   266549    69761   171641
   171659    69557   266681    51059   217979    46877   256721   106487   274871   139721   128519    93371   129401   150797   129089   151007   128969   151157   128621   151607   128351   151871   127979   152381   127601   152531   127301   152729   127241   152879   127079   152981   126827   153407   174617   150431   151499   140297     5147   173531    23297   233141    62039   228959    13337   210461   108359
   108347   210527    13331   229127    61949   233201    23117   173651     3617   128201   144539    10631   269429    10499   269561    10139   269939    10037   270131     9851   270269     9719   274931     4931   275129     4871   275201     4679   275669     4289   275939     4019   276011     3881   276239      359   269351   151817   276401   106367   256901    46817   218069    50891   266687    69491   171671
   171827    69257   266759    50549   218381    46751   256931   174659   269237   141707    22037   257987    21911   258197    21701   258407    21569   258527    21467   258611    21401   258677    21191   258917    21059   259001    20897   259169    20807   259229    20747   259379    20441   259619    20327   259841    19577   257861    10781   105359    23087   233267    61637   229469    13259   210761   108191
   108089   210827    13217   229601    61559   233327   266909    87671   143159     9491   270539     9467   270587     9281   270761     9227   270797     8951   271169     8837   271211     8741   271409     8501   271571     8009   272141     7829   272201     7649   272411     7541   272537     7451   272771     7211   272999     5501   270329   192347    13109    46691   218459    50417   266801    69191   171929
   172181    69149   266867    50387   218531   245261     6047   142421   123341   156707   123269   156941   122957   157127   122789   157277   122561   157739   122219   157901   122027   158129   121787   158357   121421   158747   121259   158849   121151   159017   120899   159167   120671   159431   120401   159977   120017   160169   118931   156641   273971    34757    61487   229631    13151   210869   107837
   107687   211007    13127   229727    61031     8231   142151    30029   250007    29927   250199    29759   250301    29567   250619    29297   250787    29147   250889    28961   251117    28859   251201    28631   251477    28517   251519    28409   251789    28001   252101    27809   252401    27509   252611    27281   252779    27191   252911    26591   249971   271787   218987    50291   266891    69011   172331
   172709    68819   266897   232907   200789   153557    61169   219017    60899   219281    60647   219407    60527   219761    60251   219809    60167   219911    60101   219941    60041   220019    59627   220667    59207   220859    59141   221021    58757   221537    58451   221747    58211   221849    58109   221951    58061   221987    57881   222329    45887   218549    79229    47111    13121   211199   107309
   106979   211241   269219    39317   142871    78569   201581    78317   201827    78137   202001    77969   211247    68699   211349    68447   211619    68207   211877    68087   212039    67961   212411    67511   212627    67349   212801    67181   212897    67049   213209    66569   213641    66359   213827    66137   213929    66071   213977    66029   214091    64601   201281   240701    10799    68777   173039
   173081   212117     4049   142169    57287   222839    57077   222977    56999   223061    56807   223331    56681   223529    56237   223919    55949   224129    55817   224327    55667   224429    55439   224759    55127   224909    55049   225077    54869   225167    54647   225479    54449   225581    54347   225749    54251   226007    53849   226199    53777   226337    53609   222461   275969    67901   106937
   106331    57977   141767    19301   260807    19157   260879    19031   261017    18959   261071    18917   261347    18587   261557    18311   261761    18131   261959    18047   261977    17939   262109    17891   262271    17681   262349    17627   262541    17321   262901    16889   263369    16631   263399    16607   263489    16481   263567    16427   263597    16361   263927    15881   260549   222041   173687
   162917   143177    77489   202667    77339   202751    77261   202817    77141   202949    76961   203321    76679   203351    76631   203531    75767   204311    75689   204359    75641   204461    75431   204641    75269   204791    75161   205157    74831   205319    74597   205487    74489   205607    74357   205721    74201   205967    74027   206291    73607   206447    73529   206501    72617   202067   117101
   142799   116819   163337   116549   163481   116531   163637   116177   163859   116027   164039   115901   164249   115751   164291   115631   164429   115571   164471   115019   165551   114407   165707   114299   165749   114161   165941   113759   166301   113417   166739   113177   166847   113147   166967   113039   167021   112979   167051   112919   167117   112859   167261   112589   167441   112241   163169
