   111341   168869   111119   169049   110951   169079   110921   169199   110777   169307   110609   169889   109961   170081   109919   170189   109751   170537   109391   170921   108971   171131   108677   171617   108377   171659   108347   171827   108089   172181   107687   172709   106979   173081   106877   173267   106727   173297   106661   173531   106367   173669   106331   173699   106277   174047   136481
   173897    72047   208139    71741   208319    71549   208589    71387   208889    70997   209039    70769   209567    70439   209639    70229   209819    70181   209861    70079   210191    69809   210257    69557   210527    69257   210827    69149   211007    68819   211241    68771   211319    68669   211571    68399   211811    68141   211931    67979   212057    67901   212411    67511   212837   137177   106121
   106109   212627    14939   265151    14771   265271    14741   265427    14447   265607    14177   265961    14009   266051    13907   266117    13859   266177    13757   266297    13649   266549    13337   266687    13259   266801    13151   266891    13121   266909    13001   267227    12539   267521    12437   267671    12281   267749    12227   267857    12119   268049    11927   275201   131561    67391   173909
   174257    67349   268211    52457   227627    52289   227951    51941   228251    51719   228359    51599   228479    51479   228581    51431   228611    51341   228731    51137   228887    51059   229127    50549   229601    50387   229727    50177   229949    49937   230291    49547   230567    49211   230819    49169   230861    49019   231197    48539   231611    48341   235307   134507    11807   212669   105761
   105527   212801    11579   231719    73121   206939    72977   207329    72647   207401    72467   207797    72077   217559    62351   217691    62189   217937    62039   218069    61637   218459    61487   218549    61169   218987    61001   219119    60737   219371    60611   219491    60257   219767    60209   219851    60107   219917    60077   219977    59999   223061   125921    48299   268439    67217   174491
   174527    67121   268529    48239   220391    55667   224429    55439   224759    55127   224909    55049   225077    54869   225167    54647   225479    54449   225581    54347   225749    54251   226007    53849   226199    53777   226379    53609   226427    53507   226637    53327   226817    53147   226901    52937   227159    52631   227489    52517   237821   128201    59627   231779    11489   212897   105491
   105449   212969    11471   231821    59351   235199    24179   255947    24029   256187    23819   256349    23627   256469    23357   256721    23117   256931    22877   257249    22721   257321    22679   257381    22619   257447    22391   257711    22157   257981    22031   258107    21821   258317    21611   258449    21491   258551    21407   258617   138647    44819   220667    48197   268547    67049   174569
   174617    66809   268607    48179   220811    44777   258677   117071   163151   116849   163199   116681   163469   116537   163487   116381   163841   116159   163991   115979   164117   115769   164267   115727   164387   115589   164447   115547   164999   114467   165611   114311   165719   114269   165857   114077   166259   113717   166967   137399    21341   235241    59207   231839    11411   213209   105401
   105359   213449    11261   232049    59159   235289    21191   166601     5279   274787     5189   274847     5147   274931     4931   275129     4871   275339     4349   275729     4079   275969     4019   276011     3881   276239     3767   276257     3671   276359     3617   276461     3491   276557     3389   276671     3251   277751   138311   113417   258827    44729   220859    47969   268757    66569   174659
   174749    66377   268841    47939   220877    44621   258959   113279   276827    17669   262391    17477   262697    17117   263129    16631   263399    16607   263489    16481   263567    16427   263597    16361   263927    16067   263957    15959   264137    15797   264269    15647   264437    15359   264731    15269   272369   131297     3191   166739    21059   235397    59141   232079    11177   213641   105269
   105251   213659    10979   232307    58997   235439    21017   166841     3089   264791     6197   273929     6047   274007     5897   274139     5741   274301     5669   274361     5501   274667      971   279131      881   279179      797   279317      467   279659      311   279761      251   279779   279977        5   139301    15227   276929   113177   259001    44579   221021    47711   269039    66359   174767
   174851    66191   269069    47609   221261    44417   259121   113171   276977    15137   280001   122741   157457   122279   157799   122117   157991   121889   158231   121661   158597   121271   158759   121169   158867   121001   159119   120851   159347   120587   159617   120041   160001   119849    99017   199967       17   264881     3041   166847    20897   235601    58757   232409    10949   213827   105167
   104789   213881    10799   232709    58481   235661    20849   166871     3011   271517   139907   160319    74357   205721    74201   205967    74027   206291    73607   206447    73529   206501    73421   206639    41579   238499    41189   238841    41051   239069    40847   239231    40577   243227   135389   119699   140111     8501   277007   113147   259169    44357   221537    47309   269219    66137   175229
   175481    66089   269237    47207   221567    44207   259211   113039   277157     8231   140297   119321   239489    94397   185711    94229   185849    94121   186107    93827   186299    93701   186437    93371   186689    93257   186959    92951   187091    92801   187337    92669   189617   136769    40529   160697   139721   271787     2861   166979    20807   235811    58451   232811    10781   213929   104537
   104417   213947    10691   232871    58271   235889    20789   167021     2801   272009   139697   160751    40487   187361    98807   181301    98621   181421    98561   181499    98411   181721    98129   182009    97919   182159    97841   182471    97499   182639    97151   192611   129401    92657   239531   119267   140321     8009   277217   112997   259229    44129   221747    47147   269327    66071   175601
   175649    66041   269351    47111   221807    44021   259271   112979   277331     7877   140831   119237   239849    92639   183059    95189   184997    94961   185069    94841   185291    94709   185369    94541   189377    90617   189491    90089   189947    89897   191099   134669    96959   187379    40169   160781   139187   272141     2687   167039    20747   235997    58211   232907    10667   213977   104369
   104327   213989    10631   232961    58169   236021    20639   167051     2591   272189   139121   161087    39971   187559    96851   190391    77969   202067    77489   202667    77339   202751    77261   202817    77141   202949    76961   203321    76679   243197    99527    89627   183167    92459   240047   118931   140897     7829   277427   112967   259379    43997   221849    47057   269387    66029   175691
   175709    65927   269429    46997   221909    43889   259577   112919   277577     7817   140909   118751   240089    92387   183191    89189   203351    24767   255467    24359   255767    18257   261887    18059   261971    18041   262079    17909   147647   253907    76667   190829    96827   187631    39929   161267   139109   272201     2441   167099    20441   236129    58109   233021    10589   214091   104309
   104207   214439    10499   233117    58067   236231    20399   167117     2417   272411   139079   161309    39887   187637    96581   190997    76631   262127    36779   243431    36497   243539    36209   243857    36107   244121    35801   248477   135281    17891   203387    89021   183437    92381   240131   118709   140939     7607   277601   112901   259619    43787   221951    46901   269519    65579   175811
   176021    65537   269561    46877   221957    43721   259691   112859   277637     7541   141041   118457   240197    92357   183461    88997   203531    17747   244247    79151   200987    78809   201281    78569   201581    78317   254987    86399    35771   262271    76487   191021    96557   187661    39821   161561   138977   272477     2381   167159    20327   236297    58061   233141    10457   214481   103997
   103967   214499    10139   233201    58031   236477    20177   167261     2129   272537   138917   161741    39761   187721    96431   191297    75767   262337    35537   201827    74861   205187    74699   205421    74531   147107   198257    78191   244481    17681   204251    88721   183587    92297   240257   118277   141101     7481   277889   112757   259841    43541   221987    46817   269879    65519   176051
   176129    65327   269939    46751   222041    43499   259967   112589   277919     7451   141221   118247   240347    92111   183797    88499   204311   137147   244637    78137   205529    31391   248639    31151   192977   195887    74489   201881    35381   142871    75707   191519    96221   187907    39671   161771   138797   272567     2099   167429    20051   236519    57977   233267    10079   214691   103889
   103811   215141    10037   233327    57881   236627    19937   167441     1931   272771   138389   161807    39581   188021    96137   191621    75689   143159    35327   202001    74411   248879    87281   251387    81359    31139   205607    78017   244691   136859   204329    88397   183881    91997   240437   118211   141629     7247   278087   112577   260081    43391   222137    46691   269981    64877   176207
   176489    64709   270131    46601   222329    43319   260441   112481   278111     7211   141917   118061   240509    91757   183959    88301   204359   136841   244859    75269   241559   250787   134087   140009   145931    29231    38459   204749    35159   143177    75659   191717    96059   188261    39509   161957   138101   272807     1907   167537    19577   236699    57689   233417     9887   215309   103529
   103511   215351     9851   233669    57557   236867    19469   167621     1871   272999   138077   162059    39419   188519    95987   191999    75641   143291    35141   204857   149561    84857   198659    28631   192737   195161   130457    75161   244877   136727   204377    88019   184031    91499   240599   117959   141941     7019   278147   112397   260549    43151   222461    46349   270167    64667   176507
   176597    64601   270269    46271   222731    43037   260717   112289   278207     6971   141959   117899   240659    91397   184199    87869   204461   136541   244889    32789   152381    84131    31379   248867    87041   248627   127637   247229    35129   143477    75557   192149    95819   188621    39359   162119   138059   273047     1811   167729    19301   236981    57287   233747     9749   215417   103421
   103409   215801     9719   233837    57179   237089    19211   167771     1697   273059   137999   162209    39341   188687    95747   192251    75431   143699   246539   192431    81761    74831   205319    74597   205487   132911   205157    87587    33479   136319   204587    87767   184271    91331   240677   117809   142019     6959   278321   112247   260807    42929   222839    46181   270299    64217   176609
   176699    64109   270329    46049   222941    42839   260861   112241   278459     6911   142061   117797   240701    91127   184487    87701   204641   135479    27407   193619    79031   201209    78737   201449    78437   201701    25031   200867   252611   144539    75377   192317    95531   188891    39317   162221   137957   273107     1559   167777    19157   237179    57077   233969     9689   215909   103319
   103307   215927     9491   234029    57041   237509    19139   167987     1427   273149   137867   162287    39119   188939    95441   192347   204791   250871   144737    36587   243521    36479   243809    36161   243911    35897   244217    31541   243239    29147    75227    87671   184577    91079   240899   117731   142151     6869   278591   112031   260879    42509   222977    45989   270527    64091   176711
   176927    64037   270539    45887   223019    42437   260987   111821   278609     6737   142169   117659   241127    91019   184649   241817    33071    26111    24551   255659    24251   261761    18131   261959    18047   261977    17939   262109   132371   255251   246947    38201    95369   188999    38891   162359   137849   273281     1409   168197    19031   237581    56999   234131     9479   215981   103091
   103067   216179     9467   234149    56807   237737    19001   168227     1367   273359   137699   162629    38747   189041    86771    26339   180491    77951   202529    77351   202679    77267   202757    77201   202877    77069   203057    76697   203339    36821   202049   253679   193247    90977   241271   117389   142319     6659   278651   111791   261017    42281   223211    45869   270551    63839   176951
   177011    63689   270587    45827   223331    42227   261059   111491   278717     6491   142421   117269   241517   190787   179999   145349    95021   185057    94949   185177    94727   185309    94649   185477    90641   189401    90527   189929    90071   190121    88919   184829   100019    89231    38501   162749   137597   273527     1301   168527    18959   237791    56687   234191     9431   216329   103007
   102761   216347     9281   234197    56681   237929    18947   179369     1277   273569   137321   162779   144917    83477   150617    98717   181397    98597   181457    98519   181607    98297   181889    98009   182099    97859   182177    97547   182519    97379   182867    87407   181211   196541   135101   117239   142697     6449   278741   100649   261071    42089   223337    45821   270737    63671   177257
   177431    63647   270761    45779   223529    42017   261101   100547   278801     6299   142799   182057    95507   143249    94307   185789    94169   185897    93911   186191    93719   186317    93581   186647    93329   186761    93059   187067    92927   187217    92681   187349    90401   185621   184511    97961   137219   273719     1217   179471    18917   238001    56489   234239     9257   216371   102587
   102551   216401     9227   234281    56237   238019    18671   179657     1151   273797   146639   153701   144629    74297   205817    74051   205991    73727   206411    73571   206489    73517   206597    73379   238439    41519   238829    41177   238967    40949   239171    40787   239441    36791   205661   126317   133379     6221   278867   100361   261347    41999   223781    45737   270791    63617   177467
   177917    63587   270797    45677   223919    41981   261431   100169   278909   138251   124991    80051   122561   157739   122219   157901   122027   158129   121787   158357   121421   158747   121259   158849   121151   159017   120899   159167   120671   159431   120401   159977   120017   160169   181001   157277   155027   141767     1109   179849    18587   238037    56099   234341     9221   216431   102101
   101891   216551     8951   234431    55949   238247    18461   179909      587   122789   140717     6089   273971     6011   274121     5879   274277     5717   274349     5657   274517     5351   279047      887   279137      839   279221      701   279551      359   279707      257   279767      239       41   280013   273821   157229   279431   100109   261557    41771   224069    45587   271067    63467   178127
   178247    63377   271169    45557   224129    41687   261707   180617   274709   148721    17627   262541    17321   262901    16889   263387    16619   263411    16529   263537    16451   263591    16421   263657    16091   263951    16061   264059    15881   264221    15749   264371    15581   264659    15287   264749     7649   262349     5309    99401    18311   238331    55889   234461     8849   216641   101771
   101537   216719     8837   234527    55817   238397   273629    81371   141707     5231   274829     5171   274871     5087   275087     4889   275147     4679   275669     4289   275939     4049   275999     4007   276137     3779   276251     3761   276347     3659   276401     3557   276527     3461   276629     3347   276767     2267   274739   198647     6389    41621   224201    45491   271181    63299   178481
   178487    62897   271211    45389   224327   238877      461   142619   116867   163169   116819   163337   116549   163481   116531   163637   116177   163859   116027   164039   115901   164249   115751   164291   115631   164429   115571   164471   115019   165551   114407   165707   114299   165749   114161   165941   113759   166301   113051   162947   279557    41141    55691   234629     8807   217121   101531
   101159   217157     8741   235091    53681    16649   141371    24071   255989    23831   256199    23669   256391    23549   256661    23297   256901    23087   257141    22769   257297    22697   257339    22637   257399    22571   257627    22307   257861    22037   257987    21911   258197    21701   258407    21569   258527    21467   258611    21401   255839   263369   226337    44927   271277    62861   178859
   178877    62819   271409   235751   196901   151817    55589   224579    55259   224891    55109   224969    54941   225149    54851   225371    54539   225569    54437   225671    54269   225767    54011   226169    53819   226241    53639   226409    53591   226511    53381   226691    53201   226871    53117   227081    52859   227387    52529   227501    42197   224351    83117    44267     8609   217199   101141
   101111   217421     8447    32411   154097    73079   207041    72689   207371    72617   207551    72221   207941    62459   217667    62327   217829    62081   217979    61949   218381    61559   218531    61469   218849    61031   219017    60899   219281    60647   219407    60527   219761    60251   219809    60167   219911    60101   219941    60041   220019    56957   206897   247607   271571    62597   178907
   179111    62501   258917   145511    52391   227729    52067   228077    51767   228299    51659   228419    51539   228539    51437   228587    51407   228677    51287   228881    51131   228959    50891   229469    50417   229631    50291   229841    50069   230081    49727   230471    49451   230807    49199   230849    49157   230999    48821   231479    48407   231677    44711   227561    21101   217517   100907
   100469   207521   148457    14867   265247    14747   265277    14591   265571    14411   265841    14057   266009    13967   266111    13901   266159    13841   266261    13721   266369    13469   266681    13331   266759    13217   266867    13127   266897    13109   267017    12791   267479    12497   267581    12347   267737    12269   267791    12161   267899    11969   268091     4817   265079    72497   179549
   167879   142841    71879   208277    71699   208469    71429   208631    71129   209021    70979   209249    70451   209579    70379   209789    70199   209837    70157   209939    69827   210209    69761   210461    69491   210761    69191   210869    69011   211199    68777   211247    68699   211349    68447   211619    68207   211877    68087   212039    67961   212117    67607   212507    67181   207971   112139
   143537   111149   168899   110969   169067   110939   169097   110819   169241   110711   169409   110129   170057   109937   170099   109829   170267   109481   170627   109097   171047   108887   171341   108401   171641   108359   171671   108191   171929   107837   172331   107309   173039   106937   173141   106751   173291   106721   173357   106487   173651   106349   173687   106319   173741   105971   168677
