   113051   166979   112997   167039   112967   167099   112901   167159   112757   167429   112577   167537   112397   167729   112247   167777   112139   167987   111821   168227   111491   168677   111149   168899   110969   169067   110939   169097   110819   169241   110711   169409   110129   170057   109937   170099   109829   170267   109481   170627   109097   171047   108887   171341   108401   108359   201581
   171641    74201   205967    74027   206291    73607   206447    73529   206501    73421   206639    73121   206939    72977   207329    72647   207401    72497   207551    72221   207941    72047   208139    71741   208319    71549   208589    71387   208889    70997   209039    70769   209567    70439   209639    70229   209819    70181   209861    70079   210191    69809   210257    69557    69257   278801   108377
   108347   210527    16481   263567    16427   263597    16361   263927    16067   263957    15959   264137    15797   264269    15647   264437    15359   264731    15269   264791    15137   265079    14867   265247    14747   265277    14591   265571    14411   265841    14057   266009    13967   266111    13901   266159    13841   266261    13721   266369    13469   266681    13331   142061   262901    69491   171671
   171827    69191   266759    54251   226007    53849   226199    53777   226337    53639   226409    53591   226511    53381   226691    53201   226871    53117   227081    52859   227387    52529   227501    52457   227627    52289   227951    51941   228251    51719   228359    51599   228479    51479   228581    51431   228611    51341   228731    51137   228887    51059   234281   132971    13259   210827   108191
   108089   210869    13217   229127    74861   205187    74699   205421    74531   205529    74411   205661    74297   215309    64667   215417    64217   215909    64091   215981    63839   216329    63671   216371    63617   216431    63467   216641    63299   217121    62861   217199    62597   217517    62459   217667    62327   217829    62081   217979    61949   223331   123581    50891   266801    69149   171929
   172181    69011   266867    50549   218381    58031   222041    57881   222329    57557   222731    57179   222941    56999   223061    56807   223337    56489   223781    56099   224069    55889   224201    55691   224351    55589   224579    55259   224891    55109   224969    54941   225149    54851   225371    54539   225569    54437   225671    54269   233417   130259    61637   229469    13151   211007   107837
   107687   211199    13127   229601    61559   233327    26711   253349    26591   253601    26357   253679    26267   253769    26111   253919    25997   254627    25031   255197    24809   255251    24551   255659    24251   255839    24071   255989    23831   256199    23669   256391    23549   256661    23297   256901    23087   257141    22769   143177   252017    46691   218459    50417   266891    68819   172331
   172709    68777   266897    50387   218531    46349   257297   119321   160751   119237   161087   118751   161309   118457   161741   118247   161807   118061   162059   117899   162209   117797   162287   117659   162629   117269   162779   117101   162947   116867   163169   116819   163337   116549   163481   116531   163637   116177   116027   186299    22721   233669    61487   229631    13121   211241   107309
   106979   211247    13109   229727    61469   233747    22697   163859     6869   273281     6659   273527     6449   273629     6299   273821     6089   273971     6011   274121     5879   274277     5717   274349     5657   274517     5351   274709     5279   274787     5189   274847     5147   274931     4931   275129     4871   275339   138647   116159   257321    46271   218549    50291   266909    68771   173039
   173081    68699   267017    50177   218849    46181   257339   115979   275201    19001   261059    18947   261101    18671   261431    18461   261707    18257   261887    18059   261971    18041   262079    17909   262127    17747   262337    17669   262391    17477   262697    16889   263369    16631   263399    16607   271571   130769     4817   164039    22679   233837    61169   229841    13001   211319   106937
   106877   211349    12791   229949    61031   233969    22637   164117     4349   263489     7817   272369     7607   272477     7481   272567     7247   272807     7019   273047     6959   273107     2591   277577     2417   277637     2267   277889     2099   278087     1907   278147     1811   278321     1559   279179   138251    16529   275669   115901   257381    46049   218987    50069   267227    68669   173141
   173267    68447   267479    49937   219017    45989   257399   115769   275729     9887   278591   125219   154877   124991   155171   124799   155717   124277   155921   123791   156467   123527   156539   123377   156677   123311   156749   123077   157061   122891   157229   122741   157457   122279   158231   137849     1427   270131     4289   164249    22619   234029    61001   230081    12539   211571   106751
   106727   211619    12497   230291    60899   234131    22571   164267     4079   270167     1409   157799    76487   204251    75707   204329    75659   204377    75557   204587    75377   204749    75227   204857    43499   236627    43151   236981    42929   237179    42509   237581    42281   238247   138059   122219   278609     9851   275939   115751   257447    45887   219119    49727   267521    68399   173291
   173297    68207   267581    49547   219281    45869   257627   115727   275969     9749   278651   122117   237791    96581   183461    96431   183797    96137   183959    95987   184199    95747   184487    95507   184577    95369   184829    95021   185057    94949   185177    94727   186191   137999    42227   157901     1367   270269     4049   164291    22391   234149    60737   230471    12437   211811   106721
   106661   211877    12347   230567    60647   234191    22307   164387     4019   270299     1301   157991    42197   185309   101111   179111   100649   179471   100469   179657   100169   179909   100049   179999    99881   180179    99707   180437    99527   180617    99371   182159   137699    94709   237821   122027   278717     9719   275999   115631   257711    45827   219371    49451   267671    68141   173357
   173531    68087   267737    49211   219491    45821   257861   115589   276011     9689   278741   121889   237929    94649   180701    97841   182519    97379   182867    96959   183167    96827   187217    92681   187349    92657   187379    92459   187631    92381   187721   135119    99317   185369    42089   158129     1277   270329     4007   164429    22157   234197    60527   230807    12281   211931   106487
   106367   212039    12269   230819    60257   234239    22037   164447     3881   270527     1151   158357    42017   185477    99017   187661    80207   199877    80051   200117    79847   200201    79427   200639    79319   200789    79151   200987   201209   133877    84437    92357   181001    94541   238001   121661   278867     9491   276137   115571   257981    45779   219761    49199   267749    67979   173651
   173669    67961   267791    49169   219767    45677   257987   115547   276239     9479   278909   121421   238019    94397   181019    92111   201281    27239   252827    27107   253157    20399   259691    20177   259967    19937   260441    19469   150377   249329    78737   187907    98999   185621    41999   158597     1109   270539     3779   164471    22031   234341    60251   230849    12227   212057   106349
   106331   212117    12161   230999    60209   234431    21911   164999     3767   270551      971   158747    41981   185711    98807   188021    78569   260717    38327   241781    38201   241979    37889   242147    37847   242399    37571   243161   138797    19301   201449    91997   181211    94307   238037   121271   279047     9467   276251   115019   258107    45587   219809    49019   267857    67901   173687
   173699    67607   267899    48821   219851    45557   258197   114467   276257     9431   279131   121259   238331    94229   181301    91757   201701    19211   242621    81527   198647    81359   198719    81119   198941    81047   148331   190391    37397   260807    78317   188261    98717   185789    41687   158759      887   270587     3761   165551    21821   234461    60167   231197    12119   212411   106319
   106277   212507    11969   231479    60107   234527    21701   165611     3671   270737      881   158849    41621   185849    98621   188519    78191   260879    37379   198977    77201   202877    76961   203321    76679   240437   102587    81041   242639    19139   201827    91499   181397    94169   238397   121169   279137     9281   276347   114407   258317    45491   219911    48539   268049    67511   173741
   173897    67391   268091    48407   219917    45389   258407   114311   276359     9257   279221   121151   238439    94121   181421    91397   201881    19031   242681    80909   239531    32789   247301    32609   248267   139079    40487   199109    37337   260987    78137   188621    98597   185897    41579   158867      797   270761     3659   165707    21611   234629    60101   231611    11927   212627   106121
   106109   212669    11807   231677    60077   235091    21569   165719     3617   270791      701   159017    41519   186107    98561   188687    78017   140111    37199   199337    40169   247439    90089   243539    86399    32579   239849    80681   242819   139907   202001    91331   181457    93911   238499   121001   279317     9227   276401   114299   258449    44927   219941    48341   268211    67349   173909
   174047    67217   268439    48299   219977    44819   258527   114269   276461     9221   279431   120899   238829    93701   181499    91127   202049   139697   242999    80279   240089    32321   136319   140009   143699   247697    39929   199739    37019   140321    77969   188891    98519   186317    41189   159119      587   270797     3557   165749    21491   235199    60041   231719    11579   212801   105971
   105761   212837    11489   231779    59999   235241    21467   165857     3491   271067      467   159167    41177   186437    98411   188939    77951   140717    36899   202751    28631   246557   193619    36479   189929    33461   251387    77267   243119   139301   202067    91079   181607    93581   238841   120851   279551     8951   276527   114161   258551    44777   220019    48239   268529    67181   174257
   174491    67121   268547    48197   220391    44729   258611   114077   276557     8849   279557   120671   238877    93371   181721    91019   202529   139187   243197    76667   177011   140939    32717   247409    31751   247229   103007   203351    36821   140831    77489   188999    98297   186647    41141   159347      461   271169     3461   165941    21407   235289    59627   231821    11471   212897   105527
   105491   212969    11411   231839    59351   235307    21401   166259     3389   271181      359   159431    41051   186689    98129   189041    77351   140897   243239   250007   177431    77141   203057    76697   203339    39581   202817    30011    36779   139121   202667    90977   181889    93329   238967   120587   279659     8837   276629   113759   258617    44711   220667    48179   268607    67049   174527
   174569    66809   268757    47969   220811    44621   258677   113717   276671     8807   279707   120401   239069    93257   182009    90641   202679   249341    34337    89627    81371   198659    81299   198899    81077   198971   131687   198491   245681    30677    77339   189377    98009   186761    40949   159617      311   271211     3347   166301    21341   235397    59207   232049    11261   213209   105449
   105401   213449    11177   232079    59159   235439    21191   166601     3251   271277      257   159977    40847   186959    97961   189401    77261   252401   141221    38237   241817    38039   242129    37871   242171    37619   242447    36857   241691    27617   202757    90617   182057    93059   239171   120041   279761     8741   276767   113417   258827    44579   220859    47939   268841    66569   174617
   174659    66377   269039    47711   220877    44357   258917   113279   276827     8609   279767   120017   239231    92951   182099   192461   144887    30689    27191   252911    26861   259619    20327   259841    20051   260081    19577   260549   129641   252779   135131    87557    97919   187067    40787   160001      251   271409     3191   166739    21101   235661    59141   232307    10979   213641   105359
   105269   213659    10949   232409    58997   235751    21059   166841     3089   271517      239   160169    40577   187091    97547    76631   195581    80141   199967    79901   200171    79817   200591    79379   200699    79229   200867    79031    78809   146141   199811   203387   182471    92927   239441   119849   279779     8501   276929   113177   258959    44267   221021    47609   269069    66359   174749
   174767    66191   269219    47309   221261    44207   259001   113171   276977     8231   279977   119699   239489   192977   177917   144899    97499   182639    97151   183059    96851   183191    92801   187337    92669   187361    92639   187559    92387   187637    92297   182177   102101    87041    40529   160319       41   271787     3041   166847    21017   235811    58757   232709    10799   213827   105251
   105167   213881    10781   232811    58481   235889    20897   166871     3011   272009       17   176711    39821    82307   142319   100907   179369   100547   179549   100361   179849   100109   179969   100019   180137    99839   180311    99581   180491    99401   180647    97859   178907   197711   240197   103307   280001     8009   277007   113147   259121    44129   221537    47207   269237    66137   174851
   175229    66089   269327    47147   221567    44021   259169   103529   277157     7877   280013   177257   202949   142019    96557   183587    96221   183881    96059   184031    95819   184271    95531   184511    95441   184649    95189   184997    94961   185069    94841   185291    93827   183437    77069   102761        5   272141     2861   176489    20849   235997    58451   232871    10691   213929   104789
   104537   213947    10667   232907    58271   236021    20807   176597     2801   272189   142799    79841   141959    75767   204311    75689   204359    75641   204461    75431   204641    75269   204791    75161   236519    43391   236867    43037   237089    42839   237509    42437   237737    41771   203531   200177   137219     7829   277217   103421   259211    43997   221747    47111   269351    66071   175481
   175601    66041   269387    47057   221807    43889   259229   103409   277331   140297   128411   142169   125141   155027   124847   155219   124301   155741   124097   156227   123551   156491   123479   156641   123341   156707   123269   156941   122957   157127   122789   157277   122561   157739   121787   154799   151607   139721     2687   176609    20789   236129    58211   232961    10631   213977   104417
   104369   213989    10589   233021    58169   236231    20747   176699   139109   126827   141767     7649   272411     7541   272537     7451   272771     7211   272999     6971   273059     6911   277427     2441   277601     2381   277751     2129   277919     1931   278111     1871   278207     1697   278459      839   272201   153191   140909   103319   259271    43787   221849    46997   269429    66029   175649
   175691    65927   269519    46901   221909    43721   259577   178127   136769   149249    18959   261071    18917   261347    18587   261557    18311   261761    18131   261959    18047   261977    17939   262109    17891   262271    17681   262349    17627   262541    17321   263129    16649   263387    16619   263411     8447   261017   143249   101891    20441   236297    58109   233117    10499   214091   104327
   104309   214439    10457   233141    58067   236477   260861   143159   141371     6737   273359     6491   273569     6389   273719     6197   273929     6047   274007     5897   274139     5741   274301     5669   274361     5501   274667     5309   274739     5231   274829     5171   274871     5087   275087     4889   275147     4679   273149   136859    19157    43541   221951    46877   269561    65579   175709
   175811    65537   269879    46817   221957   236699   125921    93719   119267   160781   118931   161267   118709   161561   118277   161771   118211   161957   117959   162119   117809   162221   117731   162359   117389   162749   117239   162917   117071   163151   116849   163199   116681   163469   116537   163487   116381   163841   163991   160697   154097    43319    58061   233201    10139   214481   104207
   103997   214499    10079   233267    57041    20639    28001    26669   253427    26417   253661    26339   253751    26249   253907    26099   254021    25391   254987    24821   255209    24767   255467    24359   255767    24179   255947    24029   256187    23819   256349    23627   256469    23357   256721    23117   256931    22877   257249   136841   253307   259379   222977    46751   269939    65519   176021
   176051    65327   269981   235601   191621   149759    57977   222137    57689   222461    57287   222839    57077   223019    56957   223211    56681   223529    56237   223919    55949   224129    55817   224327    55667   224429    55439   224759    55127   224909    55049   225077    54869   225167    54647   225479    54449   225581    54347   225749    46601   221987    88397    44417    10037   214691   103967
   103889   215141   273797    32369   156437    74831   205319    74597   205487    74489   205607    74357   205721    64709   215351    64601   215801    64109   215927    64037   216179    63689   216347    63647   216401    63587   216551    63377   216719    62897   217157    62819   217421    62501   217559    62351   217691    62189   217937    62039   218069    56687   205157   247649     6221    64877   176129
   176207   219407   123887   147047    54011   226169    53819   226241    53681   226379    53609   226427    53507   226637    53327   226817    53147   226901    52937   227159    52631   227489    52517   227561    52391   227729    52067   228077    51767   228299    51659   228419    51539   228539    51437   228587    51407   228677    51287   228881    51131   228959    45737   225767   156131    60611   103811
   103511   192737    17117    16451   263591    16421   263657    16091   263951    16061   264059    15881   264221    15749   264371    15581   264659    15287   264749    15227   264881    14939   265151    14771   265271    14741   265427    14447   265607    14177   265961    14009   266051    13907   266117    13859   266177    13757   266297    13649   266549    13337   266687   137957   263537    87281   176507
   230861     1217    74051   205991    73727   206411    73571   206489    73517   206597    73379   206897    73079   207041    72689   207371    72617   207521    72467   207797    72077   207971    71879   208277    71699   208469    71429   208631    71129   209021    70979   209249    70451   209579    70379   209789    70199   209837    70157   209939    69827   210209    69761   210461   210761   205817    49157
    78437   113039   167021   112979   167051   112919   167117   112859   167261   112589   167441   112481   167621   112289   167771   112241   167879   112031   168197   111791   168527   111341   168869   111119   169049   110951   169079   110921   169199   110777   169307   110609   169889   109961   170081   109919   170189   109751   170537   109391   170921   108971   171131   108677   171617   171659   166967
