   117101   162947   116867   163169   116819   163337   116549   163481   116531   163637   116177   163859   116027   164039   115901   164249   115751   164291   115631   164429   115571   164471   115019   165551   114407   165707   114299   165749   114161   165941   113759   166301   113417   166739   113177   166847   113147   166967   113039   167021   112979   167051   112919   167117   112859   168197   137219
   167261    78017   202049    77951   202529    77351   202679    77267   202757    77201   202877    77069   203057    76697   203339    76667   203387    76487   204251    75707   204329    75659   204377    75557   204587    75377   204749    75227   204857    74861   205187    74699   205421    74531   205529    74411   205661    74297   205817    74051   205991    73727   206411    73571    73421   270761   112757
   112589   206489    20051   260081    19577   260549    19301   260807    19157   260879    19031   261017    18959   261071    18917   261347    18587   261557    18311   261761    18131   261959    18047   261977    17939   262109    17891   262271    17681   262349    17627   262541    17321   262901    16889   263369    16631   263399    16607   263489    16481   263567    16427   263957   137867    73529   167429
   167441    73517   263597    58031   222041    57881   222329    57557   222731    57179   222941    57041   223019    56957   223211    56687   223337    56489   223781    56099   224069    55889   224201    55691   224351    55589   224579    55259   224891    55109   224969    54941   225149    54851   225371    54539   225569    54437   225671    54269   225767    54011   227159   136727    16421   206501   112577
   112481   206639    16361   226169    79151   200987    78809   201281    78569   201581    78317   201827    78137   211199    68777   211247    68699   211349    68399   211811    68141   211931    67979   212057    67901   212411    67511   212627    67349   212801    67181   212897    67049   213209    66569   213641    66359   213827    66137   213929    66071    63587   279047    53849   263657    73379   167537
   167621    73121   263927    53819   213977    61637   218459    61487   218549    61169   218987    61001   219119    60737   219371    60611   219491    60257   219767    60209   219851    60107   219917    60077   219977    59627   220667    59207   220859    59141   221021    58757   221537    58451   221747    58211   221849    58109   221951    58061   230471   129887    66041   226199    16091   206897   112397
   112289   206939    16067   226241    66029   229469    30269   249857    30137   249947    30047   249989    30011   250091    29819   250259    29717   250451    29399   250721    29231   250871    29129   251057    28901   251159    28817   251387    28541   251501    28499   251609    28229   252017    27917   252209    27617   252509    27407   266897   124097    50549   213989    53777   263951    73079   167729
   167771    72977   264059    53681   214091    50417   252737   123791   156437   123551   156491   123479   156641   123341   156707   123269   156941   122957   157127   122789   157277   122561   157739   122219   157901   122027   158129   121787   158357   121421   158747   121259   158849   121151   159017   120899   159167   120671   120587   177011    27281   229601    65927   226337    15959   207041   112247
   112241   207329    15881   226379    65579   229631    27239   159617     9749   270299     9689   270527     9479   270551     9431   270737     9227   270797     8951   271169     8837   271211     8741   271409     8501   271571     8231   272009     7877   272189     7817   272369     7607   272477     7481   272567     7247   273281   138251   120401   252779    50387   214439    53639   264137    72689   167777
   167879    72647   264221    53609   214481    50291   252827   120041   272807    22571   257627    22307   257861    22037   257987    21911   258197    21701   258407    21569   258527    21467   258611    21401   258827    21101   258959    21017   259121    20849   259211    20789   259271    20639   259577    20327   266891   131501     7211   159977    27191   229727    65537   226409    15797   207371   112139
   112031   207401    15749   226427    65519   229841    27107   160001     7019   259841    10781   269327    10667   269387    10589   269519    10457   269879    10079   269981     9887   270167     5189   274847     5147   274931     4931   275129     4871   275201     4679   275669     4289   275939     4049   277331   137321    20177   272999   120017   252911    50177   214499    53591   264269    72617   167987
   168227    72497   264371    53507   214691    50069   253157   119849   273047    13151   275999   130259   149939   129719   150377   129587   150797   129089   151007   128969   151157   128519   151607   128351   151817   128147   152039   127637   152417   127487   152717   127289   152777   127139   105761   185621     4019   266867     6971   160169    26861   229949    65327   226511    15647   207521   111791
   111491   207551    15581   226637    64877   230081    26711   160319     6959   266909     4007   152939    80279   199811    80141   199967    79901   200171    79841   200201    79427   200639    79319   200789    46817   233267    46691   233417    46349   233747    46181   233969    45989   238877   134417   127079   276011    13109   273059   119699   253307    49937   215141    53381   264437    72467   168527
   168677    72221   264659    53327   215309    49727   253349   119321   273107    12791   276137   127037   234131   100169   179909   100049   179999    99881   180179    99707   180437    99527   180617    99371   180701    99017   181019    98807   181301    98621   181421    98561   182099   138797    45887   152981     3881   267227     6911   160697    26669   230291    64709   226691    15359   207797   111341
   111149   207941    15287   226817    64667   230567    26591   160751     6869   267479     3779   153191    45869   181499   105491   174617   105359   174749   105251   174851   104789   175481   104417   175649   104327   175709   104207   176021   103967   176129   103811   176699   138647    98519   234149   126827   276239    12539   273149   119267   253427    49451   215351    53201   264731    72077   168869
   168899    72047   264749    53147   215417    49199   253601   119237   273359    12497   276251   126611   234197    98411   176489   101159   178877   101111   179111   100649   179471   100469   179657    96221   183881    96059   184031    95531   184511    95441   184997   138977   103529   181607    45821   153407     3767   267521     6659   160781    26417   230819    64601   226871    15269   207971   111119
   110969   208139    15227   226901    64217   230849    26357   161087     6491   267581     3761   153557    45779   181721   103511   184829    84131   195929    84047   196379    83579   196541    83357   196751    83219   196901    83009   197207    82757   242999    93329    95189   176507    98297   234239   126461   276257    12437   273527   118931   253661    49169   215801    53117   264791    71879   169049
   169067    71741   264881    52937   215909    49157   253679   118751   273569    12347   276347   126317   234281    98129   176597    94961   197297    30347   249677    23549   256661    23297   256931    22877   257249    22721   257321    22679   148457   248351    82721   185057   103421   181889    45737   153701     3671   267671     6449   161267    26339   230861    64109   227081    15137   208277   110951
   110939   208319    14939   227387    64091   230999    26267   161309     6389   267737     3659   153887    45677   182009   103409   185069    82421   257381    41999   238037    41771   238331    41621   238439    41519   238829    41177   240677   137699    22637   197597    94949   176609    98009   234341   126131   276359    12281   273629   118709   253751    49019   215927    52631   265079    71699   169079
   169097    71549   265151    52529   215981    48821   253769   118457   273719    12269   276401   126107   234431    97961   176711    94841   197711    22619   238967    85427   194687    85247   194819    85037   195161    84737   243209    91757    41051   257399    82307   185177   103307   182057    45587   153911     3617   267749     6299   161561    26249   231197    64037   227489    14867   208469   110921
   110819   208589    14771   227501    63839   231479    26111   161741     6221   267791     3557   154097    45557   182159   103091   185291    81971   277601    40949   195359    81119   198941    81041   199109    80681   246371    92801    84659   239069     2417   198047    94727   176927    97859   234461   125921   276461    12227   273797   118277   253907    48539   216179    52517   265247    71429   169199
   169241    71387   265271    52457   216329    48407   253919   118247   273821    12161   276527   125789   234527    97841   176951    94709   198179     2381   239171    84629   235751    35537   244637    35327   246947   137597    44267   195389    40847   277637    81839   185309   103067   182177    45491   154229     3491   267857     6197   161771    26099   231611    63689   227561    14747   208631   110777
   110711   208889    14741   227627    63671   231677    25997   161807     6089   267899     3461   154589    45389   182471   102761   185369    81761   277751    40787   195497    44207   244859   133349    43997   242681    35159   235811    84521   239231     2267   198257    94649   177257    97547   234629   125429   276557    12119   273929   118211   254021    48341   216347    52391   265277    71129   169307
   169409    70997   265427    52289   216371    48299   254627   118061   273971    11969   276629   125399   235091    97499   177431    94541   198281     2129   239441    84437    44129   244901   249341   140009    30677    35117   235889   195581    40577   277889    81737   185477   102587   182519    44927   154619     3389   268049     6047   161957    25391   231719    63647   227729    14591   209021   110609
   110129   209039    14447   227951    63617   231779    25031   162059     6011   268091     3347   154787    44819   182867   102551   185711    81671   277919    40529   198719   237929    32327    37337   236021   146669   247691    42089    81299   239489     2099   198347    94307   177467    97151   235199   125231   276671    11927   274007   117959   254987    48239   216401    52067   265571    70979   169889
   170057    70769   265607    51941   216551    48197   255197   117899   274121    11807   276767   125219   235241    96959   177917    94229   198491     1931   239531    38351   149711   142421    35381   244691    33071   244481   130307   241667    40487   278087    81527   185789   102101   183059    44777   154799     3251   268211     5897   162119    24821   231821    63467   228077    14411   209249   109961
   109937   209567    14177   228251    63377   231839    24809   162209     5879   268439     3191   154877    44729   183167   101891   185849    81371   278207    39929   189401   187217    81077   198977    80909   199337    33647   198899    90617   240089     1811   198647    94169   178127    96851   235289   125141   276827    11579   274139   117809   255209    48179   216641    51767   265841    70451   170081
   170099    70439   265961    51719   216719    47969   255251   117797   274277    11489   276929   124991   235307    96827   178247    94121   198659   279137   236477   188261    85331   194771    85199   194981    84857   195281    36809   194591    43541      881    81359   185897   101771   183191    44711   155027     3089   268529     5741   162221    24767   232049    63299   228299    14057   209579   109919
   109829   209639    14009   228359    62897   232079    24551   162287     5717   268547     3041   155171    44621   183437   101537   186107    38891    81047   142319    41981   238247    41687   238397    41579   238499    41189   238841    39341   238019   198971   241127    93911   178481    96581   235397   124847   276977    11471   274301   117731   255467    47939   217121    51659   266009    70379   170189
   170267    70229   266051    51599   217157    47711   255659   117659   274349    11411   277007   124799   235439    96557   178487   187379   192611    31667    30341   256469    23357   256721    23087   257141    22769   257297    22697   257339   131561   249671    87407    92639   101531   183461    44579   155219     3011   268607     5669   162359    24359   232307    62861   228419    13967   209789   109751
   109481   209819    13907   228479    62819   232409    24251   162629     5657   268757     2861   155717    44417   183587   184649    84947   186689    84089   195971    83639   196439    83477   196661    83267   196799    83117   197009    82811   197261    37019   195887   195071    95369    96431   235601   124301   277157    11261   274361   117389   255767    47609   217199    51539   266111    70199   170537
   170627    70181   266117    51479   217421    47309   255839   117269   274517    11177   277217   124277   235661   184199    91079   141041   101141   178907   100907   179369   100547   179549   100361   183797    96137   183959    95987   184487    95507   184577    95021   178859   188939    95819    44357   155741     2801   268841     5501   162749    24179   232709    62597   228539    13901   209837   109391
   109097   209861    13859   228581    62501   232811    24071   162779     5351   269039     2591   156131   237737    91499   141371   105401   174659   105269   174767   105167   175229   104537   175601   104369   175691   104309   175811   103997   176051   103889   176207   103319   174527   188519    42281   123887   277427    10979   274667   117239   255947    47207   217517    51437   266159    70157   170921
   171047    70079   266177    51431   217559    47147   255989   107309   274709    10949   277577   174569     1427   141221   100109   179969   100019   180137    99839   180311    99581   180491    99401   180647    99317   181001    98999   181211    98717   181397    98597   181457    97919   179849   278591   105449     2441   269069     5309   172709    24029   232871    62459   228587    13841   209939   108971
   108887   210191    13757   228611    62351   232907    23831   173039     5279   269219   140321   145511   145601    80207   199877    80051   200117    79847   200177    79817   200591    79379   200699    79229   233201    46751   233327    46601   233669    46271   233837    46049   234029    41141   199739   134507   139697    10799   274739   106979   256187    47111   217667    51407   266261    69827   171131
   171341    69809   266297    51341   217691    47057   256199   106937   274787   136139   129401    94397   130079   150299   129641   150431   129221   150929   129011   151049   128861   151499   128411   151667   128201   151871   127979   152381   127601   152531   127301   152729   127241   152879   174257   149759   150617   143879     5231   173081    23819   232961    62327   228677    13721   210209   108677
   108401   210257    13649   228731    62189   233021    23669   173141   146051   131687   142697    10691   269351    10631   269429    10499   269561    10139   269939    10037   270131     9851   274829     5171   274871     5087   275087     4889   275147     4817   275339     4349   275729     4079   275969     2687   269237   148331   133967   106877   256349    46997   217829    51287   266369    69761   171617
   171641    69557   266549    51137   217937    46901   256391   174491   128621   148517    22391   257711    22157   257981    22031   258107    21821   258317    21611   258449    21491   258551    21407   258617    21191   258917    21059   259001    20897   259169    20807   259229    20747   259379    20441   259691    13127   257447   151397   105527    23627   233117    62081   228881    13469   210461   108377
   108359   210527    13337   228887    62039   233141    21341   137399   141767     9719   270329     9491   270539     9467   270587     9281   270791     9221   271067     8849   271181     8807   271277     8609   271517     8447   271787     8009   272141     7829   272201     7649   272411     7541   272537     7451   272771     6737   270269   142619   258677    46877   217979    51131   266681    69491   171659
   171671    69257   266687    51059   218069   234191   238001   103007   123581   156467   123527   156539   123377   156677   123311   156749   123077   157061   122891   157229   122741   157457   122279   157799   122117   157991   121889   158231   121661   158597   121271   158759   121169   158867   121001   159119   120851   159347   159431   156227    42017    45827    61949   228959    13331   210761   108347
   108191   210827    13259   229127   220019    23117   155921    30161   249881    30071   249971    30029   250007    29927   250199    29759   250301    29567   250619    29297   250787    29147   250889    28961   251117    28859   251201    28631   251477    28517   251519    28409   251789    28001   252101    27809   252401    27509   252611    13121   249749   256901    59999    50891   266759    69191   171827
   171929    69149   266801   230807   184271   150131    61559   218531    61469   218849    61031   219017    60899   219281    60647   219407    60527   219761    60251   219809    60167   219911    60101   219941    60041   220391    59351   220811    59159   220877    58997   221261    58481   221567    58271   221807    58169   221909    58067   221957    49547   218381    95747    49211    13217   210869   108089
   107837   211007    13001    40169      971    79031   201209    78737   201449    78437   201701    78191   201881    68819   211241    68771   211319    68669   211619    68207   211877    68087   212039    67961   212117    67607   212507    67391   212669    67217   212837    67121   212969    66809   213449    66377   213659    66191   213881    66089   213947   216431   200867   239849   267017    69011   172181
   172331   211571   259619   143291    57977   222137    57689   222461    57287   222839    57077   222977    56999   223061    56807   223331    56681   223529    56237   223919    55949   224129    55817   224327    55667   224429    55439   224759    55127   224909    55049   225077    54869   225167    54647   225479    54449   225581    54347   225749    54251   226007    52859   221987    20399    68447   107687
   173687   192431   142151    19937   260441    19469   260717    19211   260861    19139   260987    19001   261059    18947   261101    18671   261431    18461   261707    18257   261887    18059   261971    18041   262079    17909   262127    17747   262337    17669   262391    17477   262697    17117   263129    16649   263387    16619   263411    16529   263537    16451   263591    16061   259967    87587   106331
    97379     9257    77969   202067    77489   202667    77339   202751    77261   202817    77141   202949    76961   203321    76679   203351    76631   203531    75767   204311    75689   204359    75641   204461    75431   204641    75269   204791    75161   205157    74831   205319    74597   205487    74489   205607    74357   205721    74201   205967    74027   206291    73607   206447   206597   202001   182639
   142799   117071   163151   116849   163199   116681   163469   116537   163487   116381   163841   116159   163991   115979   164117   115769   164267   115727   164387   115589   164447   115547   164999   114467   165611   114311   165719   114269   165857   114077   166259   113717   166601   113279   166841   113171   166871   113051   166979   112997   167039   112967   167099   112901   167159   111821   162917
