   116381   163841   116159   163991   115979   164117   115769   164267   115727   164387   115589   164447   115547   164999   114467   165611   114311   165719   114269   165857   114077   166259   113717   166601   113279   166841   113171   166871   113051   166979   112997   167039   112967   167099   112901   167159   112757   167429   112577   167537   112397   167729   112247   167777   112139   170921   134471
   167987    77141   202949    76961   203321    76679   203351    76631   203531    75767   204311    75689   204359    75641   204461    75431   204641    75269   204791    75161   205157    74831   205319    74597   205487    74489   205607    74357   205721    74201   205967    74027   206291    73607   206447    73529   206501    73421   206639    73121   206939    72977   207329    72647   208631   136481   112031
   111821   207401    18959   261071    18917   261347    18587   261557    18311   261761    18131   261959    18047   261977    17939   262109    17891   262271    17681   262349    17627   262541    17321   262901    16889   263369    16631   263399    16607   263489    16481   263567    16427   263597    16361   263927    16067   263957    15959   264137    15797   264269    15647   267479   135077    72617   168197
   168227    72497   264437    56999   223061    56807   223331    56681   223529    56237   223919    55949   224129    55817   224327    55667   224429    55439   224759    55127   224909    55049   225077    54869   225167    54647   225479    54449   225581    54347   225749    54251   226007    53849   226199    53777   226337    53639   226409    53507   226637    53327   226901   137999    15581   207521   111791
   111491   207551    15359   226817    78017   202049    77951   202529    77351   202679    77267   202757    77201   211931    67979   212057    67901   212411    67511   212627    67349   212801    67181   212897    67049   213209    66569   213641    66359   213827    66137   213929    66071   213977    66029   214091    65579   214481    65519   214691    64877   215351   128519    53201   264659    72467   168527
   168677    72221   264731    53147   215309    60647   219407    60257   219767    60209   219851    60107   219917    60077   219977    59999   220391    59351   220811    59159   220877    58997   221261    58481   221567    58271   221807    58169   221909    58067   221957    58031   222041    57881   222329    57557   222731    57179   222941    57041   232961   128351    64709   226871    15287   207797   111341
   111149   207941    15269   227081    64601   230807    29717   250451    29399   250721    29231   250871    29129   251057    28901   251159    28817   251387    28541   251501    28499   251609    28229   252017    27917   252209    27617   252509    27407   252737    27239   252827    27107   253157    26711   253349    26591   253601    26357   258407   133337    49211   215417    52937   264749    72077   168869
   168899    72047   264791    52859   215801    49199   253679   122891   157229   122741   157457   122279   157799   122117   157991   121889   158231   121661   158597   121271   158759   121169   158867   121001   159119   120851   159347   120587   159617   120041   160001   119849   160319   119321   160751   119237   161087   118751   161771   137699    26339   230819    64217   227159    15227   207971   111119
   110969   208139    15137   227387    64109   230849    26267   161309     8951   271169     8837   271211     8741   271409     8501   271571     8231   272009     7877   272189     7817   272369     7607   272477     7481   272567     7247   272807     7019   273047     6959   273107     6869   273281     6659   273527     6449   275147   137147   118709   253751    49169   215909    52631   264881    71879   169049
   169067    71741   265079    52529   215927    49157   253769   118457   273629    21569   258527    21467   258611    21401   258677    21191   258959    21017   259121    20849   259229    20747   259379    20441   259619    20327   259841    20051   260081    19577   260549    19301   260807    19157   260879    19031   269237   130619     6389   161561    26249   230861    64091   227489    14939   208277   110951
   110939   208319    14867   227501    64037   230999    26111   161741     6299   261017     9887   270269     9719   270329     9491   270539     9431   270737     9257   270791     9221   275729     4079   275969     4019   276011     3881   276239     3767   276257     3671   276359     3617   276461     3491   278111   132911    19001   273719   118277   253907    49019   215981    52517   265151    71699   169079
   169097    71549   265247    52457   216179    48821   253919   118211   273797    12281   276557   128969   151157   128621   151607   128201   151871   127979   152381   127601   152531   127301   152729   127241   152879   127079   152981   126827   153407   126461   153701   126131   153911   125921   105401   187337     3461   267737     6221   161807    26099   231197    63839   227561    14771   208469   110921
   110819   208589    14747   227627    63689   231479    25997   161957     6197   267749     3389   154229    79427   200639    79319   200789    79151   200987    78809   201281    78569   201581    78317   201827    78137   234131    45869   234191    45821   234239    45737   234431    45557   235289   106109   125789   276629    12269   273821   118061   254021    48539   216329    52391   265271    71429   169199
   169241    71129   265277    52289   216347    48407   254627   117959   273929    12227   276767   125429   234527    99527   180617    99371   180701    99017   181019    98807   181301    98621   181421    98561   181499    98411   181721    98129   182009    97961   182099    97859   183437   138101    45491   154589     3251   267791     6089   162059    25391   231611    63671   227729    14741   208889   110777
   110711   209021    14591   227951    63647   231677    25031   162119     6047   267857     3191   154619    45389   182177   105167   175229   104537   175601   104369   175691   104309   176021   103967   176207   103511   176597   103409   176699   103307   176927   103067   180437   135119    97841   234629   125399   276827    12161   273971   117899   254987    48341   216371    52067   265427    70997   169307
   169409    70979   265571    51941   216401    48299   255197   117809   274007    12119   276929   125231   235091    97547   177011   100469   179657   100109   179969   100019   180179    99707   184649    95189   184997    94961   185069    94841   185291    94709   186689   133649   103007   182471    44927   154787     3089   267899     6011   162209    24821   231719    63617   228077    14447   209039   110609
   110129   209249    14411   228251    63467   231779    24809   162221     5897   268049     3041   154799    44819   182519   102761   185369    83357   196751    83219   196901    83009   197207    82757   197297    82421   197711    81971   198179    81761   247697    89897    94649   177257    97499   235199   125219   276977    11969   274121   117797   255209    48239   216551    51767   265607    70769   169889
   170057    70451   265841    51719   216641    48197   255251   117731   274139    11927   277007   125141   235241    97379   177431    94541   198281    30029   250007    29927   250199    29759   257447    22391   257711    22157   257981    22031   141371   249107    81737   185477   102587   182639    44777   154877     3011   268091     5879   162287    24767   231821    63377   228299    14177   209567   109961
   109937   209579    14057   228359    63299   231839    24551   162359     5741   268211     2861   155027    44711   182867   102551   185621    81671   258107    41519   238829    41177   238877    41051   239069    40787   239441    40529   241979   136841    21911   198347    94397   177467    97151   235307   124991   277157    11807   274277   117659   255467    48179   216719    51659   265961    70439   170081
   170099    70379   266009    51599   217121    47969   255659   117389   274301    11579   277217   124847   235397    96959   177917    94307   198491    21821   239531    84659   195389    84521   195581    84131   195929    84047   248267    87557    40487   258197    81527   185711   102101   183059    44621   155171     2801   268439     5717   162629    24359   232049    62897   228419    14009   209639   109919
   109829   209789    13967   228479    62861   232079    24251   162749     5669   268529     2687   155219    44579   183167   101891   185789    81371   258317    40169   196379    80207   200171    79841   200201    43499   244217   131927    83639   239849    21701   198647    94229   178127    96851   235439   124799   277331    11489   274349   117269   255767    47939   217157    51539   266051    70229   170189
   170267    70199   266111    51479   217199    47711   255839   117239   274361    11471   277427   124301   235601    96827   178247    94169   198659     1409   240047    83579   236627    35129   244901    34847   245261   139907    43391   196439    39971   278609    81359   185849   101771   183191    44417   155717     2591   268547     5657   162779    24179   232307    62819   228539    13907   209819   109751
   109481   209837    13901   228581    62597   232409    24071   162917     5501   268607     2441   155741    44357   183461   101537   185897    81299   278651    39929   196541    43319   245279    91499   242129    86399    34739   236699    83477   240089     1367   198719    94121   178481    96557   235661   124277   277577    11411   274517   117101   255947    47609   217421    51437   266117    70181   170537
   170627    70157   266159    51431   217517    47309   255989   117071   274667    11261   277601   124097   235751    96431   178487    93911   198899     1301   240131    80681   236867   245759   134909   140009   145109    34259    43151   199337    39887   278717    81119   186107   101531   183587    44267   155921     2417   268757     5351   162947    24029   232709    62501   228587    13859   209861   109391
   108971   209939    13841   228611    62459   232811    23831   163151     5309   268841     2381   156227    44207   183797   101159   186299    81077   278741    39821   199739    41771    33767   193619    37889   188519   246251   238247    80279   240197     1277   198941    93719   178859    96221   235811   123791   277637    11177   274709   116867   256187    47207   217559    51407   266177    70079   171047
   171131    69827   266261    51341   217667    47147   256199   116849   274739    10979   277751   123581   235889    96137   178877    93701   198971     1217   240257    79901   193181   140111    35117   245171    34757   244889    86837   200117    39761   278801    81047   186317   101141   183881    44129   156437     2267   269039     5279   163169    23819   232871    62351   228677    13757   210191   108887
   108677   210209    13721   228731    62327   232907    23669   163199     5231   269069     2129   156467    44021   183959   101111   186437    81041   278867   240677   146141   148091    79847   200177    79817   236519    35801   199811   133877    39341     1151   198977    93581   178907    96059   235997   123551   277889    10949   274787   116819   256349    47111   217691    51287   266297    69809   171341
   171617    69761   266369    51137   217829    46997   256391   116681   274829    10799   277919   123527   236021    95987   179111    93371   199109   139187    34841   192461    84629   195497    84437   195887    84089   195971    31751   195359   245177   140831    80909   186647   100907   184031    43997   156491     2099   269219     5189   163337    23627   233021    62189   228881    13649   210257   108401
   108377   210461    13469   228887    62081   233117    23549   163469     5171   269351     1931   156539    43889   184199   100649   186761    80141   241559   143177    41189   238841    41141   238967    40949   239231    40577   239489    38039   238499    38459   199877    93257   179369    95819   236129   123479   278087    10667   274847   116549   256469    46901   217937    51131   266549    69557   171641
   171659    69491   266681    51059   217979    46877   256661   116537   274871    10589   278147   123377   236231    95531   179471   187091   147647    30911    30011   250091    29819   250259    22571   257627    22307   257861    22037   257987   138647   249989   132371    92927   100547   184487    43787   156641     1871   269429     5147   163481    23357   233141    62039   228959    13337   210527   108359
   108347   210761    13331   229127    61949   233201    23297   163487     5087   269519     1811   156677    43721   184511   180137    80051   190121    83267   196799    83117   197009    82811   197261    82721   197597    82307   198047    81839   198257    32321   196661   199967    99881    95507   236297   123341   278207    10499   274931   116531   256721    46817   218069    50891   266687    69257   171671
   171827    69191   266759    50549   218381    46751   256901   106367   275087    10457   278321   123311   236477    95441    91757   146369   100361   179909   100049   179999    99839   180311    95369   184829    95021   185057    94949   185177    94727   185309    93329   179549   188261   184577    43541   156707     1697   269561     4931   173651    23117   233267    61637   229469    13259   210827   108191
   108089   210869    13217   229601    61559   233327    23087   173669     4889   269879     1559   156749    35141   179849   144899   104789   175481   104417   175649   104327   175709   103997   176051   103811   176507   103421   176609   103319   176711   103091   176951    99581   174851   100169   244877   123269   278459    10139   275129   106349   256931    46691   218459    50417   266801    69149   171929
   172181    69011   266867    50387   218531    46601   257141   106331   275201    10079   278591   176129   175811   141917    99401   180647    99317   181001    98999   181211    98717   181397    98597   181457    98519   181607    98297   181889    98009   182057    97919   182159    96581   180491   104207   103889     1427   269939     4817   173687    22877   233417    61487   229631    13151   211007   107837
   107687   211199    13127   229727    61469   233669    22769   173699     4679   269981   141707   147311   173909    79379   200699    79229   200867    79031   201209    78737   201449    78437   201701    78191   201881    45887   234149    45827   234197    45779   234281    45587   234461    44729   200591   132707   138311    10037   275339   106319   257249    46349   218549    50291   266891    68819   172331
   172709    68777   266897    50177   218849    46271   257297   106277   275669     9467   123887    92681   128861   151397   128411   151817   128147   152039   127637   152417   127487   152717   127289   152777   127139   152939   127037   153191   126611   153557   126317   153887   126107   154097   174617   151049   156131   270551     4349   173741    22721   233747    61169   229841    13121   211241   107309
   106979   211247    13109   229949    61031   233837    22697   173897     3347   257399   147107     9749   270299     9689   270527     9479   270587     9281   270761     9227   270797     4289   275939     4049   275999     4007   276137     3779   276251     3761   276347     3659   276401     3557   276527     1907   270131    22619   276671   106121   257321    46181   218987    50069   266909    68771   173039
   173081    68699   267017    49937   219017    46049   257339   176489   270167   149399    21491   258551    21407   258617    21341   258827    21059   259001    20897   259169    20789   259271    20639   259577    20399   259691    20177   259967    19937   260441    19469   260717    19211   260861    19139   260987    10781   258449     9851   103529    22679   233969    61001   230081    13001   211319   106937
   106877   211349    12791   230291    60899   234029   257381    95747   142871     8849   271181     8807   271277     8609   271517     8447   271787     8009   272141     7829   272201     7649   272411     7541   272537     7451   272771     7211   272999     6971   273059     6911   273149     6737   273359     6491   273569     4871   271067   184271    22637    45989   219119    49727   267227    68669   173141
   173267    68447   267521    49547   219281   234341    10691   142319   122789   157277   122561   157739   122219   157901   122027   158129   121787   158357   121421   158747   121259   158849   121151   159017   120899   159167   120671   159431   120401   159977   120017   160169   119699   160697   119267   160781   118931   161267   118247   157127   269327    45677    60737   230471    12497   211571   106751
   106727   211619    12437   230567    60527    21101   146681    29567   250619    29297   250787    29147   250889    28961   251117    28859   251201    28631   251477    28517   251519    28409   251789    28001   252101    27809   252401    27509   252611    27281   252779    27191   252911    26861   253307    26669   253427    26417   253661    21611   250301   258917   219491    49451   267581    68399   173291
   173297    68207   267671   239171   192251   151667    60611   219761    60251   219809    60167   219911    60101   219941    60041   220019    59627   220667    59207   220859    59141   221021    58757   221537    58451   221747    58211   221849    58109   221951    58061   221987    57977   222137    57689   222461    57287   222839    57077   222977    47057   219371    87767    40847    12347   211811   106721
   106661   211877    10631    33071   151499    77969   202067    77489   202667    77339   202751    77261   202817    68087   212039    67961   212117    67607   212507    67391   212669    67217   212837    67121   212969    66809   213449    66377   213659    66191   213881    66089   213947    66041   213989    65927   214439    65537   214499    65327   215141    64667   202001   246947   269387    68141   173357
   173531   216431   259211   142019    56957   223211    56687   223337    56489   223781    56099   224069    55889   224201    55691   224351    55589   224579    55259   224891    55109   224969    54941   225149    54851   225371    54539   225569    54437   225671    54269   225767    54011   226169    53819   226241    53681   226379    53609   226511    53381   226691    53117   223019    20807    63587   106487
   174047    53591   144941    18947   261101    18671   261431    18461   261707    18257   261887    18059   261971    18041   262079    17909   262127    17747   262337    17669   262391    17477   262697    17117   263129    16649   263387    16619   263411    16529   263537    16451   263591    16421   263657    16091   263951    16061   264059    15881   264221    15749   264371    12539   261059   226427   105971
    93827   143537    77069   203057    76697   203339    76667   203387    76487   204251    75707   204329    75659   204377    75557   204587    75377   204749    75227   204857    74861   205187    74699   205421    74531   205529    74411   205661    74297   205817    74051   205991    73727   206411    73571   206489    73517   206597    73379   206897    73079   207041    72689   207371    71387   202877   186191
   145547   116177   163859   116027   164039   115901   164249   115751   164291   115631   164429   115571   164471   115019   165551   114407   165707   114299   165749   114161   165941   113759   166301   113417   166739   113177   166847   113147   166967   113039   167021   112979   167051   112919   167117   112859   167261   112589   167441   112481   167621   112289   167771   112241   167879   109097   163637
