   115631   164429   115571   164471   115019   165551   114407   165707   114299   165749   114161   165941   113759   166301   113417   166739   113177   166847   113147   166967   113039   167021   112979   167051   112919   167117   112859   167261   112589   167441   112481   167621   112289   167771   112241   167879   112031   168197   111791   168527   111341   168869   111119   169049   110951   173531   133169
   169079    75767   204311    75689   204359    75641   204461    75431   204641    75269   204791    75161   205157    74831   205319    74597   205487    74489   205607    74357   205721    74201   205967    74027   206291    73607   206447    73529   206501    73421   206639    73121   206939    72977   207329    72647   207401    72497   207551    72221   207941    72047   208139    71741    71429   274709   110939
   110921   208319    18257   261887    18059   261971    18041   262079    17909   262127    17747   262337    17669   262391    17477   262697    17117   263129    16649   263387    16619   263411    16529   263537    16451   263591    16421   263657    16091   263951    16061   264059    15881   264221    15749   264371    15581   264659    15287   264749    15227   264881    14939   271277   132257    71699   169097
   169199    71549   265151    55949   224129    55817   224327    55667   224429    55439   224759    55127   224909    55049   225077    54869   225167    54647   225479    54449   225581    54347   225749    54251   226007    53849   226199    53777   226337    53639   226409    53591   226511    53381   226691    53201   226871    53117   227081    52859   227387    52529   228539   137177    14867   208469   110819
   110777   208631    14771   227501    77201   202877    77069   203057    76697   203339    76667   203387    76487   212801    67181   212897    67049   213209    66569   213641    66359   213827    66137   213929    66071   213977    66029   214091    65579   214481    65519   214691    64877   215309    64667   215417    64217   215909    64091   215981    63839   217937   127289    52517   265247    71387   169241
   169307    71129   265271    52457   216329    60101   219977    59999   220391    59351   220811    59159   220877    58997   221261    58481   221567    58271   221807    58169   221909    58067   221957    58031   222041    57881   222329    57557   222731    57179   222941    57041   223019    56957   223211    56687   223337    56489   223781    56099   231611   130259    63689   227561    14747   208889   110711
   110609   209021    14741   227627    63671   231677    28901   251159    28817   251387    28541   251501    28499   251609    28229   252017    27917   252209    27617   252509    27407   252737    27239   252827    27107   253157    26711   253349    26591   253601    26357   253679    26267   253769    26111   253919    25997   254627    25031   258449   134471    48341   216347    52391   265277    70997   169409
   169889    70979   265427    52289   216371    48239   255197   121889   158231   121661   158597   121271   158759   121169   158867   121001   159119   120851   159347   120587   159617   120017   160169   119699   160697   119267   160781   118931   161267   118709   161561   118277   161771   118211   161957   117959   162119   117809   117659   182471    24821   231779    63647   227729    14591   209039   110129
   109961   209249    14447   227951    63617   231821    24809   162221     8231   272009     7877   272189     7817   272369     7607   272477     7481   272567     7247   272807     7019   273047     6959   273107     6869   273281     6659   273527     6449   273629     6299   273797     6197   273929     6047   274007     5897   276401   136481   117797   255209    48197   216401    52067   265571    70769   170057
   170081    70451   265607    51941   216431    48179   255251   117731   274139    20897   259169    20807   259229    20747   259379    20441   259619    20327   259841    20051   260081    19577   260549    19301   260807    19157   260879    19031   261017    18959   261071    18917   261347    18587   261557    18311   270167   130439     5879   162287    24767   231839    63587   228077    14411   209567   109937
   109919   209579    14177   228251    63467   232049    24551   162629     5741   268091     9431   270737     9257   270791     9221   271067     8849   271181     8807   271409     8501   271571     3761   276359     3557   276527     3461   276629     3347   276767     3191   276929     3041   277007     2861   157457   258527    11927   274277   117389   255467    47969   216551    51767   265841    70439   170099
   170189    70379   265961    51719   216641    47939   255659   117269   274301    11807   277217   128147   152039   127637   152417   127487   152717   127241   152879   127079   152981   126827   153407   126461   153701   126131   153911   125921   154229   125429   154619   125231   154799   125141   155717   138077     2801   268211     5717   162749    24359   232079    63377   228299    14057   209639   109829
   109751   209789    14009   228359    63299   232307    24251   162779     5669   268439     2687   155027    78809   201281    78569   201581    78317   201827    78137   202001    77969   202067    77489   202667    77339   202751    77261   234461    45491   234629    44927   235199    44777   238331   104327   124991   277331    11579   274349   117239   255767    47711   216719    51659   266009    70229   170267
   170537    70199   266051    51599   217157    47609   255839   117101   274361    11489   277427   124847   235289    98717   181397    98597   181457    98519   181607    98297   181889    98009   182057    97919   182159    97841   182519    97379   182867    96959   183167    96827   187337   134669    44729   155171     2591   268529     5657   162917    24179   232409    62861   228419    13967   209819   109481
   109391   209837    13907   228479    62819   232709    24071   162947     5501   268547     2441   155219    44711   183437   104207   176021   103967   176129   103529   176507   103421   176609   103319   176711   103091   176951   103007   177257   102587   177467   102101   179969   137321    96581   235307   124799   277577    11471   274517   117071   255947    47309   217199    51539   266111    70181   170627
   170921    70157   266117    51437   217421    47207   255989   116867   274667    11261   277601   124277   235397    96557   178127    99581   180491    99401   180647    99317   181001    98807   185177    94727   185309    94649   185477    94307   185789    94169   189377   131927   101891   183461    44621   155741     2417   268757     5351   163151    24029   232811    62597   228581    13901   209861   109097
   108971   209939    13859   228587    62501   232871    23831   163169     5279   268841     2381   155921    44417   183587   101771   185897    82811   197261    82721   197597    82307   198047    81839   198257    81737   198347    81527   198647    81359   199811   137867    94121   178247    96431   235601   124097   277637    11177   274739   116849   256187    47147   217517    51431   266159    70079   171047
   171131    69827   266177    51407   217559    47111   256349   116819   274787    10949   277751   123887   235661    96221   178481    93911   198719    29399   250721    29231   250871    29129   251057    21611   258551    21407   258827    21101   148331   249881    81299   186107   101537   183797    44357   156131     2267   269069     5231   163199    23669   232907    62459   228611    13841   210191   108887
   108677   210209    13757   228677    62351   232961    23627   163337     5189   269219     2129   156227    44267   183881   101531   186191    81119   258959    40847   239231    40577   239489    40487   239849    39971   240089    39887   247301   132371    21059   198899    93827   178487    96137   235751   123791   277889    10799   274829   116681   256391    47057   217667    51341   266261    69809   171341
   171617    69761   266297    51287   217691    46997   256469   116549   274847    10781   277919   123581   235811    96059   178859    93719   198941    21017   240197    84131   195929    84047   196379    83579   196541    83357   197009   139109    39821   259001    81077   186299   101159   183959    44207   156437     2099   269237     5171   163469    23549   233021    62327   228731    13721   210257   108401
   108377   210461    13649   228881    62189   233117    23357   163481     5147   269327     1931   156467    44129   184031   101141   186317    81047   279131    39761   196751    79817   200591    79379   200699    79229   247991    92357    83267   240257      887   198971    93701   178877    95987   235889   123551   278087    10691   274871   116537   256661    46901   217829    51137   266369    69557   171641
   171659    69491   266549    51131   217979    46877   256721   116531   274931    10631   278111   123527   235997    95819   178907    93581   198977      881   240437    83219   200867    34757   245279    34679   246251   139079    79151   196799    39581   279137    81041   186437   101111   184199    44021   156491     1907   269387     5087   163487    23297   233141    62039   228887    13469   210527   108359
   108347   210761    13337   228959    61949   233201    23117   163637     4931   269429     1871   156539    43997   184271   100547   186647    80909   279179    39509   196901    79031   245411   131861   151397   136769    34607   200987    83117   240509      839   199109    93371   179471    95747   236021   123479   278147    10589   275087   116381   256901    46817   218069    51059   266681    69257   171671
   171827    69191   266687    50891   218381    46751   256931   116177   275129    10499   278207   123377   236129    95531   179549    93329   199337      797   240599    79847   237089    34457   144917   140009   135101   245561    42929   200171    39419   279221    80681   186689   100469   184487    43889   156641     1811   269519     4889   163841    23087   233267    61637   229127    13331   210827   108191
   108089   210869    13259   229469    61559   233327    22877   163859     4871   269561     1559   156677    43787   184511   100169   186761    80279   279317    39359   200177      239   244481   143249   128621   148157    35537   279779    79841   240659      701   199739    93257   179849    95507   236231   123341   278459    10457   275147   116159   257141    46691   218459    50549   266759    69149   171929
   172181    69011   266801    50417   218531    46601   257249   116027   275201    10139   278591   123311   236297    95441   179909    93059   199877      587   240677   241127   195359   140939    34739   245339    33767   245261    84659    38891    39341   279431    80141   186959   100109   184577    43721   156707     1427   269879     4817   163991    22769   233417    61487   229601    13217   211007   107837
   107687   211199    13151   229631    61469   233669    22721   164039     4679   269939     1409   156749    43541   184649   100019   187091    80051   279767    32189    37019   187661    79427   200639    79319   200789    32027   200201   242999   247829      251   199967    92927   179999    95369   236477   123269   278609    10079   275339   115979   257297    46349   218549    50387   266867    68819   172331
   172709    68777   266891    50291   218849    46271   257321   115901   275669    10037   278651   123077   236519    95189   180137    92669   200117   122117   238877   140909    84089   195971    83639   196439    83477   196661    83009   195887    41141   157901    79901   187349    99881   184829    43499   156941     1367   269981     4349   164117    22697   233747    61169   229727    13127   211241   107309
   106979   211247    13121   229841    61031   233837    22679   164249     4289   270131     1301   157061    43391   184997    99839   187361   237929   238829   147647    40787   239441    40529   239531    40169   240047    39929   240131    32717   239171    41189    42089    92657   180179    95021   236627   122957   278717     9887   275729   115769   257339    46181   218987    50177   266897    68771   173039
   173081    68699   266909    50069   219017    46049   257381   115751   275939     9749   278741   122891   236699    94961   180311   244247    37871    30137    29297   250787    29147   250889    28961   258407    21467   258611    21191   258917   131687   250619   242147    35771    99707   185057    43319   157127     1277   270269     4079   164267    22637   233969    61001   229949    13109   211319   106937
   106877   211349    13001   230081    60899   234029    22619   164291     4049   270299     1217   157229    43151   185069   181019    21701   142151    82757   197297    82421   197711    81971   198179    81761   198281    81671   198491    81371   198659    80207   197207   258317    98999    94949   236867   122789   278801     9719   275969   115727   257399    45989   219119    49937   267017    68669   173141
   173267    68447   267227    49727   219281    45887   257447   105527   275999     9689   278867   122741   236981    92801    92951   148091    99527   180617    99371   180701    99017   181211    94841   185291    94709   185369    94541   185711    94229   185849    90641   180437   187067   187217    43037   157277     1151   270329     4019   174491    22571   234131    60737   230291    12791   211571   106751
   106727   211619    12539   230471    60647   234149    22391   174527     4007   270527     1109   157739    33329   179111   142697   103997   176051   103889   176489   103511   176597   103409   176699   103307   176927   103067   177011   102761   177431   102551   177917   100049   175811   100907   246689   122279   278909     9491   276011   105491   257627    45869   219371    49547   267479    68399   173291
   173297    68207   267521    49451   219407    45827   257711   105449   276137     9479   279047   179369   176207   145349    98621   181421    98561   181499    98411   181721    98129   182009    97961   182099    97859   182177    97499   182639    97151   183059    96851   183191    92681   181301   103811   100649      971   270539     3881   174569    22307   234191    60611   230567    12497   211811   106721
   106661   211877    12437   230807    60527   234197    22157   174617     3779   270551   140897    94397   175691    78737   201449    78437   201701    78191   201881    78017   202049    77951   202529    77351   202679    77267   202757    45557   234527    45389   235091    44819   235241    41687   201209   185621   139121     9467   276239   105401   257861    45821   219491    49211   267581    68141   173357
   173651    68087   267671    49199   219761    45779   257981   105359   276251     1697   250259   141941   127979   152381   127601   152531   127301   152777   127139   152939   127037   153191   126611   153557   126317   153887   126107   154097   125789   154589   125399   154787   125219   154877   124301   151871    29759   278321     3767   174659    22037   234239    60257   230819    12347   211931   106367
   106349   212039    12281   230849    60251   234281    22031   174767     3671   258677    21491     9281   270761     9227   270797     8951   271169     8837   271211     8609   271517     8447   276257     3659   276461     3491   276557     3389   276671     3251   276827     3089   276977     3011   277157   122561   270587    21341   276347   105251   257987    45737   219767    49169   267737    67979   173669
   173687    67961   267749    49157   219809    45677   258107   179657   269351   149579    20849   259211    20789   259271    20639   259577    20399   259691    20177   259967    19937   260441    19469   260717    19211   260861    19139   260987    19001   261059    18947   261101    18671   261431    18461   261707     9851   259121    10667   100361    21911   234341    60209   230861    12269   212057   106331
   106319   212117    12227   230999    60167   234431   258197   137597   143537     8009   272141     7829   272201     7649   272411     7541   272537     7451   272771     7211   272999     6971   273059     6911   273149     6737   273359     6491   273569     6389   273719     6221   273821     6089   273971     6011   274121     3617   271787   142421    21821    45587   219851    49019   267791    67901   173699
   173741    67607   267857    48821   219911   235439    10979    97547   121787   158357   121421   158747   121259   158849   121151   159017   120899   159167   120671   159431   120401   160001   119849   160319   119321   160751   119237   161087   118751   161309   118457   161741   118247   161807   118061   162059   117899   162209   162359   158129   269039    44579    60107   231197    12161   212411   106277
   106121   212507    12119   231479   219941    21401   145547    28859   251201    28631   251477    28517   251519    28409   251789    28001   252101    27809   252401    27509   252611    27281   252779    27191   252911    26861   253307    26669   253427    26417   253661    26339   253751    26249   253907    26099   254021    25391   254987    21569   251117   258617    60077    48539   267899    67511   173897
   173909    67391   268049   231719    31541   149759    60041   220019    59627   220667    59207   220859    59141   221021    58757   221537    58451   221747    58211   221849    58109   221951    58061   221987    57977   222137    57689   222461    57287   222839    57077   222977    56999   223061    56807   223331    56681   223529    56237   223919    48407   219917   248477    48299    11969   212627   106109
   105971   212669    11411    39671   152729    77141   202949    76961   203321    76679   203351    76631   203531    67217   212837    67121   212969    66809   213449    66377   213659    66191   213881    66089   213947    66041   213989    65927   214439    65537   214499    65327   215141    64709   215351    64601   215801    64109   215927    64037   216179    62081   202817   240347   268607    67349   174047
   174257   217121   256199   142841    55889   224201    55691   224351    55589   224579    55259   224891    55109   224969    54941   225149    54851   225371    54539   225569    54437   225671    54269   225767    54011   226169    53819   226241    53681   226379    53609   226427    53507   226637    53327   226817    53147   226901    52937   227159    52631   227489    51479   224069    23819    62897   105761
   105269   191621   147761    18131   261959    18047   261977    17939   262109    17891   262271    17681   262349    17627   262541    17321   262901    16889   263369    16631   263399    16607   263489    16481   263567    16427   263597    16361   263927    16067   263957    15959   264137    15797   264269    15647   264437    15359   264731    15269   264791    15137   265079     8741   261761    88397   174749
   159977     5309    75707   204329    75659   204377    75557   204587    75377   204749    75227   204857    74861   205187    74699   205421    74531   205529    74411   205661    74297   205817    74051   205991    73727   206411    73571   206489    73517   206597    73379   206897    73079   207041    72689   207371    72617   207521    72467   207797    72077   207971    71879   208277   208589   204251   120041
   146849   115589   164447   115547   164999   114467   165611   114311   165719   114269   165857   114077   166259   113717   166601   113279   166841   113171   166871   113051   166979   112997   167039   112967   167099   112901   167159   112757   167429   112577   167537   112397   167729   112247   167777   112139   167987   111821   168227   111491   168677   111149   168899   110969   169067   106487   164387
