   115901   164249   115751   164291   115631   164429   115571   164471   115019   165551   114407   165707   114299   165749   114161   165941   113759   166301   113417   166739   113177   166847   113147   166967   113039   167021   112979   167051   112919   167117   112859   167261   112589   167441   112481   167621   112289   167771   112241   167879   112031   168197   111791   168527   111341   168899   137597
   168869    76667   203387    76487   204251    75707   204329    75659   204377    75557   204587    75377   204749    75227   204857    74861   205187    74699   205421    74531   205529    74411   205661    74297   205817    74051   205991    73727   206411    73571   206489    73517   206597    73379   206897    73079   207041    72689   207371    72617   207521    72467   207797    72077    65927   279557   111149
   110969   207971    18587   261557    18311   261761    18131   261959    18047   261977    17939   262109    17891   262271    17681   262349    17627   262541    17321   262901    16889   263369    16631   263399    16607   263489    16481   263567    16427   263597    16361   263927    16067   263957    15959   264137    15797   264269    15647   264437    15359   264731    15269   268547   134507    72047   169049
   169067    71879   264791    56489   223781    56099   224069    55889   224201    55691   224351    55589   224579    55259   224891    55109   224969    54941   225149    54851   225371    54539   225569    54437   225671    54269   225767    54011   226169    53819   226241    53681   226379    53609   226427    53507   226637    53327   226817    53147   226901    52937   229841   135389    15227   208139   110951
   110939   208277    15137   227159    77339   202751    77261   202817    77141   202949    76961   203321    76679   212411    67511   212627    67349   212801    67121   212969    66809   213449    66377   213659    66191   213881    66089   213947    66041   213989    65579   214481    65519   214691    64877   215309    64667   215417    64217   215909    64091   217517   127637    52859   264881    71741   169079
   169097    71699   265079    52631   215981    60209   219851    60107   219917    60041   220019    59627   220667    59207   220859    59141   221021    58757   221537    58451   221747    58211   221849    58109   221951    58061   221987    57977   222137    57689   222461    57287   222839    57077   222977    56999   223061    56807   223331    56681   234197   127487    64037   227387    14939   208319   110921
   110819   208469    14867   227489    63839   230999    29147   250889    28961   251117    28859   251201    28631   251477    28517   251519    28409   251789    28001   252101    27809   252401    27509   252611    27281   252779    27191   252911    26861   253307    26669   253427    26417   253661    26339   253751    26249   253907    26099   255197   137321    49019   216179    52529   265151    71549   169199
   169241    71429   265247    52517   216329    48821   254021   122219   157901   122027   158129   121787   158357   121421   158747   121259   158849   121151   159017   120899   159167   120671   159431   120401   159977   120017   160169   119699   160697   119267   160781   118931   161267   118709   161561   118277   161771   118211   117809   181721    25997   231197    63689   227501    14771   208589   110777
   110711   208631    14747   227561    63671   231479    25391   161957     8609   271517     8447   271787     8009   272141     7829   272201     7649   272411     7541   272537     7451   272771     7211   272999     6971   273059     6911   273149     6737   273359     6491   273569     6389   273719     6221   273821     6089   278717   133967   118061   254627    48539   216347    52457   265271    71387   169307
   169409    71129   265277    52391   216371    48407   254987   117959   273971    21341   258827    21101   258959    21017   259121    20849   259211    20789   259271    20639   259577    20399   259691    20177   259967    19937   260441    19301   260807    19157   260879    19031   261059    18947   261101    18671   199877   200117     6047   162059    25031   231611    63647   227627    14741   208889   110609
   110129   209021    14591   227729    63617   231677    24809   162119     6011   268091     9491   270539     9467   270587     9281   270761     9227   270797     8951   271169     8837   271211     8741   276011     3881   276239     3767   276257     3671   276359     3617   276461     3491   276557     3389   278147   133337    11927   274007   117899   255209    48341   216401    52289   265427    70997   169889
   170057    70979   265571    52067   216431    48299   255251   117797   274121    11807   276671   128621   151499   128411   151667   128201   151871   127979   152417   127301   152729   127241   152879   127079   152981   126827   153407   126461   153701   126131   153911   125921   154229   125429   156491   136841     3347   268211     5897   162221    24767   231719    63587   227951    14447   209039   109961
   109937   209249    14411   228077    63467   231779    24551   162287     5879   268439     3251   154619    78809   201281    78569   201581    78317   201827    78137   202001    77969   202067    77489   202667    45737   234341    45587   234461    45491   234629    44927   235199    44777   236477   137867   125399   276767    11579   274139   117731   255467    48239   216551    51941   265607    70769   170081
   170099    70451   265841    51767   216641    48197   255659   117659   274277    11489   276827   125231   235289    99401   180647    99317   181001    98999   181211    98717   181397    98597   181457    98519   181607    98129   182009    97961   182099    97859   182177    97547   183461   138077    44729   154787     3191   268529     5741   162359    24359   231821    63377   228251    14177   209567   109919
   109829   209579    14057   228299    63299   231839    24251   162629     5717   268607     3089   154799    44711   182519   104537   175649   104327   175709   104207   176021   103967   176129   103811   176489   103511   176597   103409   176699   103307   176927   103067   177011   138797    97499   235307   125219   276929    11411   274301   117389   255767    48179   216719    51719   265961    70439   170189
   170267    70379   266009    51659   217121    47969   255839   117269   274349    11261   276977   125141   235397    97379   177257   100169   179909   100049   179999    99881   180179    99581   180491    95189   184997    94961   185069    94841   185291    94709   187661   137177   102761   182639    44621   154877     3041   268757     5669   162749    24179   232049    62897   228359    14009   209639   109751
   109481   209789    13967   228419    62861   232079    24071   162779     5657   268841     3011   155027    44579   182867   102587   185369    83117   197009    82811   197261    82721   197711    81971   198179    81761   198281    81671   198491    81371   198659   139121    94649   177431    97151   235439   124991   277007    11177   274361   117239   255947    47939   217157    51599   266051    70229   170537
   170627    70199   266111    51539   217199    47711   255989   117101   274517    10979   277157   124847   235601    96959   177467    94541   198719    29297   250787    22031   258107    21821   258317    21611   258449    21491   258551    21407   148157   250091    81299   185477   102551   183059    44417   155171     2861   269039     5501   162917    24029   232307    62819   228479    13907   209819   109391
   109097   209837    13901   228539    62597   232409    23831   162947     5351   269069     2801   155219    44357   183167   102101   185621    81119   258617    40577   239489    40487   239849    39971   240089    39887   240197    39671   245411   134471    21401   198899    94397   177917    96851   235661   124799   277217    10949   274667   117071   256187    47609   217421    51479   266117    70181   170921
   171047    70157   266159    51437   217559    47309   256199   116867   274709    10799   277331   124301   235751    96827   178127    94307   198941     1277   240437    84521   195581    84131   195929    83639   196439   196541    34259   189041    39581   278741    81077   185711   101891   183191    44267   155717     2687   269219     5309   163151    23819   232709    62459   228581    13859   209861   108971
   108887   209939    13841   228587    62351   232811    23669   163169     5279   269237     2591   155741    44207   183437   101771   185789    81047   278801    39509   196661    79319   200789    79151   200987    42839   238331   138647    83357   240509     1217   198971    94229   178247    96581   235811   124277   277427    10781   274739   116849   256349    47207   217667    51431   266177    70079   171131
   171341    69827   266261    51407   217691    47147   256391   116819   274787    10691   277577   124097   235889    96431   178481    94169   198977     1151   240599    83267   237509    34679   245519    34457   247691   137699    42509   196751    39419   278867    81041   185849   101537   183587    44129   155921     2441   269327     5231   163199    23627   232871    62327   228611    13757   210191   108677
   108401   210209    13721   228677    62189   232907    23549   163337     5189   269351     2417   156131    43997   183797   101531   185897    80909   278909    39359   196799    42437   245681    92951   131687   195389    34337   237581    83219   240659     1109   199109    94121   178487    96221   236021   123887   277601    10667   274829   116681   256469    47111   217829    51341   266297    69809   171617
   171641    69761   266369    51287   217937    47057   256661   116549   274847    10631   277637   123791   236129    96137   178859    93911   199337      971   240677    79817   237737   246689   242447   140009    37571    33329    42281   200201    39341   279047    80681   186107   101159   183881    43889   156227     2381   269387     5171   163469    23357   232961    62081   228731    13649   210257   108377
   108359   210461    13469   228881    62039   233021    23297   163481     5147   269429     2129   156437    43787   183959   101111   186299    80279   279131    39317   200639   151049    30677    84629   148331   187067   249341   128969    79379   240701      887   199739    93719   178907    96059   236231   123581   277889    10589   274871   116537   256721    46997   217979    51137   266549    69557   171659
   171671    69491   266681    51131   218069    46901   256901   116531   274931    10499   277919   123551   236297    95987   179111    93701   199811      881   240899   137999    90641   142319    34499   245561    32327   245339   189377   142019    39119   279137    80207   186317   100907   184031    43721   156467     2099   269519     5087   163487    23117   233117    61949   228887    13337   210527   108347
   108191   210761    13331   228959    61637   233141    23087   163637     4931   269561     1931   156539    43499   184199   100649   186437    80051   279179   241781   189401   141371    79229   200867    79031   237179    41687   200699    90617    38237      839   199967    93581   179369    95819   236519   123479   278087    10457   275087   116381   256931    46877   218381    51059   266687    69257   171827
   171929    69191   266759    50891   218459    46751   257141   116177   275129    10139   278111   123377   236627    95747   179471    93371   200177   138977    31397    90977    84437   195887    84089   196379    83579    83477   245759   195497   248621   141041    79841   186647   100547   184271    43391   156641     1907   269879     4889   163841    22877   233267    61559   229127    13259   210827   108089
   107837   210869    13217   229469    61487   233327    22721   163859     4871   269939     1811   156677    43319   184487   100469   186689   240257   242999   145547    40529   239531    40169   240047    39929   240131    39821   240347    34607   239441    37019    39761    93329   179549    95531   236699   123341   278207    10079   275147   116159   257297    46691   218531    50549   266801    69149   172181
   172331    69011   266867    50417   218549    46601   257321   116027   275201    10037   278321   123311   236867    95507   179657   188621    36497    29927    29231   257987    21911   258197    21701   258407    21569   258527    21467   258611   131861   250721   243521    91397   100361   184511    43151   156707     1697   269981     4817   163991    22697   233417    61469   229601    13151   211007   107687
   107309   211199    13127   229631    61169   233669    22679   164039     4679   270131     1559   156749    43037   184649   191717    82421   140897    83009   197207    82757   197297    82307   198047    81839   198257    81737   198347    81527   198647    81359   196901   197597    88301    95369   236981   123269   278459     9887   275339   115979   257339    46349   218849    50387   266891    68819   172709
   173039    68777   266897    50291   218987    46271   257381   106121   275669     9851   278591   123077   237089   187091    84047   142841   100109   179969   100019   180137    99839   180437    99527   184829    95021   185057    94949   185177    94727   185309    92357   179849   195971    92927    42929   156941     1427   270167     4349   173897    22637   233747    61031   229727    13121   211241   106979
   106937   211247    13109   229949    61001   233837    22619   173909     4289   270269     1409   157061    42227    87701   141221   104369   175691   104309   175811   103997   176051   103889   176207   103529   176507   103421   176609   103319   176711   103091   176951   103007   175481   192317   237791   122957   278609     9749   275729   106109   257399    46181   219017    50069   266909    68771   173081
   173141    68699   267017    49937   219119    46049   257447   105971   275939     9719   278651   178877   200591   141941    99371   180701    99017   181019    98807   181301    98621   181421    98561   181499    98411   181889    98009   182057    97919   182159    97841   182471    96557   180617    79427   101141     1367   270299     4079   174047    22571   233969    60899   230081    13001   211319   106877
   106751   211349    12791   230291    60737   234029    22391   174257     4049   270329   180311    93827   142151    78737   201449    78437   201701    78191   201881    78017   202049    77951   202529    77351   234281    45677   234431    45557   234527    45389   235091    44819   235241    43541   201209   186191    99707     9689   275969   105761   257627    45989   219281    49727   267227    68669   173267
   173291    68447   267479    49547   219371    45887   257711   105527   275999   141917    85991   143177   128519   151607   128351   151817   128147   152039   127601   152717   127289   152777   127139   152939   127037   153191   126611   153557   126317   153887   126107   154097   125789   154589   123527   151397   194027   138101     4019   174491    22307   234131    60647   230471    12539   211571   106727
   106721   211619    12497   230567    60611   234149    22157   174527     2267   187907   146681     9479   270551     9431   270737     9257   270791     9221   271067     8849   271181     8807   271277     4007   276137     3779   276251     3761   276347     3659   276401     3557   276527     3461   276629     1871   270527    92111   277751   105491   257861    45869   219407    49451   267521    68399   173297
   173357    68207   267581    49211   219491    45827   257981   174767   267857    79901    21191   258917    21059   259001    20897   259169    20807   259229    20747   259379    20441   259619    20327   259841    20051   260081    19577   260717    19211   260861    19139   260987    18959   261071    18917   261347    80141   258677    12161   105251    22037   234191    60527   230807    12437   211811   106661
   106487   211877    12347   230819    60257   234239   260549   141707   146051     8501   271571     8231   272009     7877   272189     7817   272369     7607   272477     7481   272567     7247   272807     7019   273047     6959   273107     6869   273281     6659   273527     6449   273629     6299   273797     6197   273929     1301   271409   138311    19469    45779   219761    49199   267671    68141   173531
   173651    68087   267737    49169   219767   235997    11969    98297   122117   157991   121889   158231   121661   158597   121271   158759   121169   158867   121001   159119   120851   159347   120587   159617   120041   160001   119849   160319   119321   160751   119237   161087   118751   161309   118457   161741   118247   161807   162209   157799   268049    44021    60251   230849    12281   211931   106367
   106349   212039    12269   230861   219941    19001   142697    29129   251057    28901   251159    28817   251387    28541   251501    28499   251609    28229   252017    27917   252209    27617   252509    27407   252737    27239   252827    27107   253157    26711   253349    26591   253601    26357   253679    26267   253769    26111   253919    24821   250871   261017    60077    49157   267749    67979   173669
   173687    67961   267791   233201    32789   152531    60167   219911    60101   219977    59999   220391    59351   220811    59159   220877    58997   221261    58481   221567    58271   221807    58169   221909    58067   221957    58031   222041    57881   222329    57557   222731    57179   222941    57041   223019    56957   223211    56687   223337    45821   219809   247229    46817    12227   212057   106331
   106319   212117    12119    36791   152381    77267   202757    77201   202877    77069   203057    76697   203339    67607   212507    67391   212669    67217   212897    67049   213209    66569   213641    66359   213827    66137   213929    66071   213977    66029   214439    65537   214499    65327   215141    64709   215351    64601   215801    64109   215927    62501   202679   243227   267899    67901   173699
   173741   212837   257249   144629    56237   223919    55949   224129    55817   224327    55667   224429    55439   224759    55127   224909    55049   225077    54869   225167    54647   225479    54449   225581    54347   225749    54251   226007    53849   226199    53777   226337    53639   226409    53591   226511    53381   226691    53201   226871    53117   227081    50177   223529    22769    67181   106277
   175601   200171   145511    18461   261707    18257   261887    18059   261971    18041   262079    17909   262127    17747   262337    17669   262391    17477   262697    17117   263129    16649   263387    16619   263411    16529   263537    16451   263591    16421   263657    16091   263951    16061   264059    15881   264221    15749   264371    15581   264659    15287   264749    11471   261431    79847   104417
    95441      461    76631   203531    75767   204311    75689   204359    75641   204461    75431   204641    75269   204791    75161   205157    74831   205319    74597   205487    74489   205607    74357   205721    74201   205967    74027   206291    73607   206447    73529   206501    73421   206639    73121   206939    72977   207329    72647   207401    72497   207551    72221   207941   214091   203351   184577
   142421   115769   164267   115727   164387   115589   164447   115547   164999   114467   165611   114311   165719   114269   165857   114077   166259   113717   166601   113279   166841   113171   166871   113051   166979   112997   167039   112967   167099   112901   167159   112757   167429   112577   167537   112397   167729   112247   167777   112139   167987   111821   168227   111491   168677   111119   164117
