   110777   169307   110609   169889   109961   170081   109919   170189   109751   170537   109391   170921   108971   171131   108677   171617   108377   171659   108347   171827   108089   172181   107687   172709   106979   173081   106877   173267   106727   173297   106661   173531   106367   173669   106331   173699   106277   173897   106109   174047   105761   174491   105491   174569   105401   174749   136541
   174659    70979   209249    70451   209579    70379   209789    70199   209837    70157   209939    69827   210209    69761   210461    69491   210761    69191   210869    69011   211199    68777   211247    68699   211349    68447   211619    68207   211877    68087   212039    67961   212117    67607   212507    67391   212669    67217   212837    67121   212969    66809   213449    66377   213989   137699   105359
   105251   213659    14009   266051    13907   266117    13859   266177    13757   266297    13649   266549    13337   266687    13259   266801    13151   266891    13121   266909    13001   267227    12539   267521    12437   267671    12281   267749    12227   267857    12119   268049    11927   268211    11579   268529    11471   268607    11261   268841    10979   269069    10799   269519   138389    66359   174767
   174851    66191   269237    51437   228587    51407   228677    51287   228881    51131   228959    50891   229469    50417   229631    50291   229841    50069   230081    49727   230471    49451   230807    49199   230849    49157   230999    48821   231479    48407   231677    48299   231779    48197   231839    47969   232079    47711   232409    47309   232811    47147   234239   136481    10781   213827   105167
   104789   213881    10691   232907    72047   208139    71741   208319    71549   208589    71387   208889    70997   218459    61487   218849    61031   219017    60899   219281    60647   219407    60527   219761    60251   219809    60167   219911    60101   219941    60041   220019    59627   220667    59207   220859    59141   221021    58757   221537    58451   223211   126611    47111   269327    66137   175229
   175481    66089   269351    47057   221747    54851   225479    54449   225581    54347   225749    54251   226007    53849   226199    53777   226337    53639   226409    53591   226511    53381   226691    53147   226901    52937   227159    52631   227489    52517   227561    52391   227951    51941   228251    51719   228359    51599   228479    51479   242447   124277    58271   232961    10667   213929   104537
   104417   213947    10631   233021    58211   236021    23117   256931    22877   257249    22721   257321    22679   257381    22619   257447    22391   257711    22157   257981    22031   258107    21821   258317    21611   258449    21491   258551    21407   258617    21341   258827    21101   258959    21017   259121    20849   259211    20789   260717   137399    43997   221807    46997   269387    66071   175601
   175649    66041   269429    46901   221849    43889   259271   116177   163859   116027   164039   115901   164249   115751   164291   115631   164429   115571   164471   115019   165551   114407   165707   114299   165749   114161   165941   113759   166301   113417   166739   113177   166847   113147   166967   113039   167021   112979   168527   137147    20747   236129    58169   233117    10589   213977   104369
   104327   214091    10457   233141    58109   236231    20639   167051     4679   275669     4289   275939     4049   275999     4007   276137     3779   276251     3761   276347     3659   276401     3557   276527     3461   276629     3347   276767     3191   276929     3041   277007     2861   277217     2687   277427     2441   278147   138077   112967   259379    43787   221909    46877   269561    65927   175691
   175709    65579   269879    46817   221951    43541   259577   112919   277601    16529   263537    16451   263591    16421   263657    16091   263951    16061   264059    15881   264221    15749   264371    15581   264659    15287   264749    15227   264881    14939   265151    14771   265271    14741   265427    14447   272999   131561     2417   167099    20441   236477    58067   233201    10139   214439   104309
   104207   214481    10079   233267    58061   236519    20399   167117     2381   265607     5501   274667     5309   274739     5231   274829     5171   274871     4931   275129     4871   275201      359   279761      251   279779       17   280013   139907   140297   139697   140717   139121   140909   139079   142019   137867    14411   277637   112901   259619    43499   221957    46751   269939    65537   175811
   176021    65519   269981    46691   221987    43391   259691   112859   277751    14177   141041   121661   158597   121271   158759   121169   158867   121001   159119   120851   159347   120587   159617   120041   160001   119849   160319   119321   160751   119237   161087   118751   161309   118457   118247   182009   138977   265841     2267   167159    20327   236627    58031   233327    10037   214499   103997
   103967   214691     9887   233417    57977   236699    20177   167261     2129   265961   138917   161741    73529   206501    73421   206639    73121   206939    72977   207329    72647   207401    72497   207551    72221   207941    40529   239531    40169   240047    39929   240131    39821   244217   135119   118277   141101    14057   277889   112757   259841    43319   222041    46601   270131    65327   176051
   176129    64877   270167    46349   222137    43151   259967   112589   277919     7451   141221   118211   240257    93719   186317    93581   186647    93329   186761    93059   187067    92927   187217    92681   187349    92657   187379    92459   187631    92381   187661    92297   191621   135449    39761   161807   138797   272567     2099   167429    20051   236867    57881   233669     9851   215141   103889
   103811   215309     9749   233747    57689   236981    19937   167441     1931   272771   138647   161957    39671   187907    98519   181607    98297   181889    97961   182099    97859   182177    97547   182519    97379   182867    96959   183167    96827   183437    96557   198977   123527    92111   240347   118061   141371     7247   278087   112577   260081    43037   222329    46271   270269    64709   176207
   176489    64667   270299    46181   222461    42929   260441   112481   278111     7211   141707   117959   240437    91997   183587    94727   185309    94649   185477    94307   185789    93911   186191    89627   190787    89189   190997    88997   191099    88721    87557   242819    96431   188021    39581   162059   138311   272807     1907   167537    19577   237089    57557   233837     9719   215351   103529
   103511   215417     9689   233969    57287   237179    19469   167621     1811   273047   138251   162119    39509   188261    96221   191519    77261   202817    77141   203057    76697   203339    76667   203387    76487   204251    75707   204329    75659   263129    80207    88499   183797    91757   240509   117899   141767     6971   278207   112397   260549    42839   222731    46049   270329    64601   176507
   176597    64217   270527    45989   222839    42509   260807   112289   278321     6911   141917   117809   240599    91499   183881    88019   204377    23669   256391    23549   256661    23297   262337    17669   262541    17321   262901    16649   145931   251201    75641   191999    96137   188519    39419   162209   138101   273107     1697   167729    19211   237509    57179   234029     9491   215801   103421
   103409   215909     9479   234131    57077   237581    19157   167771     1559   273149   138059   162221    39359   188621    96059   192149    75557   263387    35771   244481    35381   244691    35159   244877    35129   244901   245171    28859   145679    16631   204461    87869   183959    91397   240659   117797   141959     6869   278459   112247   260861    42437   222941    45887   270539    64109   176609
   176699    64091   270551    45869   222977    42281   260879   112241   278591     6737   142061   117731   240677    91331   184199    87767   204587    16619   245177    78317   201827    78137   202001    77969   202067    77489   146777   195497    34841   263399    75431   192251    95819   188687    39341   162287   137957   273281     1427   167777    19139   237737    57041   234149     9467   215927   103319
   103307   215981     9431   234191    56999   237791    19031   167879     1409   273359   137849   162359    39317   188891    95747   192317    75377   263411    34757   202667    74357   205721    74201   205967    74027   247229    98561    77351   245261    16607   204641    87701   184271    91127   240701   117659   142169     6659   278609   112139   260987    42227   223019    45827   270587    64037   176711
   176927    63839   270737    45821   223061    42197   261017   112031   278651     6449   142421   117389   240899    91079   184487    87671   204749   135389   245279    77339   206291    30497   249671    30341   254627   134909    73727   202679    34739   144629    75269   192347    95531   188939    39119   162629   137597   273569     1367   167987    19001   237821    56957   234197     9281   216179   103091
   103067   216329     9257   234281    56687   237929    18959   168197     1301   273629   137321   162749    38891   188999    95507   192377    75227   144671    34679   202751    73571   249749   122891   163637   133499    30269   206447    77267   245339   135347   204791    87641   184511    91019   241127   117269   142697     6389   278717   111821   261059    42089   223331    45737   270761    63689   176951
   177011    63671   270791    45677   223337    42017   261071   111791   278741     6299   142799   117239   241271    90977   184577    87587   204857   135281   245411    74489    37871   249881   150617   140009   129401    30137   242147   205529    34607   144737    75161   192431    95441   189041    38747   162779   137219   273719     1277   168227    18947   238001    56681   234341     9227   216347   103007
   102761   216371     9221   234431    56489   238019    18917   168677     1217   273797   137177   162917    38501   189377    95369   192611    74861   144887    34457   205607   255467    24809   146519   116381   157127   255209    24551    74411   245561   135131   205157    87407   184649    90641   241517   117101   142841     6221   278801   111341   261101    41999   223529    45587   270797    63647   177257
   177431    63617   271067    45557   223781    41981   261347   111149   278867     6197   143159   117071   241559    90617   184829    87281   205187   135101   245681   206411   151049   145109    30347   249677    25391   249521   128969    73607    34337   144917    74831   192737    95189   189401    38459   162947   136859   273821     1151   168869    18671   238037    56237   234461     8951   216401   102587
   102551   216431     8849   234527    56099   238247    18587   168899     1109   273929   136841   163151    38351   189491    95021   192767    74699   144941    33071   127979   181457    74297   205817    74051   205991    32789   205661   152039   246947   135077   205319    87251   184997    90527   241667   116867   143177     6089   278909   111119   261431    41771   223919    45491   271169    63587   177467
   177917    63467   271181    45389   224069    41687   261557   110969   279047     6047   143249   116849   241691    90401   185057    87041   205487   131927   251477    84521    78191   201881    78017   202049    77951   202529   133241   201701    28541   148091    74531   192977    94961   189617    38327   163169   136769   273971      971   169049    18461   238331    55949   234629     8837   216551   102101
   101891   216641     8807   235091    55889   238397    18311   169067      887   274007   136727   163199    38237   189929    94949   193181    37397   252017   134339    35537   244637    35327   244859    35141   244889    35117    34847   251159   244247    28001   242621    86837   185069    90089   241781   116819   143291     6011   279131   110951   261707    41621   224129    44927   271211    63377   178127
   178247    63299   271277    44819   224201    41579   261761   110939   279137     5897   143699   116681   241817    90071   185177   242171   180701    28817    23627   256469    23357   256721    17681   262349    17477   262697    17117   263369   134087   256349    99317    37847    94841   189947    38201   163337   136319   274121      881   169079    18257   238439    55817   235199     8741   216719   101771
   101537   217121     8609   235241    55691   238499    18131   169097      839   274139   136139   163469    38039   190121   185897   133769   199811    77201   202877    76961   203321    76679   203351    76631   203531    75767   204311    75689   204359    16889   202757   146249    94121    89897   241979   116549   143879     5879   279179   110921   261887    41519   224327    44777   271409    62897   178481
   178487    62861   271517    44729   224351    41189   261959   110819   279221     5741   144167   116537   242129    88301    74597    37199    94709   185369    94541   185711    94229   186107    93827   190391    89231   190829    89021   191021    88919   191297   192461   185291   205421   191717    37889   163481   135851   274277      797   169199    18059   238829    55667   235289     8501   217157   101531
   101159   217199     8447   235307    55589   238841    18047   180137      701   274301   135719   163487    37619   184031   156491    98411   181721    98129   182057    97919   182159    97841   182471    97499   182639    97151   183059    96851   183191    96581   183461    81041   181499    95987   242399   116531   144299     5717   279317    99881   261971    41177   224429    44711   271571    62819   178859
   178877    62597   271787    44621   224579    41141   261977    99839   279431     5669   144539   185849   202949   144569    93701   186437    93371   186689    93257   186959    92951   187091    92801   187337    92669   187361    92639   187559    92387   187637    92357   187721    88397   186299    77069    94169   135479   274349      587   180179    18041   238877    55439   235397     8231   217421   101141
   101111   217517     8009   235439    55259   238967    17939   180311      467   274361   152777   131861   144899    73517   206597    73379   206897    73079   207041    72689   207371    72617   207521    72467   207797    72077   239489    40487   239849    39971   240089    39887   240197    35801   206489   148157   127241     5657   279551    99707   262079    41051   224759    44579   272009    62501   178907
   179111    62459   272141    44417   224891    40949   262109    99581   279557   140831   256187    98009   121421   158747   121259   158849   121151   159017   120899   159167   120671   159431   120401   159977   120017   160169   119699   160697   119267   160781   118931   161267   118709   161561   161771   158357    23831   139187      461   180437    17909   239069    55127   235601     7877   217559   100907
   100649   217667     7829   235661    55109   239171    17891   180491       41   127601   142151     5351   274709     5279   274787     5189   274847     5147   275087     4889   275147     4817   279659      257   279767      239   280001        5   140111   139721   140321   139301   140897   139109   140939   137999   274517   152417   279977    99527   262127    40847   224909    44357   272189    62351   179369
   179471    62327   272201    44267   224969    40787   262271   180617   274931   148457    16481   263567    16427   263597    16361   263927    16067   263957    15959   264137    15797   264269    15647   264437    15359   264731    15269   264791    15137   265079    14867   265247    14747   265277    14591   265571     7019   263489     5087    99401    17747   239231    55049   235751     7817   217691   100547
   100469   217829     7649   235811    54941   239441    17627    81119   141941     4349   275729     4079   275969     4019   276011     3881   276239     3767   276257     3671   276359     3617   276461     3491   276557     3389   276671     3251   276827     3089   276977     3011   277157     2801   277331     2591   277577     1871   275339   198899   262391    40577   225077    44207   272369    62189   179549
   179657    62081   272411    44129   225149   245519   255659   142871   116159   163991   115979   164117   115769   164267   115727   164387   115589   164447   115547   164999   114467   165611   114311   165719   114269   165857   114077   166259   113717   166601   113279   166841   113171   166871   113051   166979   112997   167039   111491   163841    24359    34499    54869   235889     7607   217937   100361
   100169   217979     7541   235997    54647     6491   142619    23087   257141    22769   257297    22697   257339    22637   257399    22571   257627    22307   257861    22037   257987    21911   258197    21701   258407    21569   258527    21467   258611    21401   258677    21191   258917    21059   259001    20897   259169    20807   259229    19301   256901   273527   225371    44021   272477    62039   179849
   179909    61949   272537    43721   196751   155741    54539   225569    54437   225671    54269   225767    54011   226169    53819   226241    53681   226379    53609   226427    53507   226637    53327   226871    53117   227081    52859   227387    52529   227501    52457   227627    52067   228077    51767   228299    51659   228419    51539   228539    37571   225167    83267   236297     7481   218069   100109
   100049   218381   273059   226817   153407    71879   208277    71699   208469    71429   208631    71129   209021    61559   218531    61169   218987    61001   219119    60737   219371    60611   219491    60257   219767    60209   219851    60107   219917    60077   219977    59999   220391    59351   220811    59159   220877    58997   221261    58481   221567    56807   207971    53201     6959    61637   179969
   179999   218549      311   143537    51431   228611    51341   228731    51137   228887    51059   229127    50549   229601    50387   229727    50177   229949    49937   230291    49547   230567    49211   230819    49169   230861    49019   231197    48539   231611    48341   231719    48239   231821    48179   232049    47939   232307    47609   232709    47207   232871    45779   228581   279707    61469   100019
   185621    52289   141629    13967   266111    13901   266159    13841   266261    13721   266369    13469   266681    13331   266759    13217   266867    13127   266897    13109   267017    12791   267479    12497   267581    12347   267737    12269   267791    12161   267899    11969   268091    11807   268439    11489   268547    11411   268757    11177   269039    10949   269219    10499   266009   227729    94397
    82811   142319    70769   209567    70439   209639    70229   209819    70181   209861    70079   210191    69809   210257    69557   210527    69257   210827    69149   211007    68819   211241    68771   211319    68669   211571    68399   211811    68141   211931    67979   212057    67901   212411    67511   212627    67349   212801    67181   212897    67049   213209    66569   213641    66029   209039   197207
   143477   110711   169409   110129   170057   109937   170099   109829   170267   109481   170627   109097   171047   108887   171341   108401   171641   108359   171671   108191   171929   107837   172331   107309   173039   106937   173141   106751   173291   106721   173357   106487   173651   106349   173687   106319   173741   106121   173909   105971   174257   105527   174527   105449   174617   105269   169241
