   120401   159977   120017   160169   119699   160697   119267   160781   118931   161267   118709   161561   118277   161771   118211   161957   117959   162119   117809   162221   117731   162359   117389   162749   117239   162917   117071   163151   116849   163199   116681   163469   116537   163487   116381   163841   116159   163991   115979   164117   115769   164267   115727   164387   115589   112967   188621
   164447    81047   198977    80909   199337    80279   199811    80141   199967    79901   200171    79841   200201    79427   200639    79319   200789    79151   200987    78809   201281    78569   201581    78317   201827    78137   202001    77969   202067    77489   202667    77339   202751    77261   202817    77141   202949    76961   203321    76679   203351    76631   203531    75767    75431   266867   115571
   115547   204311    22031   258107    21821   258317    21611   258449    21491   258551    21407   258617    21341   258827    21101   258959    21017   259121    20849   259211    20789   259271    20639   259577    20399   259691    20177   259967    19937   260441    19469   260717    19211   260861    19139   260987    19001   261059    18947   261101    18671   261431    18461   264137   135479    75707   164471
   164999    75689   261707    60257   219767    60209   219851    60107   219917    60077   219977    59999   220391    59351   220811    59159   220877    58997   221261    58481   221567    58271   221807    58169   221909    58067   221957    58031   222041    57881   222329    57557   222731    57179   222941    57041   223019    56957   223211    56687   223337    56489   229841   131861    18311   204329   115019
   114467   204359    18257   223781    81761   198281    81671   198491    81371   198659    81299   198899    81077   208319    71549   208589    71387   208889    70997   209039    70769   209567    70439   209639    70229   209819    70181   209861    70079   210191    69809   210257    69557   210527    69257   210827    69149   211007    68819   211241    68771    68669   271409    56237   261761    75659   165551
   165611    75641   261887    56099   211319    64217   215927    64037   216179    63689   216347    63647   216401    63587   216551    63377   216719    62897   217157    62819   217421    62501   217559    62351   217691    62189   217937    62039   218069    61637   218459    61487   218549    61169   218987    61001   219119    60737   219371    60611   228677   129221    68699   223919    18131   204377   114407
   114311   204461    18059   224069    68447   219491    32369   247691    32321   247781    32189   247901    31817   248267    31727   248351    31541   248537    31397   248627    31379   248867    31139   249107    30707   249329    30677   249521    30347   249677    30269   249857    30137   249947    30047   249989    30011   250091    29819   252401   136481    60527   211571    55949   261959    75557   165707
   165719    75377   261971    55889   211619    52937   250259   127241   152879   127079   152981   126827   153407   126461   153701   126131   153911   125921   154229   125429   154619   125231   154799   125141   155027   124847   155219   124301   155741   124097   156131   123791   156437   123551   156491   123479   156641   123341   158357   136859    29759   227081    68399   224129    18047   204641   114299
   114269   204749    18041   224201    68207   227159    29717   156707    12119   268049    11927   268211    11579   268529    11471   268607    11261   268841    10979   269069    10799   269237    10691   269351    10631   269429    10499   269561    10139   269939    10037   270131     9851   270269     9719   270329     9491   270737   138797   123311   250301    52859   211811    55817   261977    75269   165749
   165857    75227   262079    55691   211877    52631   250451   123269   270539    24809   255251    24551   255659    24251   255839    24071   255989    23831   256199    23669   256391    23549   256661    23297   256901    23087   257141    22769   257297    22697   257339    22637   257399    22571   257627    22307   142871   253601     9479   156749    29567   227387    68141   224327    17939   204791   114161
   114077   204857    17909   224351    68087   227489    29399   156941     9467   257861    13127   266897    13109   267017    12791   267479    12497   267581    12347   267737    12269   267791    12161   273107     6869   273281     6659   273527     6449   273629     6299   273797     6197   273929     6047   274301   133349    22157   270551   123077   250619    52529   211931    55667   262109    75161   165941
   166259    74861   262127    55589   212039    52517   250721   122957   270587    22037   274007   133337   146777   133169   146921   132989   147089   132911   147311   132371   147671   132329   147761   132137   148079   131927   148331   131561   148517   131297   149159   130769   149399   130457   151817   136139     6011   257981     9431   157061    29297   227501    67979   224429    17891   205157   113759
   113717   205187    17747   224579    67961   227561    29231   157127     9257   264881     5897   149579    83357   196751    83219   196901    83009   197207    82757   197297    82421   197711    81971   198179    49211   230819    49169   230861    49019   231197    48539   231611    48299   235601   135101   130439   274121    15137   270761   122891   250787    52457   212057    55439   262271    74831   166301
   166601    74699   262337    55259   212117    52391   250871   122789   270791    14939   274139   130307   231779   103967   176129   103529   176507   103421   176609   103319   176711   103091   176951   103007   177257   102587   177467   102101   178127   101771   178481   101531   179549   138077    48239   149711     5879   265079     9227   157229    29147   227627    67901   224759    17681   205319   113417
   113279   205421    17669   224891    67607   227729    29129   157277     9221   265247     5741   149759    48197   178859   108887   171341   108401   171641   108359   171671   108191   171929   107837   172331   107309   173039   106937   173141   106751   173297   106661   173531   138917   101159   231821   130259   274277    14771   270797   122741   250889    52289   212411    55127   262349    74597   166739
   166841    74531   262391    55109   212507    52067   251057   122561   271067    14741   274349   130079   231839   101141   173651   104789   175481   104417   175649   104327   175709   104207   176021    99317   181001    98999   181211    98621   181421    98561   183881   136541   106367   178877    48179   149939     5669   265277     8951   157457    28961   227951    67511   224909    17627   205487   113177
   113171   205529    17477   224969    67391   228077    28901   157739     8849   265427     5657   150131    47969   178907   106349   181499    87407   192737    87251   192977    86837   193247    86477   193619    86369   193727    86171   194027    85931    85751   247607    98519   173669   101111   232049   129887   274361    14591   271169   122279   251117    51941   212627    55049   262541    74489   166847
   166871    74411   262697    54941   212669    51767   251159   122219   271181    14447   274517   129719   232079   100907   173687    98411   194591    32609   247439    26357   253679    26267   253769    26111   253919    25997   254627    25031   152531   241781    85427   181607   106331   179111    47939   150299     5501   265571     8837   157799    28859   228251    67349   225077    17321   205607   113147
   113051   205661    17117   225149    67217   228299    28817   157901     8807   265607     5279   150377    47711   179369   106319   181889    85331   255197    44357   235751    44207   235889    44021   236021    43889   236231    43721   239171   136841    24821   194687    98129   173699   100649   232307   129641   274739    14411   271211   122117   251201    51719   212801    54869   262901    74357   166967
   166979    74297   263129    54851   212837    51659   251387   122027   271277    14177   274787   129587   232409   100547   173741    98009   194771     4007   236477    88397   191717    88019   192149    87767   192317    87671   237737    94307    43541   276011    85247   182009   106277   179471    47609   150431     5231   265841     8741   157991    28631   228359    67181   225167    16889   205721   113039
   112997   205817    16649   225371    67121   228419    28541   158129     8501   265961     5189   150617    47309   179657   106109   182057    85199   276137    43499   192377    84047   196379    83579   196541    46181   234149   139187    87641   236519     3881   194819    97961   173909   100361   232709   129401   274829    14057   271517   121889   251477    51599   212897    54647   263369    74201   167021
   167039    74051   263387    54539   212969    51539   251501   121421   271571    14009   274847   129089   232811   100169   174257    97919   194981     3779   236627    87587   233969    37871   242171    37619   140717   241667    46049   192431    43391   276239    85037   182099   105761   179849    47207   150929     5171   266009     8447   158597    28517   228479    67049   225479    16631   205967   112979
   112919   205991    16619   225569    66809   228539    28499   158747     8231   266051     5147   151007    47147   179909   105527   182177    84947   276251    43319   192461    45989   242447   137999   137399   144629    37571   234029    87557   236699     3767   195071    97841   174491   100109   232871   129011   274871    13967   271787   121271   251519    51479   213209    54449   263399    74027   167099
   167117    73727   263411    54437   213449    51437   251609   121259   272009    13907   274931   128969   232907   100049   174527    97547   195161     3761   236867    84131   234191   246707   146639   140009   133379    33311    45827   195887    43151   276257    84857   182471   105491   179969    47111   151049     5087   266111     8009   158759    28409   228581    66569   225581    16607   206291   112901
   112859   206411    16529   225671    66377   228587    28229   158849     7877   266117     4931   151157    47057   180137   105449   182519    84737   276347    43037   195929   240197   134669   135389   142619   142019   145349    39821    84089   236981     3671   195281    97499   174569    99881   232961   128861   275087    13901   272141   121169   251789    51431   213641    54347   263489    73607   167159
   167261    73571   263537    54269   213659    51407   252017   121151   272189    13859   275129   128621   233021    99839   174617    97379   195389     3659   237089    46271      839    38351    37847   242399   139301   242147   279179   233747    42929   276359    84629   182639   105401   180179    46997   151397     4889   266159     7829   158867    28001   228611    66359   225749    16481   206447   112757
   112589   206489    16451   225767    66191   228731    27917   159017     7817   266177     4871   151499    46901   180311   105359   182867    84521   276401    41981   187217   140831    83639   196439    83477   233837    45869   195971    92801   238037     3617   195497    97151   174659    99707   233117   128519   275147    13841   272201   121001   252101    51287   213827    54251   263567    73529   167429
   167441    73517   263591    54011   213881    51137   252209   120899   272369    13757   275201   128411   233141    99581   174749    96959   195581   280013   233669   185711    88301   191999    87869   192251    87701   192347    42281   191621    46349        5    84437   183059   105269   180437    46877   151607     4817   266261     7649   159119    27809   228881    66137   226007    16427   206501   112577
   112481   206597    16421   226169    66089   228887    27509   159167     7607   266297     4679   151667    46817   180491   105251   183167   238967    93719   143177    44267   235811    44129   235997    43997   236129    43787   236297    40847   235661   186299    41051    96851   174767    99527   233201   128351   275339    13721   272411   120851   252509    51131   213929    53849   263597    73421   167537
   167621    73379   263657    53819   213947    51059   252611   120671   272477    13649   275669   128147   233267    99401   174851   184829   146141    38237    32579   253661    26339   253751    26249   253907    26099   254021    25391   254987   127487   247409   133877    95189   105167   180617    46751   151871     4349   266369     7541   159347    27407   228959    66071   226199    16361   206639   112397
   112289   206897    16091   226241    66041   229469    27281   159431     7481   266549     4289   152039    46691   180647   182159    84659    32411    87281   192767    87041   193181    86771   193541    86399   193649    86291   193847    85991   194087   194267   192611   195359    97859    99371   233327   127979   275729    13469   272537   120587   252737    50549   213977    53777   263927    73121   167729
   167771    73079   263951    53681   213989    50417   252779   110921   272567    13337   275939   127637   233417   181301    93581   143477   104537   175601   104369   175691   104309   175811   103997   180701    99017   181019    98807   181397    98597   181457    96137   175229   186437    98717    46601   152381     4079   266681     7451   169097    27239   229601    66029   226337    16067   206939   112247
   112241   207041    16061   226379    65927   229631    27191   169199     7247   266687     4049   152417    45887    93059   141101   108677   171617   108377   171659   108347   171827   108089   172181   107687   172709   106979   173081   106877   173267   106721   173357   106487   171131   186959   234131   127601   275969    13331   272771   110819   252827    50387   214091    53639   263957    72977   167777
   167879    72689   264059    53609   214439    50291   252911   110777   272807    13259   275999   173897   193577   141941   103889   176489   103511   176597   103409   176699   103307   176927   103067   177011   102761   177431   102551   177917   101891   178247   101537   178487   100469   176051    86441   106121     4019   266759     7211   169241    27107   229727    65579   226409    15959   207329   112139
   112031   207371    15797   226427    65537   229949    26861   169307     7019   266801   176207    98297   144917    83267   196799    83117   197009    82811   197261    82721   197597    82307   198047    81839   230807    49199   230849    49157   230999    48821   231479    48407   231719    44417   196661   181721   103811    13217   272999   110711   253157    50069   214481    53591   264221    72647   167987
   168197    72617   264269    53507   214499    49937   253307   110609   273059   276527    88997   143879   133241   146849   133097   147029   132929   147107   132707   147647   132347   147689   132257   147881   131939   148091   131687   148457   131501   148721   130859   149249   130619   149561   128201   146681   191021     3491     6959   169409    26711   230081    65519   226511    15749   207401   111821
   111791   207521    15647   226637    65327   230291    26669   169889   274709   106727   146669    13121   266909    13001   267227    12539   267521    12437   267671    12281   267749    12227   267857     6911   273149     6737   273359     6491   273569     6389   273719     6221   273821     6089   273971     5717   266891   173291     5309   110129   253349    49727   214691    53381   264371    72497   168227
   168527    72467   264437    53327   215141    49547   253427   170921      359    26417    24767   255467    24359   255767    24179   255947    24029   256187    23819   256349    23627   256469    23357   256721    23117   256931    22877   257249    22721   257321    22679   257381    22619   257447    22391   257711   137147   255209   279659   109097    26591   230471    64877   226691    15581   207551   111491
   111341   207797    15359   226817    64709   230567   265271   100019   141221    11969   268091    11807   268439    11489   268547    11411   268757    11177   269039    10949   269219    10781   269327    10667   269387    10589   269519    10457   269879    10079   269981     9887   270167     9749   270299     9689   270527     9281   267899   179999    14747    49451   215309    53201   264659    72221   168677
   168869    72077   264731    53147   215417   231677     6971   143159   127139   152939   127037   153191   126611   153557   126317   153887   126107   154097   125789   154589   125399   154787   125219   154877   124991   155171   124799   155717   124277   155921   123887   156227   123581   156467   123527   156539   123377   156677   121661   152777   273047    48341    64601   226871    15287   207941   111149
   111119   207971    15269   226901   238331    32027   143537    32327   247697    32237   247829    32117   248201    31751   248291    31667   248477    31481   248621    31391   248639    31151   248879    30911   249311    30689   249341    30497   249671    30341   249749    30161   249881    30071   249971    30029   250007    29927   250199    27617   247649   247991    41687    53117   264749    72047   168899
   169049    71879   264791    50891   158231   150797    64091   215981    63839   216329    63671   216371    63617   216431    63467   216641    63299   217121    62861   217199    62597   217517    62459   217667    62327   217829    62081   217979    61949   218381    61559   218531    61469   218849    61031   219017    60899   219281    60647   219407    51341   215801   121787   229127    15227   208139   110969
   110951   208277   265151   215351     8609    81737   198347    81527   198647    81359   198719    81119   198941    71699   208469    71429   208631    71129   209021    70979   209249    70451   209579    70379   209789    70199   209837    70157   209939    69827   210209    69761   210461    69491   210761    69191   210869    69011   211199    68777   211247   211349   198257    64667    14867    71741   169067
   169079   215909     5351   148157    60251   219809    60167   219911    60101   219941    60041   220019    59627   220667    59207   220859    59141   221021    58757   221537    58451   221747    58211   221849    58109   221951    58061   221987    57977   222137    57689   222461    57287   222839    57077   222977    56999   223061    56807   223331    56681   223529    50177   219761   274667    64109   110939
   174047   183797   144539    21911   258197    21701   258407    21569   258527    21467   258611    21401   258677    21191   258917    21059   259001    20897   259169    20807   259229    20747   259379    20441   259619    20327   259841    20051   260081    19577   260549    19301   260807    19157   260879    19031   261017    18959   261071    18917   261347    18587   261557    15881   257987    96221   105971
   147047    13151    81041   199109    80681   199739    80207   199877    80051   200117    79847   200177    79817   200591    79379   200699    79229   200867    79031   201209    78737   201449    78437   201701    78191   201881    78017   202049    77951   202529    77351   202679    77267   202757    77201   202877    77069   203057    76697   203339    76667   203387    76487   204251   204587   198971   132971
    91397   120041   160001   119849   160319   119321   160751   119237   161087   118751   161309   118457   161741   118247   161807   118061   162059   117899   162209   117797   162287   117659   162629   117269   162779   117101   162947   116867   163169   116819   163337   116549   163481   116531   163637   116177   163859   116027   164039   115901   164249   115751   164291   115631   164429   167051   159617
