   129641   150431   129401   150797   129089   151007   128969   151157   128621   151499   128411   151667   128201   151871   127979   152381   127601   152531   127301   152729   127241   152879   127079   152981   126827   153407   126461   153701   126131   153911   125921   154229   125429   154619   125231   154799   125141   155027   124847   155219   124301   155741   124097   156131   123791   156677   137321
   156437    90401   189929    90071   190121    89627   190787    89189   190997    88997   191099    88721   191519    88397   191717    88019   192149    87767   192317    87671   192377    87587   192461    87407   192737    87251   192977    86837   193247    86477   193577    86399   193649    86291   193847    85991   194087    85751   194591    85331   194771    85199   194981    84947   195281   136859   123581
   123551   195161    30029   250007    29927   250199    29759   250301    29567   250619    29297   250787    29147   250889    28961   251117    28859   251201    28631   251477    28517   251519    28409   251789    28001   252101    27809   252401    27509   252611    27281   252779    27191   252911    26861   253307    26669   253427    26417   253661    26339   253751    26249   259967   132137    84857   156467
   156491    84659   253907    68777   211247    68699   211349    68447   211619    68207   211877    68087   212039    67961   212117    67607   212507    67391   212669    67217   212837    67121   212969    66809   213449    66377   213659    66191   213881    66089   213947    66041   213989    65927   214439    65537   214499    65327   215141    64709   215351    64601   217121   136541    26111   195359   123527
   123479   195389    26099   215801    91397   188687    91127   188939    90977   189377    90617   189491    79841   200201    79427   200639    79319   200789    79151   200987    78809   201281    78569   201581    78317   201827    78137   202001    77969   202067    77489   202667    77339   202751    77261   202817    77141   202949    76961   203321    76679   203351   138101    64217   253919    84629   156539
   156641    84521   254021    64109   203387    72689   207371    72617   207521    72467   207797    72047   208139    71741   208319    71549   208589    71387   208889    70997   209039    70769   209567    70439   209639    70229   209819    70181   209861    70079   210191    69809   210257    69557   210527    69257   210827    69149   211007    68819   232811   116381    76631   215909    25997   195497   123377
   123311   195581    25391   215927    76487   219767    39341   240701    39119   241127    38747   241517    38459   241667    38327   241781    38201   241979    37889   242147    37847   242399    37571   242621    37379   242681    37199   242999    36899   243161    36821   243209    36791   243239    36587   243521    36479   243809    36161   245171   136769    60251   203531    64091   254627    84437   156707
   156749    84131   254987    64037   204251    60209   243911   135389   144671   135281   144887   135119   144917   135077   145109   134669   145511   134471   145601   134339   145799   134087   146051   133919   146141   133769   146309   133649   146477   133499   146639   133349   146681   133241   146849   133097   147029   132971   147311   138389    36107   219809    75767   215981    25031   195887   123269
   123077   195929    24821   216179    75707   219911    35897   147089    18059   261971    18041   262079    17909   262127    17747   262337    17669   262391    17477   262697    17117   263129    16649   263387    16619   263411    16529   263537    16451   263597    16361   263927    16067   263957    15959   264137    15797   265277   137867   132929   244121    60107   204311    63839   255197    84089   156941
   157061    84047   255209    63689   204329    60101   244217   132911   264269    32321   247781    32189   247901    32027   248201    31751   248291    31667   248477    31481   248621    31391   248639    31151   248879    30911   249311    30689   249341    30497   249671    30341   249749    30161   249881    30071   271211   117659    15749   147107    35801   219917    75689   216329    24809   195971   122957
   122891   196379    24767   216347    75659   219941    35771   147647    15647   249971    19211   260861    19139   260987    18959   261071    18671   261431    18461   261707    18257   261887    13331   266759    13217   266867    13127   266897    13109   267017    12791   267479    12497   267581    12347   167051   239531    30047   264371   132371   244247    60077   204359    63671   255251    83639   157127
   157229    83579   255467    63647   204377    60041   244481   132347   264437    21611   267737      881   279179      797   279317      587   279551      461   279659      311   279761      251   279779       41   280001        5   140111   139721   140321   139301   140831   139121   140909   139079   181019   239231    12281   258407    15581   147671    35537   219977    75641   216371    24551   196439   122789
   122741   196541    24359   216401    75557   220019    35381   147689    15359   258449    12269   141041    92951   187091    92801   187337    92669   187361    92639   187559    92387   187637    92297   187907    91997   188261    91499   223211    56681   223529    56237   223919    55949   224759   103529   138977   267749    21569   264659   132329   244637    59999   204461    63617   255659    83477   157277
   157457    83357   255767    63587   204587    59627   244691   132257   264731    21491   267791   138917   224129   112757   167429   112577   167537   112397   167729   112247   167777   112139   167987   111821   168227   111491   168677   111149   168899   110969   169067   169079   240197    10037    55889   141101    12227   258527    15287   147761    35327   220391    75431   216431    24251   196661   122561
   122279   196751    24179   216551    75377   220667    35159   148079    15269   258551    12161   141221    55817   169097   117071   163151   116849   163199   116681   163469   116537   163487   116177   163859   116027   164039   115901   164249   115751   164291   164387   247439     7607   110921   224201   138797   267857    21467   264749   131939   244859    59351   204641    63467   255839    83267   157739
   157799    83219   255947    63377   204749    59207   244877   131927   264791    21407   267899   138647   224327   110819   164429   113177   166847   113147   166967   112997   167039   112919   167117   112859   171617   108377   171659   108347   171827   108089   144539   162629   115589   169199    55691   141371    12119   258611    15227   148091    35141   220811    75269   216641    24071   196799   122219
   122117   196901    24029   216719    75227   220859    35129   148157    15137   258617    11969   141707    55667   169241   115571   172181    96827   183437    96557   183587    96221   183881    96059   184031    95819   184271    95531   184511    95441    94121   229841   107837   164447   110777   224351   138311   268049    21401   264881   131861   244889    59159   204791    63299   255989    83117   157901
   157991    83009   256187    62861   204857    59141   244901   131687   265079    21341   268091   138251   224429   110711   164471   107687   184649    39509   240599    39359   246839    33119   246947    32987   247229    32717   247409    32411   274871   106121    95369   172331   115547   169307    55589   141767    11927   258677    14939   148331    35117   220877    75161   217157    23831   197009   122027
   121889   197207    23819   217199    74861   221021    34841   148457    14867   258827    11807   141941    55439   169409   115019   172709    95189   247649    52457   227627    52289   227951    51941   228251    51719   228359    51599   270527    97379    32369   184829   107309   164999   110609   224579   138077   268211    21191   265151   131561   245177    58997   205157    62819   256199    82811   158129
   158231    82757   256349    62597   205187    58757   245261   131501   265247    21101   268439   138059   224891   110129   165551   106979   184997    32327   228479    97961   182099    97859   182177    97547   182519    97151    50291   272477    51539   247691    95021   173039   114467   169889    55127   141959    11579   258917    14771   148517    34757   221261    74831   217421    23669   197261   121787
   121661   197297    23627   217517    74699   221537    34739   148721    14747   258959    11489   142019    55109   170057   114407   173081    94961   269561    51479   183059    93911   186191    93719   186317    93371    53507   273047    96959   228539    10457   185057   106937   165611   109961   224909   137999   268529    21059   265271   131297   245279    58481   205319    62501   256391    82721   158357
   158597    82421   256469    62459   205421    58451   245339   130859   265427    21017   268547   137957   224969   109937   165707   106877   185069    10139   228581    96851   186689    45989   234131    45869   270737   103319    93329   183167    51437   269879    94949   173141   114311   170081    55049   142061    11471   259001    14591   149159    34679   221567    74597   217559    23549   197597   121421
   121271   197711    23357   217667    74531   221747    34607   149249    14447   259169    11411   142169    54941   170099   114299   173267    94841   269939    51431   185711    93257   234191   135851   278867     5309    45827   186761    94307   228587    10079   185177   106751   165719   109919   225077   137849   268607    20849   265571   130769   245411    58271   205487    62351   256661    82307   158747
   158759    81971   256721    62327   205529    58211   245519   130619   265607    20807   268757   137699   225149   109829   165749   106721   185291     9887   228611    94229   226007   235289     9467   140009   270551    44729    54011   185789    51407   270131    94727   173297   114269   170189    54869   142319    11261   259211    14411   149399    34499   221807    74489   217691    23297   198047   121259
   121169   198179    23117   217829    74411   221849    34457   149561    14177   259229    11177   142421    54851   170267   114161   173357    94709   270167    51341   185849   237089     7877   274709     1151   144167   272141    42929    94169   228677     9851   185309   106661   165857   109751   225167   137597   268841    20789   265841   130457   245561    58169   205607    62189   256901    81839   158849
   158867    81761   256931    62081   205661    58109   245681   130439   265961    20747   269039   137399   225371   109481   165941   106487   185369     9749   228731   226871   136139   176699    45887   234149     9281   234029   143879    53147    51287   270269    94649   173531   114077   170537    54647   142619    10979   259271    14057   149579    34337   221909    74357   217937    23087   198257   121151
   121001   198281    22877   217979    74297   221951    34259   149711    14009   259379    10949   142799    54539   170627   113759   173651    94541   270299   230471   182009     6971    93827   186299    93701   186647   226511   186107    98009    49547     9719   185477   106367   166259   109391   225479   137219   269069    20639   266009   130307   245759    58067   205721    62039   257141    81737   159017
   159119    81671   257249    61949   205817    58061   246167   130259   266051    20441   269219   137177   225569   109097   166301   106349   185621   174767     5879     7541    97919   182159    97841   182471    97499   182867   229727   182057   274139   105251    94397   173669   113717   170921    54449   142841    10799   259577    13967   149759    33851   221957    74201   218069    22769   198347   120899
   120851   198491    22721   218381    74051   221987    33809   149939    13907   259619    10781   142871    54437   171047   113417   106331   186437    42227   182639    52391   227729    52067   228077    51767   228299    51659   228419     9491   227561   237791    93581   173687   166601   108971   225581   137147   269237    20399   266111   130079   246209    58031   205967    61637   257297    81527   159167
   159347    81371   257321    61559   205991    57977   246251   129887   266117    20327   269327   136841   225671   108887   166739   176951   181457   173897    39419   240659    33179   246899    33071   247031    32789   247301    32609   247607     5147   240509    98561   103067   113279   171131    54347   143177    10691   259691    13901   150131    33767   222041    74027   218459    22697   198647   120671
   120587   198659    22679   218531    73727   222137    33647   150299    13859   259841    10667   143291    54269   171341   100547   186959    50177    96581   183461    96431   183797    96137   183959    95987   184199    95747   184487    95507   184577   185897   183191    93059   179471   108677   225749   136727   269351    20177   266159   129719   246371    57881   206291    61487   257339    81359   159431
   159617    81299   257381    61469   206411    57689   246497   118247   266177    19937   269387   136481   225767   105359    44621   117389   113171   166871   113051   167021   112979   167099   112901   167159   108401   171641   108359   171671   108191   171929   135479   166841   235397   174659    54251   143537    10631   260081    13841   161771    33521   222329    73607   218549    22637   198719   120401
   120041   198899    22619   218849    73571   222461    33479   161807    13757   260441    10589   143699    42509    42017   272411   116867   163169   116819   163337   116549   163481   116531   163841   116159   163991   115979   164117   115769   164267   115727   115631    32579   162947   238001   237509   136319   269429    19577   266261   118211   246539    57557   206447    61169   257399    81119   159977
   160001    81077   257447    61031   206489    57287   246557   118061   266297    19469   269519   239489   162917   269981   112589   167441   112481   167621   112289   167771   112241   167879   112031   168197   111791   168527   111341   168869   111119   169049   110951   110939    39821   167261   117101    40529    10499   260549    13721   161957    33461   222731    73529   218987    22571   198941   120017
   119849   198971    22391   219017    73517   222839    33377   162059    13649   260717   272807   276461   176489    92927   187217    92681   187349    92657   187379    92459   187631    92381   187721    92111   188021    91757   188519    56807   223337    56489   223781    56099   224069    55259   187067     3557     7211    19301   266369   117959   246641    57179   206501    61001   257627    81047   160169
   160319    81041   257711    60899   206597    57077   246689   117899   266549    18917    98717    40787      839   279221      701   279431      467   279557      359   279707      257   279767      239   279977       17   280013   139907   140297   139697   140717   139187   140897   139109   140939    98999   279137   181301   261101    13469   162119    33329   222941    73421   219119    22307   198977   119699
   119321   199109    22157   219281    73379   222977    33311   162209   266681   235199    40487    19157   260879    19031   261059    18947   261347    18587   261557    18311   261761    18131   266687    13259   266801    13151   266891    13121   266909    13001   267227    12539   267521    12437   267671   112967   260807    44819    13337   117809   246707    57041   206639    60737   257861    80909   160697
   160751    80681   257981    60647   206897    56999   246731   166979     7817   162359    32237   247829    32117   247991    31817   248267    31727   248351    31541   248537    31397   248627    31379   248867    31139   249107    30707   249329    30677   249521    30347   249677    30269   249857    30137   249947     8807   247697   272201   113039    33287   223019    73121   219371    22037   199337   119267
   119237   199739    22031   219407    73079   223061   263591   106727   142151    18047   261977    17939   262109    17891   262271    17681   262349    17627   262541    17321   262901    16889   263369    16631   263399    16607   263489    16481   263567    16421   263657    16091   263951    16061   264059    15881   264221    14741   261959   173291    16427    56957   206939    60611   257987    80279   160781
   161087    80207   258107    60527   207041   223331     8501   141629   135347   144737   135131   144899   135101   144941   134909   145349   134507   145547   134417   145679   134219   145931   133967   146099   133877   146249   133709   146369   133541   146519   133379   146669   133337   146777   133169   146921   132989   147047   132707   144629   271517    56687    72977   219491    21911   199811   118931
   118751   199877    21821   219761   207941    19001   143249    39317   240899    38891   241271    38501   241559    38351   241691    38237   241817    38039   242129    37871   242171    37619   242447    37397   242639    37337   242819    37019   243119    36857   243197    36809   243227    36779   243431    36497   243539    36209   243857    34847   240677   261017    72077    60257   258197    80141   161267
   161309    80051   258317   219851    53381   163637    72647   207401    72497   207551    72221   207971    71879   208277    71699   208469    71429   208631    71129   209021    70979   209249    70451   209579    70379   209789    70199   209837    70157   209939    69827   210209    69761   210461    69491   210761    69191   210869    69011   211199    47207   207329   226637    60167    21701   199967   118709
   118457   200117   259121    50069   141917    91331   188891    91079   189041    90641   189401    90527   200177    79817   200591    79379   200699    79229   200867    79031   201209    78737   201449    78437   201701    78191   201881    78017   202049    77951   202529    77351   202679    77267   202757    77201   202877    77069   203057    76697   203339    76667   188621   229949    20897    79901   161561
   161741    79847     7019   143477    68771   211319    68669   211571    68399   211811    68141   211931    67979   212057    67901   212411    67511   212627    67349   212801    67181   212897    67049   213209    66569   213641    66359   213827    66137   213929    66071   213977    66029   214091    65579   214481    65519   214691    64877   215309    64667   215417    62897   211241   272999   200171   118277
   176597   188999   147881    30011   250091    29819   250259    29717   250451    29399   250721    29231   250871    29129   251057    28901   251159    28817   251387    28541   251501    28499   251609    28229   252017    27917   252209    27617   252509    27407   252737    27239   252827    27107   253157    26711   253349    26591   253601    26357   253679    26267   253769    20051   249989    91019   103421
    92357   143159    90089   189947    89897   190391    89231   190829    89021   191021    88919   191297    88499   191621    88301   191999    87869   192251    87701   192347    87641   192431    87557   192611    87281   192767    87041   193181    86771   193541    86441   193619    86369   193727    86171   194027    85931   194267    85427   194687    85247   194819    85037   195071    84737   189617   187661
   142697   129587   150617   129221   150929   129011   151049   128861   151397   128519   151607   128351   151817   128147   152039   127637   152417   127487   152717   127289   152777   127139   152939   127037   153191   126611   153557   126317   153887   126107   154097   125789   154589   125399   154787   125219   154877   124991   155171   124799   155717   124277   155921   123887   156227   123341   150377
