   132989   147047   132929   147107   132707   147647   132347   147689   132257   147881   131939   148091   131861   148331   131561   148517   131297   149159   130769   149399   130457   149579   130307   149759   130079   150131   129719   150377   129587   150617   129221   150929   129011   151049   128861   151397   128519   151607   128351   151817   128147   152039   127637   152417   127487   152939   136859
   152717    93257   186959    92951   187091    92801   187337    92669   187361    92639   187559    92387   187637    92357   187721    92111   188021    91757   188519    91397   188687    91127   188939    91019   189041    90641   189401    90527   189617    90089   189947    89897   190391    89231   190829    89021   191021    88919   191297    88499   191621    88301   191999    87869   192347   137597   127301
   127289   192251    32189   247901    32027   248201    31751   248291    31667   248477    31481   248621    31391   248639    31151   248879    30911   249311    30689   249341    30497   249671    30341   249749    30161   249881    30071   249971    30029   250007    29927   250199    29759   250301    29567   250619    29297   250787    29147   250889    28961   251117    28859   273281   116381    87767   152729
   152777    87701   251201    71879   208277    71549   208589    71387   208889    70997   209039    70769   209567    70439   209639    70229   209819    70181   209861    70079   210191    69809   210257    69557   210527    69257   210827    69149   211007    68819   211241    68771   211319    68669   211571    68399   211811    68141   211931    67979   212057    67901   212669   137321    28817   192317   127241
   127139   192377    28631   212411    94169   185897    93911   186191    93719   186317    93581   186647    93329   196901    83009   197207    82757   197297    82421   197711    81971   198179    81737   198347    81527   198647    81359   198719    81119   198941    81047   198977    80909   199337    80279   199811    80141   199967    79901   200171    79841   206939   121421    67607   251387    87641   152879
   152981    87587   251477    67511   200201    75641   204461    75431   204641    75269   204791    75161   205157    74831   205319    74597   205487    74411   205661    74297   205817    74051   205991    73727   206411    73571   206489    73517   206597    73379   206897    72977   207329    72647   207401    72497   207551    72221   207941    72047   224969   121151    79817   212507    28541   192431   127037
   126827   192461    28517   212627    79427   216641    41981   238247    41687   238397    41579   238499    41189   238841    41141   238967    40949   239171    40787   239441    40529   239531    40169   240089    39887   240197    39761   240347    39581   240509    39419   240659    39341   240701    39119   241127    38747   241517    38459   241691   138059    63377   200591    67391   251501    87557   153191
   153407    87407   251519    67217   200639    63299   241667   138917   141221   138647   141629   138311   141767   138101   141941   137999   142061   137867   142169   137699   142619   137219   142841   137147   143177   136769   143291   136541   143537   136319   143879   135851   144299   135479   144569   135389   144671   135281   112901   170189    38351   216719    79379   212801    28499   192611   126611
   126461   192737    28409   212837    79319   217121    38237   144887    20747   259379    20441   259619    20327   259841    20051   260081    19577   260549    19301   260807    19157   260879    19031   261017    18959   261071    18917   261347    18587   261557    18311   261761    18131   261959    18047   261977    17939   280013   120899   135131   241781    62897   200699    67181   251609    87281   153557
   153701    87251   251789    67121   200789    62861   241817   135119   262109    34499   245681    34259   246167    33809   246251    33647   246497    33479   246557    33377   246689    33311   246731    33179   246899    33071   247031    32789   247301    32609   247439    32411   247649    32327   247697    32237   267737   118931    17909   144899    38201   217157    79229   212897    28229   192767   126317
   126131   192977    28001   212969    79151   217199    38039   144917    17891   256187    21491   258551    21407   258617    21341   258827    21101   258959    21017   259121    20849   259211    20789   264437    15359   264731    15269   264791    15137   265079    14867   265247    14747   265277    14591   163199   236231    23831   262127   135101   241979    62819   200867    67049   252017    87041   153887
   153911    86837   252101    66809   200987    62597   242129   135077   262271    23819   265571     3089   276977     3011   277157     2801   277331     2591   277577     2417   277637     2267   277889     2099   278087     1907   278147     1811   278321     1559   278591     1409   278651     1301   140831   276767    14447   256199    17747   144941    37889   217421    79031   213209    27917   193181   126107
   125921   193247    27809   213449    78809   217517    37871   145109    17681   256349    14411   278741    95531   184511    95441   184649    95189   184997    94961   185069    94841   185291    94709   185369    94541   185621    94307   185789    60041   220019    59627   220667   220811    34757   163469     1277   265607    23669   262337   134909   242147    62501   201209    66569   252209    86771   154097
   154229    86477   252401    66377   201281    62459   242171   134669   262349    23627   265961     1217   220859   115751   164291   115631   164429   115547   164999   114467   165611   114311   165719   114269   165857   114077   166259   113717   166601   113279   166841   166847   110969   140717    59159   278801    14057   256391    17669   145349    37847   217559    78737   213641    27617   193541   125789
   125429   193577    27509   213659    78569   217667    37619   145511    17627   256469    14009   278867    59141   166871   121001   159167   120671   159431   120401   159977   120017   160169   119699   160697   119267   160781   118751   161309   118457   161741   118247   118211   182177   113147   220877     1151   266009    23549   262391   134507   242399    62351   201449    66359   252509    86441   154589
   154619    86399   252611    66191   201581    62327   242447   134471   262541    23357   266051     1109   221021   113051   161957   116537   163487   116177   163859   116027   164039   115901   164249   111821   168227   111491   168677   111149   168899   110951    34841   273821   118061   166967    58997   278909    13967   256661    17477   145547    37571   217691    78437   213827    27407   193619   125399
   125231   193649    27281   213881    78317   217829    37397   145601    17321   256721    13907   279047    58757   166979   117959   169079    99527   180617    99371   180701    99017   181019    98807   181301    98621   181421    98561   181499    98297    53327   268049   110939   162059   113039   221261      971   266111    23297   262697   134417   242621    62189   201701    66137   252737    86369   154787
   154799    86291   252779    66089   201827    62081   242639   134339   262901    23117   266117      887   221537   112997   162119   110921   181889    42437   237737    42227   237821    42089   238001    41999   244691    35159   244877    35129   272189   105761    98129   169097   117899   167021    58481   279131    13901   256901    17117   145679    37379   217937    78191   213929    27239   193727   125219
   125141   193847    27191   213947    78137   217979    37337   145799    16889   256931    13859   279137    58451   167039   117809   169199    98009   244901    54941   225149    54851   225371    54539   225569    54437   225671   225749    10631   183191    35117   182009   110819   162209   112979   221567      881   266159    23087   263129   134219   242681    62039   201881    66071   252827    86171   154877
   155027    85991   252911    66041   202001    61949   242819   134087   263369    22877   266177      839   221747   112967   162221   110777   182057    34847   225767   100547   179549   100361   179849   100109   179969    99881    95747   224069    54251   245171    97961   169241   117797   167051    58271   279179    13841   257141    16649   145931    37199   218069    78017   213977    27107   194027   124991
   124847   194087    26861   213989    77969   218381    37019   146051    16631   257249    13757   279221    58211   167099   117731   169307    97919   245279    54011   180179    96431   183797    96137   183959    95987    53201   270551    99839   226007    34739   182099   110711   162287   112919   221807      797   266261    22769   263387   133967   242999    61637   202049    66029   253157    85931   155171
   155219    85751   253307    65927   202067    61559   243119   133919   263399    22721   266297      701   221849   112859   162359   110609   182159    34679   226199    99707   184199    48299   231779    48197   232049   139721    95819   180311    53819   245339    97859   169409   117659   167159    58169   279317    13721   257297    16619   146099    36899   218459    77951   214091    26711   194267   124799
   124301   194591    26669   214439    77489   218531    36857   146141    16607   257321    13649   279431    58109   167261   117389   169889    97547   245411    53777   180437    56999   231839     5189   273929   140909    48179   223019    99581   226241    34607   182471   110129   162629   112757   221909      587   266369    22697   263411   133877   243161    61487   202529    65579   253349    85427   155717
   155741    85331   253427    65537   202667    61469   243197   133769   263489    22679   266549      467   221951   112589   162749   109961   182519    12539   226337    96581   223061   235889   275729   140009     4289    44129    56957   183437    53681   267479    97499   170057   117269   167429    58067   279551    13469   257339    16529   146249    36821   218549    77351   214481    26591   194687   124277
   124097   194771    26417   214499    77339   218849    36809   146309    16481   257381    13337   279557    58061   167537   117239   170081    97379   267521    53639    96557   230999    43721   139109     6089   274829   236297    49019   183461   226379    12497   182639   109937   162779   112481   221957      461   266681    22637   263537   133709   243209    61169   202679    65519   253601    85247   155921
   156131    85199   253661    65327   202751    61031   243227   133649   263567    22391   266687      359   221987   112397   162917   109919   182867    12347   226409   273527   178907   140297    48239   231821    47969   231719   101111     6491    53609   267671    97151   170099   117101   167621    58031   279659    13331   257627    16451   146369    36791   218987    77267   214691    26357   194819   123887
   123791   194981    26339   215141    77261   219017    36779   146477    16427   257711    13259   279707    57881   167729   117071   170267    96959   267749    52631   176597     9467    96221   183881    96059   184031   226817   183587   103421   227387    12269   183059   109751   162947   112289   222137      311   266759    22307   263591   133541   243239    61001   202757    64877   253679    85037   156227
   156437    84947   253751    64709   202817    60899   243431   133499   263597    22157   266801      257   222329   112247   163151   109481   183167    10589   269561    55949   100469   179657   100169   179909   100049   180137   184271   179471    10457   269429    96851   170537   116867   167771    57689   279761    13217   257861    16421   146519    36587   219119    77201   215309    26267   195071   123581
   123551   195161    26249   215351    77141   219281    36497   146639    16361   257981    13151   279767    57557   167777   116849   170627   226169   227561    96827    54869   225167    54647   225479    54449   225581    54347    54269   269387   225077    52457    53849   109391   163169   112241   222461      251   266867    22037   263657   133379   243521    60737   202877    64667   253769    84857   156467
   156491    84737   253907    64601   202949    60647   243539   133349   263927    22031   266891      239   222839   112139   163337   174491   179999   174257    42281   237791    42197   237929    42017   238019    35327   244859    35141   244889     7829   237581   100019   105527   116681   167879    57179   279779    13127   257987    16091   146669    36479   219371    77069   215417    26111   195281   123527
   123479   195359    26099   215801    76961   219407    36209   146681    16067   258107    13121   279977    57077   167987    50891   232811    11969    99401   180647    99317   181001    98999   181211    98717   181397    98597   181457    98519   181721   226691   180491    47207   229127   112031   222941       41   266897    21911   263951   133337   243809    60611   203057    64217   253919    84659   156539
   156641    84629   254021    64109   203321    60527   243857   133241   263957    21821   266909       17   222977   171641   267581     6197   116531   163841   116159   163991   115979   164117   115769   168197   111791   168527   111341   168869   111119   169067   245177   163481    12437   108377    57041   280001    13109   258197    16061   146777    36161   219491    76697   215909    25997   195389   123377
   123341   195497    25391   215927    76679   219761    36107   146849    15959   258317    13001   141041   158849   105971    97841   120851   159347   120587   159617   120041   160001   119849   160319   119321   160751   119237   161267   118709   161561   118277   161771   161807   159017   174047   121169   138977   267017    21701   264059   133169   243911    60257   203339    64091   254627    84521   156677
   156707    84437   254987    64037   203351    60251   244121   133097   264137    21611   267227   276629   106937   139301   115727   164387   115589   164471   115019   165551   114407   165707   114299   165749   114161   165941   113759   166301   113417   166739   113177   113171   169049   164267   173081     3389    12791   258407    15881   146921    35897   219767    76667   215981    25031   195581   123311
   123269   195887    24821   216179    76631   219809    35801   157991    15749   258449   139907   276671   116549    95507   184577    95369   184829    95021   185057    94949   185177    94727   185309    94649   185477    94397   185711    94229   219977    59999   220391    59351    59207   245261   184487     3347   140111    21569   264269   122027   244217    60209   203387    63839   255197    84131   156749
   156941    84089   255209    63689   203531    60167   244247   121889   264371    14177   228359     3251     3041   277007     2861   277217     2687   277427     2441   277601     2381   277751     2129   277919     1931   278111     1871   278207     1697   278459     1427   278609     1367   278717   139187   276929    51659   265841    15647   158129    35771   219851    76487   216329    24809   195929   123077
   122957   195971    24767   216347    75767   219911    35537   158231    11177   233117    43787    21467   258611    21401   258677    21191   258917    21059   259001    20897   259169    20807   259229    15581   264659    15287   264749    15227   264881    14939   265151    14771   265271    14741   265427   116819   258527    46901   268841   121787   244481    60107   204251    63671   255251    84047   157061
   157127    83639   255467    63647   204311    60101   244637   112577   245561   161087    34337   245759    33851   246209    33767   246371    33521   246539    33461   246641    33329   246707    33287   246839    33119   246947    32987   247229    32717   247409    32579   247607    32369   247691    32321   247781    12281   245519    34457   167441    35381   219917    75707   216371    24551   196379   122891
   122789   196439    24359   216401    75689   219941   257399   181607   159119    20639   259577    20399   259691    20177   259967    19937   260441    19469   260717    19211   260861    19139   260987    19001   261059    18947   261101    18671   261431    18461   261707    18257   261887    18059   261971    18041   262079        5   259271    98411    22619    60077   204329    63617   255659    83579   157229
   157277    83477   255767    63587   204359   222731    15797   109829   138797   141371   138389   141707   138251   141917   138077   142019   137957   142151   137849   142319   137399   142799   137177   142871   136841   143249   136727   143477   136481   143699   136139   144167   135719   144539   135449   144629   135347   144737   167117   141101   264221    57287    75659   216431    24251   196541   122741
   122561   196661    24179   216551   205529    24029   141959    41771   238331    41621   238439    41519   238829    41177   238877    41051   239069    40847   239231    40577   239489    40487   239849    39929   240131    39821   240257    39671   240437    39509   240599    39359   240677    39317   240899    38891   241271    38501   241559    38327   238037   255989    74489    63467   255839    83357   157457
   157739    83267   255947   222041    39971   158867    75557   204587    75377   204749    75227   204857    74861   205187    74699   205421    74531   205607    74357   205721    74201   205967    74027   206291    73607   206447    73529   206501    73421   206639    73121   207041    72689   207371    72617   207521    72467   207797    72077   207971    55049   204377   240047    57977    24071   196751   122279
   122219   196799    22571    48821   158597    94121   186107    93827   186299    93701   186437    93371   186689    83117   197009    82811   197261    82721   197597    82307   198047    81839   198281    81671   198491    81371   198659    81299   198899    81077   198971    81041   199109    80681   199739    80207   199877    80051   200117    79847   200177    73079   185849   231197   257447    83219   157799
   157901   198257   228251   142697    71741   208469    71429   208631    71129   209021    70979   209249    70451   209579    70379   209789    70199   209837    70157   209939    69827   210209    69761   210461    69491   210761    69191   210869    69011   211199    68777   211247    68699   211349    68447   211619    68207   211877    68087   212039    67961   212117    67349   208139    51767    81761   122117
   164447    71699   163637    32117   247991    31817   248267    31727   248351    31541   248537    31397   248627    31379   248867    31139   249107    30707   249329    30677   249521    30347   249677    30269   249857    30137   249947    30047   249989    30011   250091    29819   250259    29717   250451    29399   250721    29231   250871    29129   251057    28901   251159     6737   247829   208319   115571
   104537   142421    93059   187067    92927   187217    92681   187349    92657   187379    92459   187631    92381   187661    92297   187907    91997   188261    91499   188621    91331   188891    91079   188999    90977   189377    90617   189491    90401   189929    90071   190121    89627   190787    89189   190997    88997   191099    88721   191519    88397   191717    88019   192149    87671   186761   175481
   143159   132971   147089   132911   147311   132371   147671   132329   147761   132137   148079   131927   148157   131687   148457   131501   148721   130859   149249   130619   149561   130439   149711   130259   149939   129887   150299   129641   150431   129401   150797   129089   151007   128969   151157   128621   151499   128411   151667   128201   151871   127979   152381   127601   152531   127079   147029
