    58169   221909    58067   221957    58031   222041    57881   222329    57557   222731    57179   222941    57041   223019    56957   223211    56687   223337    56489   223781    56099   224069    55889   224201    55691   224351    55589   224579    55259   224891    55109   224969    54941   225149    54851   225371    54539   225569    54437   225671    54269   225767    54011   226169    53819   227081   136769
   226241    24767   255467    24359   255767    24179   255947    24029   256187    23819   256349    23627   256469    23357   256721    23117   256931    22877   257249    22721   257321    22679   257381    22619   257447    22391   257711    22157   257981    22031   258107    21821   258317    21611   258449    21491   258551    21407   258617    21341   258827    21101   258959    21017   263591   133541    53777
    53681   259121   108359   171671   108191   171929   107837   172331   107309   173039   106937   173141   106751   173291   106721   173357   106487   173651   106349   173687   106319   173741   106121   173909   105971   174257   105527   174527   105449   174617   105359   174749   105251   174851   104789   175481   104417   175649   104327   175709   104207   176021   103967   103307   210827    20897   226337
   226379    20849   176129     8837   271211     8741   271409     8501   271571     8231   272009     7877   272189     7817   272369     7607   272477     7481   272567     7247   272807     7019   273047     6959   273107     6869   273281     6659   273527     6449   273629     6299   273797     6197   273929     6047   274007     5897   274139     5741   274301     5669   276011   136841   103889   259169    53639
    53609   259211   103811   274361    26267   253769    26111   253919    25997   254627    25031   255197    24809   262901    16889   263369    16631   263399    16607   263489    16451   263597    16361   263927    16067   263957    15959   264137    15797   264269    15647   264437    15359   264731    15269   264791    15137   265079    14867   265247    14747   265427   130079     5657   176207    20807   226409
   226427    20789   176489     5501   265277    11927   268211    11579   268529    11471   268607    11177   269039    10949   269219    10781   269327    10667   269387    10589   269519    10457   269879    10079   269981     9887   270167     9749   270299     9689   270527     9479   270551     9431   270737     9257   270791     9221   271067     8849   277331   131927    14741   274517   103529   259229    53591
    53507   259271   103511   274667    14447   277157   119267   160781   118931   161267   118709   161561   118277   161771   118211   161957   117959   162119   117797   162287   117659   162629   117269   162779   117101   162947   116867   163169   116819   163337   116549   163481   116531   163637   116177   163859   116027   164039   115901   168227   134417     2861   265571     5351   176507    20747   226511
   226637    20639   176597     5309   265607     2801   164249    64601   215801    64109   215927    64037   216179    63689   216347    63647   216401    63587   216551    63377   216719    62897   217157    62819   217421    62501   217559    62351   217691    62189   217937    62039   218069    61637   218459    61487   218549    61169   220667   136727   115769   277217    14411   274709   103421   259379    53381
    53327   259577   103409   274739    14177   277427   115751   218987    94541   185621    94307   185789    94169   185897    93911   186191    93719   186317    93581   186647    93329   186761    93059   187067    92927   187217    92681   187349    92657   187379    92459   187631    92381   187661    92297   187907    91997   188519   138311    61031   164267     2591   265841     5279   176609    20441   226691
   226817    20399   176699     5231   265961     2441   164291    61001   188261   111119   169049   110951   169079   110921   169199   110777   169307   110609   169889   109961   170081   109919   170189   109751   170537   109391   170921   108971   171131   108677   171617   108377   181019    98807   181397    98597   181499   128519    91757   219017   115727   277577    14057   274787   103319   259619    53201
    53147   259691   103091   274829    14009   277601   115631   219119    91397   181457    95531   184577    95369   184829    95021   185057    94949   185177    94727   185309    94649   192317    87671   192377    87557   192611    87281   192767    87041   193181    86771   193541    86441   193619    86369    85247   240257    98561   188621    60899   164387     2417   266009     5189   176927    20327   226871
   226901    20177   176951     5171   266051     2381   164429    60737   188687    98411   193727    70079   210191    69809   210257    69557   210527    69257   210869    69011   211199    68777   211247    68699   211349    68447   211619    68207   211877    68087   212039    67961   212117    67607   143159   208277    86291   181607    91331   219281   115589   277637    13967   274847   103067   259841    53117
    52859   259967   103007   274871    13907   277751   115571   219371    91127   181721    86171   212507    28229   252017    27917   252209    27617   252509    27407   252737    27239   252827    27107   253157    26711   253349    26591   253601    26357   253679      311   279761      251   279977   138647    67511   193847    98297   188891    60647   164447     2267   266111     5147   177011    20051   227159
   227387    19937   177257     5087   266117     2129   164471    60611   188939    98129   194027    67391   279779    44357   235751    44207   235889    44021   236021    43889   236231    43721   236477    43499   236627    43319   236867    43037   237089    42839   237509    42437   241271   135131      239   212627    85991   181889    91079   219407   115547   277889    13901   274931   102761   260081    52631
    52529   260441   102587   275087    13859   277919   115019   219491    91019   182009    85931   212669       17   237737    48197   231839    47969   232079    47711   232409    47309   232871    47111   232961    46997   233117    46877   233201    46751   233327    46601   251057   121787    42281   280001    67349   194087    98009   188999    60527   164999     2099   266159     4931   177431    19577   227489
   227501    19469   177467     4889   266177     1931   165551    60257   189041    97961   194267    67217   280013    42227   233669    45389   235091    44819   235241    44729   235307    44621   235439    44417   239231    40577   239489    40487   239849    39971   242147   133349    46349   237791        5   212801    85751   182057    90977   219761   114467   278087    13841   275129   102551   260549    52517
    52457   260717   102101   275147    13757   278111   114407   219767    90641   182099    85427   212837   139907   237821    46271   240089    31379   248867    31139   249107    30707   249329    30677   249521    30347   249677    30269   249857    30137   142871   246251    39929   233747    42197   140111    67181   194591    97919   189377    60251   165611     1907   266261     4871   177917    19301   227561
   227627    19211   178127     4817   266297     1871   165707    60209   189401    97859   194687    67121   140297    42089   233837    39887   249947   112397   167729   112247   167879   112031   168527   111341   168869    83267   196799    83117   198047   137867    30071   240131    46181   237929   139721   212897    85331   182159    90617   219809   114311   278147    13721   275201   101891   260807    52391
    52289   260861   101771   275339    13649   278207   114299   219851    90527   182177    85199   212969   139697   238001    46049   240197    30047   197009   135077   145109   134669   145511   134471   145679   134219   145931   133967   130439   155027    83009   249971    39821   233969    42017   140321    67049   194819    97841   189491    60167   165719     1811   266369     4679   178247    19157   227729
   227951    19139   178481     4349   266549     1697   165749    60107   189617    97547   194981    66809   140717    41999   234029    39671   249989    82811   146099    32189   247901    31817   248267    31727   248351    31541   144167   244121   133919   197207    30029   240347    45989   238019   139301   213209    85037   182471    90401   219911   114269   278321    13469   275669   101537   260879    52067
    51941   260987   101531   275729    13337   278459   114161   219917    90089   182519    84947   213449   139187   238037    45887   240437    30011   197261   133877   248537    29147   251159    28631   251477   251501   132989    35159    31481   146141    82757   250007    39581   234131    41981   140831    66569   195071    97499   189929    60101   165857     1559   266681     4289   178487    19031   228077
   228251    19001   178859     4079   266687     1427   165941    60077   189947    97379   195161    66377   140897    41771   234149    39509   250091    82721   146249    31397   251519   127139   152939   127037   160001   132929    28499   248621   133769   197297    29927   240509    45869   238247   139121   213641    84857   182639    90071   219941   114077   278591    13331   275939   101159   261017    51767
    51719   261059   101141   275969    13259   278609   113759   219977    89897   182867    84737   213659   139109   238331    45827   240599    29819   197597   133709   248627    28409   153407    74357   207971   137699   126611   251609    31391   146309    82421   250199    39419   234191    41687   140909    66359   195281    97151   190121    60041   166259     1409   266759     4049   178877    18959   228299
   228359    18947   178907     4019   266801     1367   166301    59999   190391    96959   195359    66191   141041    41621   234197    39359   250259    82307   146519    29231   142169   122279   203351   140009    76667   157739   137849   250787   133499   197711    29759   240659    45821   238397   138977   213827    84659   183059    89627   220019   113717   278651    13217   275999   101111   261071    51659
    51599   261101   100907   276137    13151   278717   113417   220391    89231   183167    84629   213881   138917   238439    45779   240677    29717   198179   133379   251117   130769   150131   142319    72047   205661   129887   149249    28901   146639    81839   250301    39341   234239    41579   141101    66137   195389    96851   190787    59627   166601     1301   266867     3881   179111    18917   228419
   228479    18671   179369     3779   266891     1277   166739    59207   190829    96827   195497    66089   141221    41519   234281    39317   250451    81737   146681   136139   153191   147089   127079   152981   120017   152879   126827   143879   133337   198281    29567   240701    45737   238499   138797   213929    84521   183191    89189   220811   113279   278741    13127   276239   100649   261347    51539
    51479   261431   100547   276251    13121   278801   113177   220859    89021   183437    84437   213947   138389   238829    45677   240899    29399   198347   158129   246947   244859    28859   251387    28541    28517   147029   250871    33071   121889    81671   250619    39119   234341    41189   141629    66071   195581    96581   190997    59159   166841     1217   266897     3767   179471    18587   228539
   228581    18461   179549     3761   266909     1151   166847    59141   191021    96557   195887    66041   141767    41177   234431    38891   250721   209249   135389    35897    32117   248201    31751   248291    31667   248477   135851   247829   144629    70769    29297   241127    45587   238841   138251   213977    84131   183461    88997   220877   113171   278867    13109   276257   100469   261557    51437
    51431   261707   100361   276347    13001   278909   113147   221021    88919   183587    84089   213989   138077   238877    45557   241517   250889    38351   124991   134909   145349   134507   145547   134339   145799   134087   146051   149579   144941   241667    29129    38501   234461    41141   141941    66029   195929    96431   191099    58997   166871     1109   267017     3671   179657    18311   228587
   228611    18257   179849     3659   267227      971   166967    58757   191297    96221   195971    65927   141959    41051   234527    35327   133649   142151   112289   167771   112139   167987   111491   168677   111149   196751    83219   196901    81971   167621   146369   244691    45491   238967   138059   214091    84047   183797    88721   221261   113051   279047    12791   276359   100169   261761    51407
    51341   261887   100109   276401    12539   279131   113039   221537    88499   183881    83639   214439   137999   239069   135479   231719    33767    31151   248879    30911   249311    30689   249341    30497   249671    30341   249749    30161   249881   137147   248639    48299   144539    40949   142019    65579   196379    96137   191519    58481   166979      887   267479     3617   179909    18131   228677
   228731    18059   179969     3557   267521      881   167021    58451   191621    96059   196439    65537   142061   239171   124097   146669    44927   235199    44777   235289    44711   235397    44579   235601    40787   239441    40529   239531    40169   240047    37871   234629   155921    40847   137957   214481    83579   183959    88397   221567   112997   279137    12497   276461   100049   261959    51287
    51137   261971   100019   276527    12437   279179   112979   221747    88301   184031    83477   214499   128969    33179   158231    48179   232049    47939   232307    47609   232709    47147   232907    47057   233021    46901   233141    46817   233267    46691   233417    28961   231821   246839   151049    65519   196541    95987   191717    58271   167039      839   267581     3491   179999    18047   228881
   228887    18041   180137     3461   267671      797   167051    58211   191999    95819   196661   215141   120587   144887    44267   235811    44129   235997    43997   236129    43787   236297    43541   236519    43391   236699    43151   236981    42929   237179    42509   237581    38747   235661   159431    64877    83357   184199    88019   221807   112967   279221    12347   276557    99881   261977    51131
    51059   262079    99839   276629    12281   279317   112919   230471    87869   184271   201827   129719   141371    28001   252101    27809   252401    27509   252611    27281   252779    27191   252911    26861   253307    26669   253427    26417   253661    26339   279707      257   279767       41   251789   150299    78191    95747   192149    49547   167099      701   267737     3389   180179    17939   228959
   229127    17909   180311     3347   267749      587   167117    49451   192251   184511   167777    71741    69827   210209    69761   210461    69491   210761    69149   211007    68819   211241    68771   211319    68669   211571    68399   211811    68141   211931    67979   212057    67901   212411   136859   209939   112241    95507    87767   230567   112901   279431    12269   276671    99707   262109    50891
    50549   262127    99581   276767    12227   279551   112859   230807   192431    70181    39761    95441   184649    95189   184997    94961   185069    94841   185291    94709   185369    87701   192347    87641   192461    87407   192737    87251   192977    86837   193247    86477   193577    86399   193649   194771   184487   209837    87587    49211   167159      467   267791     3251   180437    17891   229469
   229601    17747   180491     3191   267857      461   167261   230849    81761   151499   110969   169067   110939   169097   110819   169241   110711   169409   110129   170057   109937   170099   109829   170267   109481   170627   109097   171047   108887   171341   108401   171641    98999   181211    98621   181421    98519   168899   198257    49169   112757   279557    12161   276827    99527   262271    50417
    50387   262337    99401   276929    12119   279659   111821    32027   141707    94397   185711    94229   185849    94121   186107    93827   186299    93701   186437    93371   186689    93257   186959    92951   187091    92801   187337    92669   187361    92639   187559    92387   187637    92357   187721    92111   188021    91499   185477   247991   168197      359   267899     3089   180617    17681   229631
   229727    17669   180647     3041   268049   139079   157799   143291    64217   215909    64091   215981    63839   216329    63671   216371    63617   216431    63467   216641    63299   217121    62861   217199    62597   217517    62459   217667    62327   217829    62081   217979    61949   218381    61559   218531    61469   218849    59351   215417   122219   140939    11969   276977    99371   262349    50291
    50177   262391    99317   277007    11261   122561   145601   119237   161087   118751   161309   118457   161741   118247   161807   118061   162059   117899   162221   117731   162359   117389   162749   117239   162917   117071   163151   116849   163199   116681   163469   116537   163487   116381   163841   116159   163991   115979   164117   111791   160751   157457   268757     3011   180701    17627   229841
   229949    17477   181001   141917   246209   148091    11807   268439    11489   268547    11411   268841    10979   269069    10799   269237    10691   269351    10631   269429    10499   269561    10139   269939    10037   270131     9851   270269     9719   270329     9491   270539     9467   270587     9281   270761     9227   270797     8951   271169     2687   268091    33809   138101    99017   262541    50069
    49937   262697   181301   130457   149939    26249   253907    26099   254021    25391   254987    24821   255209    17117   263129    16649   263387    16619   263411    16529   263567    16421   263657    16091   263951    16061   264059    15881   264221    15749   264371    15581   264659    15287   264749    15227   264881    14939   265151    14771   265271    14591   253751   149561    98717    17321   230081
   230291    16481   162209   143177     8807   271277     8609   271517     8447   271787     8009   272141     7829   272201     7649   272411     7541   272537     7451   272771     7211   272999     6971   273059     6911   273149     6737   273359     6491   273569     6389   273719     6221   273821     6089   273971     6011   274121     5879   274277     5717   274349     4007   271181   117809   263537    49727
   232811   251201    69191   108347   171827   108089   172181   107687   172709   106979   173081   106877   173267   106727   173297   106661   173531   106367   173669   106331   173699   106277   173897   106109   174047   105761   174491   105491   174569   105401   174659   105269   174767   105167   175229   104537   175601   104369   175691   104309   175811   103997   176051   176711   171659    28817    47207
    37571   146477    24551   255659    24251   255839    24071   255989    23831   256199    23669   256391    23549   256661    23297   256901    23087   257141    22769   257297    22697   257339    22637   257399    22571   257627    22307   257861    22037   257987    21911   258197    21701   258407    21569   258527    21467   258611    21401   258677    21191   258917    21059   259001    16427   255251   242447
   143249    58109   221951    58061   221987    57977   222137    57689   222461    57287   222839    57077   222977    56999   223061    56807   223331    56681   223529    56237   223919    55949   224129    55817   224327    55667   224429    55439   224759    55127   224909    55049   225077    54869   225167    54647   225479    54449   225581    54347   225749    54251   226007    53849   226199    52937   221849
