    60257   219767    60209   219851    60107   219917    60077   219977    59999   220391    59351   220811    59159   220877    58997   221261    58481   221567    58271   221807    58169   221909    58067   221957    58031   222041    57881   222329    57557   222731    57179   222941    57041   223019    56957   223211    56687   223337    56489   223781    56099   224069    55889   224201    55691   224429   137597
   224351    27281   252779    27191   252911    26861   253307    26669   253427    26417   253661    26339   253751    26249   253907    26099   254021    25391   254987    24821   255209    24767   255467    24359   255767    24179   255947    24029   256187    23819   256349    23627   256469    23357   256721    23117   256931    22877   257249    22721   257321    22679   257381    22619   259841   135347    55667
    55439   257447   110939   169097   110819   169241   110711   169409   110129   170057   109937   170099   109829   170267   109481   170627   109097   171047   108887   171341   108401   171641   108359   171671   108191   171929   107837   172331   107309   173039   106937   173141   106751   173291   106721   173357   106487   173651   106349   173687   106319   173741   106121   103091   209021    22571   224579
   224759    22391   173909    10457   269879    10079   269981     9887   270167     9749   270299     9689   270527     9479   270551     9431   270737     9257   270791     9221   271067     8849   271181     8807   271277     8609   271517     8447   271787     8009   272141     7829   272201     7649   272411     7541   272537     7451   272771     7211   272999     6971   273059   137867   106109   257627    55259
    55127   257711   105971   273107    28499   251609    28229   252017    27917   252209    27617   252509    27407   261101    18671   261431    18461   261707    18257   261887    18059   261971    18041   262079    17909   262271    17681   262349    17627   262541    17321   262901    16889   263369    16631   263399    16607   263489    16481   263567    16427   266177   127037     6911   174047    22307   224891
   224909    22157   174257     6869   263597    13337   266687    13259   266801    13151   266891    13121   266909    13001   267227    12539   267521    12437   267671    12281   267749    12227   267857    12119   268049    11927   268211    11579   268529    11471   268607    11261   268841    10949   269219    10781   269327    10667   269387    10589   156677   251477    16421   273149   105761   257861    55109
    55049   257981   105527   273281    16361   269519   122219   157901   122027   158129   121787   158357   121421   158747   121259   158849   121151   159017   120899   159167   120671   159431   120401   159977   120017   160169   119699   160697   119267   160781   118931   161267   118709   161561   118277   161771   118211   161957   117959   163151   136481    10499   263657     6737   174491    22037   224969
   225077    22031   174527     6659   263927     4019   162119    67349   212801    67181   212897    67049   213209    66569   213641    66359   213827    66137   213929    66071   213977    66029   214091    65579   214481    65519   214691    64877   215309    64667   215417    64217   215909    64091   215981    63839   216329    63671   240197   114407   117899   275999    16091   273359   105491   257987    54941
    54869   258107   105449   273527    16067   276137   117809   216371    96959   183167    96827   183437    96557   183587    96221   183881    96059   184031    95819   184271    95531   184511    95441   184649    95189   184997    94961   185069    94841   185291    94709   185369    94541   185621    94307   185789    94169    93911   230567    63647   162209     3881   263951     6491   174569    21911   225149
   225167    21821   174617     6449   263957     3779   162221    63617   185897   113147   166967   113039   167021   112979   167051   112919   167117   112859   167261   112589   167441   112481   167621   112289   167771   112241   167879   112031   168197   111791   168527   111341   168869   111119   169049   110951   181397   126317    94121   216401   117797   276239    16061   273569   105401   258197    54851
    54647   258317   105359   273629    15959   276251   117731   216431    93827   178877    98411   181721    98129   182057    97919   182159    97841   182471    97499   182639    97151   188891    91079   188999    90977   189377    90617   189491    90401   189929    90071   190121    89627   190787    89189    89021   233669   101141   186191    63587   162287     3767   264059     6389   174659    21701   225371
   225479    21611   174749     6299   264137     3761   162359    63467   186299   101111   191021    72689   207371    72617   207521    72467   207797    72077   207971    71879   208277    71699   208469    71429   208631    71129   209039    70451   209579    70379   209789    70199   209837    70157   210461   138311    88997   178907    93719   216551   117659   276257    15881   273719   105269   258407    54539
    54449   258449   105251   273797    15797   276359   117389   216641    93701   179111    88919   209939    30029   250007    29927   250199    29759   250301    29567   250619    29297   250787    29147   250889    28961   251117    28859   251387    28517   278459     1427   278609     1367   145799   245177    70079   191099   100907   186317    63377   162629     3659   264221     6221   174767    21569   225569
   225581    21491   174851     6197   264269     3617   162749    63299   186437   100547   191297    69827   278717    46601   233747    46181   233969    45989   234149    45827   234197    45779   234281    45677   234431    45557   234527    45389   235091    44819   235241    44729   238877   135131     1301   210191    88721   179471    93581   216719   117269   276401    15749   273821   105167   258527    54437
    54347   258551   104789   273929    15647   276461   117239   217121    93371   179549    88499   210209     1277   235307    51407   228677    51137   228887    51059   229127    50549   229601    50387   229727    50177   229949    49937   230471    49211   230819    49169   231779   138101    44711   278741    69809   191519   100469   186647    62897   162779     3557   264371     6089   175229    21467   225671
   225749    21407   175481     6047   264437     3491   162917    62861   186689   100361   191621    69761   278801    44621   230861    47147   232907    47057   233021    46877   233267    46691   236981    42929   237179    42509   237581    42281   237791    42089   238397   135449    49157   235397     1217   210257    88397   179657    93329   217157   117101   276527    15581   273971   104537   258611    54269
    54251   258617   104417   274007    15359   276557   117071   217199    93257   179849    88301   210527     1151   235439    49019   238001    32987   247229    32717   247409    32579   247607    32369   247691    32321   247781    32189   247901    32027   249329   137999    42017   230999    44579   278867    69491   191717   100169   186761    62819   162947     3461   264659     6011   175601    21401   225767
   226007    21341   175649     5897   264731     3389   163169    62597   186959   100109   191999    69257   278909    44417   231197    41999   248201   114299   165749   114161   165941   113717   166601   113279   166841   113171   193727    86171   148721   157739    31817   238019    48821   235601     1109   210761    88019   179909    93059   217421   116849   276629    15287   274121   104369   258677    54011
    53849   258827   104327   274139    15269   276671   116819   217517    92951   179969    87869   210827      971   235661    48539   238037    31751   194027   137399   142697   137219   142841   137147   143177   136769   143291   136541   144629   138389    85991   248267    41981   231479    44357   279047    69191   192149   100049   187067    62501   163199     3347   264749     5879   175691    21191   226169
   226199    21101   175709     5741   264791     3251   163337    62459   187091   100019   192251    69149   279131    44207   231611    41771   248291    85931   143699    33647   246497    33479   246557    33377   246689    33311   146477   240047   136319   194087    31727   238247    48407   235811      887   210869    87767   179999    92927   217559   116681   276767    15227   274277   104309   258917    53819
    53777   258959   104207   274301    15137   276827   116549   217667    92801   180137    87701   211007      881   235889    48341   238331    31667   194267   136139   246731    30707   249341    30497   249677    30269   146051   243521    33287   143879    85751   248351    41687   231677    44129   279137    69011   192317    99881   187217    62351   163469     3191   264881     5717   175811    21059   226241
   226337    21017   176021     5669   265079     3089   163481    62327   187337    99839   192347    68819   279221    44021   231719    41579   248477    85427   144167    33179   249857   129887   150299   129641   156131   134087    30161   246839   135851   194591    31541   238439    48299   235997      797   211199    87671   180179    92681   217691   116537   276929    14939   274349   103997   259001    53681
    53639   259121   103967   274361    14867   276977   116531   217829    92669   180311    87641   211241      701   236021    48197   238499    31481   194687   135719   246899    30137   150431    36809   240899   142319   129587   249881    33119   144299    85331   248537    41519   231821    43997   279317    68777   192377    99707   187349    62189   163487     3041   265151     5657   176051    20897   226379
   226409    20849   176129     5501   265247     3011   163637    62081   187361    99581   192431    68771   279431    43889   231839    41189   248621    85247   144539    33071   249947   151007   245519   140009    34499   129011    30071   246947   135479   194771    31397   238829    48179   236129      587   211247    87587   180437    92657   217937   116381   277007    14771   274517   103889   259169    53609
    53591   259211   103811   274667    14747   277157   116177   217979    92639   180491    87557   211319      467   236231    47969   238841    31391   194819   135281   249107   139109   122789   137699    39119   243209   157229   140909    30911   144737    85199   248627    41177   232049    43787   279551    68699   192461    99527   187379    62039   163841     2861   265271     5351   176207    20807   226427
   226511    20789   176489     5309   265277     2801   163859    61949   187559    99401   192611    68669   279557    43721   232079    41051   248639    85037   144899   132137   243809   145931   129719   150377   123887   150131    36209   147881   135119   194981    31379   238967    47939   236297      461   211349    87407   180617    92459   218069   116159   277217    14741   274709   103529   259229    53507
    53381   259271   103511   274739    14591   277331   116027   218381    92387   180647    87281   211571      359   236477    47711   239069    31151   195071   144941   245339    36497    30677   249521    30341   249749   133967   249311    34679   135077    84947   248867    40949   232307    43541   279659    68447   192737    99371   187631    61637   163991     2687   265427     5279   176507    20747   226637
   226691    20639   176597     5231   265571     2591   164039    61559   187637    99317   192977    68399   279761    43499   232409    40847   248879   195497   131687    39971    33521   246539    33461   246641    33329   246707   133541   246371   148331    84521    31139   239171    47609   236519      257   211619    87041   180701    92381   218459   115979   277427    14447   274787   103421   259379    53327
    53201   259577   103409   274829    14411   277577   115901   218531    92357   181001    86837   211811      251   236627    47309   239231   139721    73529   141629   137321   142799   137177   142871   136841   143249   136727   143477   135389   142619   206489   140297    40787   232709    43391   279767    68207   193181    99017   187661    61487   164117     2441   265607     5189   176609    20441   226817
   226871    20399   176699     5171   265841     2417   164249    61469   187721    98999   193247    68141   279779    43319   232811   141371   136859   122279   114269   165857   114077   166301   113417   166739   113177   166847    86291   193847   131297   165719   143159   138647    47207   236699      239   211877    86771   181019    92297   218549   115769   277601    14177   274847   103319   259619    53147
    53117   259691   103307   274871    14057   277637   115751   218849    92111   181211    86477   211931       41   236867    46817   128621   142019    32789   247301    32609   247439    32411   247649    32327   247697    32237   247829    32117   247991    30689   247031   151397   233201    43151   279977    68087   193541    98807   187907    61169   164267     2381   265961     5147   176711    20327   226901
   227081    20051   176951     5087   266009     2267   164291    61031   188021    98717   193577    67979   280001    42197   228419   144569    47111   232961    46997   233141    46751   233327    43037   237089    42839   237509    42437   237737    42227   237929    41621   232871    51599   237821       17   212039    86441   181301    91997   218987   115727   277751    14009   274931   103067   259967    52937
    52859   260081   103007   275087    13967   277889   115631   219017    91757   181421    86399   212057   149939   230291   141917    51341   228881    51131   228959    50891   229469    50417   229631    50291   229841    50069   230081    49547   230807    49199   230849    48239   228611    49727   130079    67961   193619    98597   188261    61001   164387     2129   266051     4931   177011    19937   227159
   227387    19577   177257     4889   266111     2099   164429    60899   188519    98561   193649   228731   205991   144887    46271   233837    46049   234029    45869   234191    45821   234239    45737   234341    45587   234461    45491   234629    44927   235199    44777   235289    41141   233417    74027    51287    86369   181457    91499   219119   115589   277919    13907   275129   102761   260441    52631
    52529   260549   102587   275147    13901   278087   115571   219281    91397   181499    83267    45887    34841    30011   250091    29819   250259    29717   250451    29399   250721    29231   250871    29129   251057    28901   251159    28631   251501     1559   278591     1409   278651   134219   249989   234131   196751    98519   188621    60737   164447     1931   266117     4871   177431    19469   227489
   227501    19301   177467     4817   266159     1907   164471    60647   188687   182009   279707   141707    72647   207401    72497   207551    72221   207941    72047   208139    71741   208319    71549   208589    71387   208889    70979   209567    70439   209639    70229   209819    70181   209861    69557   207329      311    98009    91331   219371   115547   278111    13859   275201   102551   260717    52517
    52457   260807   102101   275339    13757   278147   115019   219407    87251    70769    46349    98297   181889    97961   182099    97859   182177    97547   182519    97379   182867    91127   188939    91019   189041    90641   189401    90527   189617    90089   189947    89897   190391    89231   190829   190997   181607   209249   192767    60611   164999     1871   266261     4679   177917    19211   227561
   227627    19157   178127     4349   266297     1811   165551    44267   279179   153701   113051   166979   112997   167039   112967   167099   112901   167159   112757   167429   112577   167537   112397   167729   112247   167777   112139   167987   111821   168227   111491   168677   111149   168899   110969   169067    98621   166871      839   235751   114467   278207    13721   275669   101891   260861    52391
    52289   260879   101771   275729    13649   278321   113759   204587    49451    96851   183191    96581   183461    96431   183797    96137   183959    95987   184199    95747   184487    95507   184577    95369   184829    95021   185057    94949   185177    94727   185309    94649   185477    94397   185711    94229   185849   186107   183059    75431   166259     1697   266369     4289   178247    19139   227729
   227951    19031   178481     4079   266549   141041   156707   165611    67217   212837    67121   212969    66809   213449    66377   213659    66191   213881    66089   213947    66041   213989    65927   214439    65537   214499    65327   215141    64709   215351    64601   215801    64109   215927    64037   216179    63689   216347    39821   212669   123311   138977    13469   275939   101537   260987    52067
    51941   261017   101531   275969     3671   246209   143537   122117   157991   121889   158231   121661   158597   121271   158759   121169   158867   121001   159119   120851   159347   120587   159617   120041   160001   119849   160319   119321   160751   119237   161087   118751   161309   118457   161741   118247   161807   118061   162059   116867   157799    33809   276347     4049   178487    19001   228077
   228251    18959   178859     4007   249671    28541    13331   266759    13217   266867    13127   266897    13109   267017    12791   267479    12497   267581    12347   267737    12269   267791    12161   267899    11969   268091    11807   268439    11489   268547    11411   268757    11177   269069    10799   269237    10691   269351    10631   269429   123341   266681    30347   276011   101159   261059    51767
    51719   261071   100649   269039   152981    28409   251789    28001   252101    27809   252401    27509   252611    18917   261347    18587   261557    18311   261761    18131   261959    18047   261977    17939   262109    17747   262337    17669   262391    17477   262697    17117   263129    16649   263387    16619   263411    16529   263537    16451   263591    13841   251519    10979   179369    18947   228299
   228359    17891   240677   142151    10139   269939    10037   270131     9851   270269     9719   270329     9491   270539     9467   270587     9281   270761     9227   270797     8951   271169     8837   271211     8741   271409     8501   271571     8231   272009     7877   272189     7817   272369     7607   272477     7481   272567     7247   272807     7019   273047     6959   269561    39341   262127    51659
   233117   251201    70997   110921   169199   110777   169307   110609   169889   109961   170081   109919   170189   109751   170537   109391   170921   108971   171131   108677   171617   108377   171659   108347   171827   108089   172181   107687   172709   106979   173081   106877   173267   106727   173297   106661   173531   106367   173669   106331   173699   106277   173897   176927   169079    28817    46901
    37847   144671    27239   252827    27107   253157    26711   253349    26591   253601    26357   253679    26267   253769    26111   253919    25997   254627    25031   255197    24809   255251    24551   255659    24251   255839    24071   255989    23831   256199    23669   256391    23549   256661    23297   256901    23087   257141    22769   257297    22697   257339    22637   257399    20177   252737   242171
   142421    60251   219809    60167   219911    60101   219941    60041   220019    59627   220667    59207   220859    59141   221021    58757   221537    58451   221747    58211   221849    58109   221951    58061   221987    57977   222137    57689   222461    57287   222839    57077   222977    56999   223061    56807   223331    56681   223529    56237   223919    55949   224129    55817   224327    55589   219761
