    63467   216641    63299   217121    62861   217199    62597   217517    62459   217667    62327   217829    62081   217979    61949   218381    61559   218531    61469   218849    61031   219017    60899   219281    60647   219407    60527   219761    60251   219809    60167   219911    60101   219941    60041   220019    59627   220667    59207   220859    59141   221021    58757   221537    58451   226427   132137
   221747    30011   250091    29819   250259    29717   250451    29399   250721    29231   250871    29129   251057    28901   251159    28817   251387    28541   251501    28499   251609    28229   252017    27917   252209    27617   252509    27407   252737    27239   252827    27107   253157    26711   253349    26591   253601    26357   253679    26267   253769    26111   253919    25997   259001   132911    58271
    58211   254627   113147   166967   113039   167021   112979   167051   112919   167117   112859   167261   112589   167441   112481   167621   112289   167771   112241   167879   112031   168197   111791   168527   111341   168869   111119   169049   110951   169079   110921   169199   110777   169307   110609   169889   109961   170081   109919   170189   109751   170537   109391   106349   201881    25391   221807
   221849    25031   170921    12539   267521    12437   267671    12281   267749    12227   267857    12119   268049    11927   268211    11579   268529    11471   268607    11261   268841    10979   269069    10799   269237    10691   269351    10631   269429    10499   269561    10139   269939    10037   270131     9851   270269     9719   270329     9491   270539     9467   271277   138059   109097   254987    58169
    58109   255197   108971   270587    30347   249677    30269   249857    30137   249947    30047   249989    21401   258677    21101   258959    20897   259169    20807   259229    20747   259379    20441   259619    20327   259841    20051   260081    19577   260549    19301   260807    19157   260879    19031   261017    18959   261071    18917   261347    18587   262079   138077     9431   171047    24821   221909
   221951    24809   171131     9281   261557    15581   264659    15287   264749    15227   264881    14867   265247    14747   265277    14591   265571    14411   265841    14057   266009    13967   266111    13901   266159    13841   266261    13721   266369    13469   266681    13331   266759    13217   266867    13127   266897    13109   267017    12791   276767   128969    18461   270737   108887   255209    58067
    58061   255251   108677   270761    18311   273929   125231   154799   125141   155027   124847   155219   124301   155741   124097   156131   123791   156437   123551   156491   123479   156641   123311   156749   123077   157061   122891   157229   122741   157457   122279   157799   122117   157991   121889   158231   121661   158597   121271   161561   135479     6089   261707     9257   171341    24767   221957
   221987    24551   171617     9227   261761     6047   158759    69761   210461    69491   210761    69191   210869    69011   211199    68777   211247    68699   211349    68447   211619    68207   211877    68087   212039    67961   212117    67607   212507    67391   212669    67217   212837    67121   212969    66809   213449    66377   235997   116177   121259   273971    18257   270791   108401   255467    58031
    57977   255659   108377   270797    18131   274007   121169   213659    99401   180647    99317   181001    98999   181211    98717   181397    98597   181457    98519   181607    98297   181889    98009   182057    97919   182159    97841   182471    97499   182639    97151   183059    96851   183191    96581   183461    96431   185177   136727    66359   158849     6011   261887     9221   171641    24359   222041
   222137    24251   171659     8951   261959     5897   158867    66191   183797   116159   163991   115979   164117   115769   164267   115727   164387   115571   164471   115019   165551   114407   165707   114299   165749   114161   165941   113759   166301   113417   166739   113177   166847   104417   175649   104327   175709   138647    96221   213827   121151   274121    18059   271067   108359   255767    57881
    57689   255839   108347   271169    18047   274139   121001   213881    96137   175811   100547   179549   100361   179849   100109   179969   100019   180137    99839   180311    99581   180491    93371   186689    93059   187067    92927   187217    92681   187349    92657   187379    92459   187631    92381   192737   133877   104207   183881    66137   159017     5879   261971     8849   171671    24179   222329
   222461    24071   171827     8837   261977     5741   159119    66089   183959   103997   187661    74831   205319    74597   205487    74489   205607    74357   205721    74201   205967    74027   206291    73607   206447    73529   206501    73421   206897    73079   207041    72689   207371    72617   229601   116531    92357   176021    96059   213929   120899   274277    18041   271181   108191   255947    57557
    57287   255989   108089   271211    17909   274301   120851   213947    95987   176051    92297   207521    32189   247901    32027   248201    31751   248291    31667   248477    31481   248621    31391   248639    31151   248879    30911   249311    30689   249341    30497   276347     3659   142619   246167    72497   187721   103967   184031    66071   159167     5717   262109     8807   171929    24029   222731
   222839    23831   172181     8609   262127     5669   159347    66041   184199   103889   188021    72467   276401    48539   231611    48341   231719    48239   231821    48179   232049    47939   232307    47609   232709    47207   232871    47111   232961    46997   233117    46877   234029   137957     3617   207551    91997   176129    95819   213977   120671   274349    17891   271409   107837   256187    57179
    57077   256199   107687   271517    17747   274361   120587   213989    95747   176207    91757   207797     3557   233201    53117   227081    52859   227387    52529   227501    52457   227627    52289   227951    51941   228251    51719   228359    51599   228479    51479   229949   137597    46817   276461    72221   188261   103811   184271    66029   159431     5657   262271     8501   172331    23819   222941
   222977    23669   172709     8447   262337     5501   159617    65927   184487   103529   188519    72077   276527    46751   228581    49547   230807    49199   230849    49157   230999    48821   234629    44927   235199    44777   235289    44711   235439    44417   236477   134909    51437   233267     3491   207941    91499   176489    95531   214091   120401   274517    17681   271571   107309   256349    57041
    56999   256391   106979   271787    17669   274667   120041   214439    95507   176507    91397   207971     3461   233327    51431   235661    35129   244901    34847   245261    34739   245339    34607   245519    34457   245681    34259   246209    33767   247031   138389    44357   228587    46691   276557    72047   188621   103511   184511    65579   159977     5351   262349     8231   173039    23627   223019
   223061    23549   173081     8009   262391     5309   160001    65537   184577   103421   188687    71879   276629    46349   228611    44267   246371   117101   162947   116849   163199   116681   163469   116537   163637    88721   191519    88397    87251   243809    33647   235751    51407   233669     3389   208139    91331   176597    95441   214481   120017   274709    17627   272009   106937   256469    56957
    56807   256661   106877   272141    17477   274739   119849   214499    95369   176609    91127   208277     3347   233747    51341   235811    33521   191717      587   279551      461   279659      311   279761      251   279779   280001   138311     1427    88301   246497    44207   228677    46271   276671    71741   188891   103409   184649    65519   160169     5279   262541     7877   173141    23357   223211
   223331    23297   173267     7829   262697     5231   160319    65327   184829   103319   188939    71699   276827    46181   228731    44129   246539    88019   140111    36161   243911    35897   244217    35771   244481    35381   247781   136481   139907   191999    33479   235889    51287   233837     3191   208319    91079   176699    95189   214691   119699   274787    17321   272189   106751   256721    56687
    56681   256901   106727   272201    17117   274829   119321   215141    95021   176711    91019   208469     3089   233969    51137   236021    33461   192149   139721   244691    32579   247649    32327   247697     1697   279317   138797    35327   140297    87869   246557    43997   228881    46049   276929    71549   188999   103307   184997    64877   160697     5189   262901     7817   173291    23117   223337
   223529    23087   173297     7649   263129     5171   160751    64709   185057   103091   189041    71429   276977    45887   228887    43889   246641    87767   140717    35159   277919   132989   147047   132929   149759   137321     2099   244859   139301   192251    33377   236129    51131   234131     3041   208589    90977   176927    94961   215309   119267   274847    16889   272369   106721   256931    56489
    56237   257141   106661   272411    16649   274871   119237   215351    94949   176951    90641   208631     3011   234149    51059   236231    33329   192317   139121   244877     1931   147311    79319   204857   135851   132707   278087    35141   140897    87701   246689    43787   228959    45869   277007    71387   189377   103067   185069    64667   160781     5147   263369     7607   173357    22877   223781
   223919    22769   173531     7541   263387     5087   161267    64601   185291   103007   189401    71129   277157    45827   229127    43721   246707    87671   140909    32717   278147   147647   196541   140009    83477   132371     1871   247301   139109   192347    33311   236297    50891   234191     2861   208889    90617   177011    94727   215417   118751   274931    16631   272477   106487   257249    56099
    55949   257297   106367   272537    16619   275087   118709   215801    94709   177257    90527   209021     2801   234197    50549   236519    33287   192377   139079   247409   209939   129401   144167    75161   200699   150617    70079    32609   140939    87641   246731    43499   229469    45821   277217    70997   189491   102761   185309    64217   161309     4931   263399     7481   173651    22721   224069
   224129    22697   173687     7451   263411     4889   161741    64109   185369   102587   189617    70979   277331    45779   229631    43391   246839    87587   141041    32411    38327   142697   132971   147089   130259   147029   241691   247607   138977   192431    33179   236627    50387   234239     2687   209039    90401   177431    94649   215909   118277   275129    16607   272567   106331   257321    55889
    55817   257339   106319   272771    16529   275147   118247   215927    94541   177467    90089   209249     2591   234281    50291   236699    33119   192461   135281   243119   141221    32369   247691    32321   278321      701   247439    36899   144737    87557   246899    43319   229727    45737   277427    70769   189929   102551   185477    64091   161771     4871   263489     7247   173699    22679   224201
   224327    22637   173741     7211   263537     4817   161807    64037   185621   101891   189947    70451   277577    45677   229841    43151   247229    76631   144941   143537    36107   244121    35801   244247    35537   244637    32237   243857   135077   203387    32789   236867    50177   234341     2441   209567    90071   178127    94397   215981   118211   275201    16481   272807   106277   257381    55691
    55667   257399   106121   272999    16451   275339   118061   216179    94307   178247    89897   209579     2417   234431    49937   236981   139187   278111   278591      467   279557      359   279707      257   279767      239       17   141707   279431     1907   140831    43037   230081    45587   277601    70439   190121   101771   185711    63839   161957     4679   263567     7019   173897    22619   224351
   224429    22571   173909     6971   263591     4349   162059    63689   185789   101537   190391    70379   277637    45557   230291   136769   137147    36209   117071   163169   116819   163337   116549   163481   116381   191297    88499   191621   192767   162917   142871   143249    49727   234461     2381   209639    89627   178481    94229   216329   117959   275669    16427   273047   106109   257447    55589
    55439   257627   105971   273059    16421   275729   117899   216347    94169   178487    89231   209789     2267   234527   230567   132257   141629    35117   245171    34757   245279    34679   245411    34499   245561    34337   245759    33809   246251    32987   244889   147761    49451    45491   277751    70229   190787   101531   185849    63671   162119     4289   263597     6959   174047    22391   224579
   224759    22307   174257     6911   263657     4079   162209    63647   185897   101159   190829    70199   277889   242681    44621   145109    49211   230819    49169   230861    49019   231197    45389   235091    44819   235241    44729   235307    44579   235601    43541   230471   235397    37337     2129   209819    89189   178859    94121   216371   117809   275939    16361   273107   105761   257711    55259
    55127   257861   105527   273149    16091   275969   117797   216401    93911   178907    89021   209837   279977    33071   142421    52937   227159    52631   227489    52517   227561    52391   227729    52067   228077    51767   228299    51659   228419    51539   228539    50069   226901   246947       41    70181   190997   101111   186107    63617   162221     4049   263927     6869   174491    22157   224891
   224909    22037   174527     6737   263951     4019   162287    63587   186191   100907   191021    53201    76697   142061    48407   231677    48299   231779    48197   231839    47969   232079    47711   232409    47309   232811    47147   232907    47057   233021    46901   233141    45989   231479   203321   226817    88997   179111    93827   216431   117731   275999    16067   273281   105491   257981    55109
    55049   257987   105449   273359    16061   276011   117659   226007    93719   179369   191099   199877    33851    32117   247991    31817   248267    31727   248351    31541   248537    31397   248627    31379   248867    31139   249107    30707   249329    30677   249521     3671   276359   137399   247829    80141    88919   100649   186299    54011   162359     4007   263957     6659   174569    22031   224969
   225077    21911   174617     6491   264059     3881   162629    53849   186317   186437    73379   163487    74699   205421    74531   205529    74411   205661    74297   205817    74051   205991    73727   206411    73571   206489    73517   206597    73121   206939    72977   207329    72647   207401    50417   205187   206639    93581    93701   226169   117389   276137    15959   273527   105401   258107    54941
    54869   258197   105359   273569    15881   276239   117269   226199    93257    79379   146141   100469   179657   100169   179909   100049   179999    99881   180179    99707   180437    99527   186647    93329   186959    92951   187091    92801   187337    92669   187361    92639   187559    92387   187637    87281   179471   200639   186761    53819   162749     3779   264137     6449   174659    21821   225149
   225167    21701   174749     6389   264221     3767   162779    53681   178877   141371   116027   164039   115901   164249   115751   164291   115631   164447   115547   164999   114467   165611   114311   165719   114269   165857   114077   166259   113717   166601   113279   166841   113171   175601   104369   175691   104309   163859   101141   226337   117239   276251    15797   273629   105269   258317    54851
    54647   258407   105251   273719    15749   276257   115589   187907   143291    99371   180701    99017   181019    98807   181301    98621   181421    98561   181499    98411   181721    98129   182009    97961   182099    97859   182177    97547   182519    97379   182867    96959   183167    96827   183437    96557   183587    94841   180617    92111   164429     3761   264269     6299   174767    21611   225371
   225479    21569   174851     6221   264371   139697   153701   163841    69557   210527    69257   210827    69149   211007    68819   211241    68771   211319    68669   211571    68399   211811    68141   211931    67979   212057    67901   212411    67511   212627    67349   212801    67181   212897    67049   213209    66569   213641    44021   210257   126317   140321    15647   273797   105167   258449    54539
    54449   258527   104789   273821   265079   118931   144539   125219   154877   124991   155171   124799   155717   124277   155921   123887   156227   123581   156467   123527   156539   123377   156707   123269   156941   122957   157127   122789   157277   122561   157739   122219   157901   122027   158129   121787   158357   121421   158747   118457   154787   161087    14939     6197   175229    21491   225569
   225581    21467   175481   156677        5   151049    15359   264731    15269   264791    15137   265151    14771   265271    14741   265427    14447   265607    14177   265961    14009   266051    13907   266117    13859   266177    13757   266297    13649   266549    13337   266687    13259   266801    13151   266891    13121   266909    13001   267227     3251   264437   280013   123341   104537   258551    54437
    54347   258611   102101   116867   141941    30341   249749    30161   249881    30071   249971    30029   258617    21341   258917    21059   259121    20849   259211    20789   259271    20639   259577    20399   259691    20177   259967    19937   260441    19469   260717    19211   260861    19139   260987    19001   261059    18947   261101    18671   261431    17939   249671   163151   177917    21407   225671
   225749    21191   233417   141959    12497   267581    12347   267737    12269   267791    12161   267899    11969   268091    11807   268439    11489   268547    11411   268757    11177   269039    10949   269219    10781   269327    10667   269387    10589   269519    10457   269879    10079   269981     9887   270167     9749   270299     9689   270527     9479   270551     8741   267479    46601   258827    54269
   225767   245177    78137   113051   166979   112997   167039   112967   167099   112901   167159   112757   167429   112577   167537   112397   167729   112247   167777   112139   167987   111821   168227   111491   168677   111149   168899   110969   169067   110939   169097   110819   169241   110711   169409   110129   170057   109937   170099   109829   170267   109481   170627   173669   166871    34841    54251
    39419   147107    29927   250199    29759   250301    29567   250619    29297   250787    29147   250889    28961   251117    28859   251201    28631   251477    28517   251519    28409   251789    28001   252101    27809   252401    27509   252611    27281   252779    27191   252911    26861   253307    26669   253427    26417   253661    26339   253751    26249   253907    26099   254021    21017   250007   240599
   147881    63377   216719    62897   217157    62819   217421    62501   217559    62351   217691    62189   217937    62039   218069    61637   218459    61487   218549    61169   218987    61001   219119    60737   219371    60611   219491    60257   219767    60209   219851    60107   219917    60077   219977    59999   220391    59351   220811    59159   220877    58997   221261    58481   221567    53591   216551
