    64601   215801    64109   215927    64037   216179    63689   216347    63647   216401    63587   216551    63377   216719    62897   217157    62819   217421    62501   217559    62351   217691    62189   217937    62039   218069    61637   218459    61487   218549    61169   218987    61001   219119    60737   219371    60611   219491    60257   219767    60209   219851    60107   219917    60077   220019   137999
   219977    30689   249341    30497   249671    30341   249749    30161   249881    30071   249971    30029   250007    29927   250199    29759   250301    29567   250619    29297   250787    29147   250889    28961   251117    28859   251201    28631   251477    28517   251519    28409   251789    28001   252101    27809   252401    27509   252611    27281   252779    27191   252911    26861   255251   136319    60041
    59627   253307   114311   165719   114269   165857   114077   166259   113717   166601   113279   166841   113171   166871   113051   166979   112997   167039   112967   167099   112901   167159   112757   167429   112577   167537   112397   167729   112247   167777   112139   167987   111821   168227   111491   168677   111149   168899   110969   169067   110939   169097   110819   169241   138251    26711   220391
   220667    26669   169307    13649   266549    13337   266687    13259   266801    13151   266891    13121   266909    13001   267227    12539   267521    12437   267671    12281   267749    12227   267857    12119   268049    11927   268211    11579   268529    11471   268607    11261   268841    10979   269069    10799   269237    10691   269351    10631   269429    10499   270167   138059   110711   253349    59351
    59207   253427   110609   269561    31727   248477    31481   248621    31391   248639    31151   248879    30911   249311    22037   257987    21911   258317    21611   258449    21491   258551    21407   258617    21341   258827    21101   258959    21017   259121    20849   259211    20789   259271    20639   259577    20399   259691    20177   259967    19937   261971   136541    10457   169409    26591   220811
   220859    26417   169889    10139   260441    16481   263567    16427   263597    16361   263927    16067   264059    15881   264221    15749   264371    15581   264659    15287   264749    15227   264881    14939   265151    14771   265271    14741   265427    14447   265607    14177   266009    13967   266111    13901   266159    13841   266261    13721   273971   130769    19577   269879   110129   253601    59159
    59141   253661   109961   269939    19469   273059   127037   153191   126611   153557   126317   153887   126107   154097   125789   154589   125399   154787   125219   154877   124991   155171   124799   155717   124277   155921   123887   156227   123581   156467   123527   156539   123377   156677   123311   156749   123077   157061   122891   157457   137147     6959   260549    10079   170057    26357   220877
   221021    26339   170081    10037   260717     6911   157229    70997   209039    70769   209567    70439   209639    70229   209819    70181   209861    70079   210191    69809   210257    69557   210527    69257   210827    69149   211007    68819   211241    68771   211319    68669   211571    68399   211811    68141   211931    67979   212057   138389   122789   273107    19301   269981   109937   253679    58997
    58757   253751   109919   270131    19211   273149   122741   212117   100547   179549   100361   179849   100109   179969   100019   180137    99839   180311    99581   180491    99401   180647    99317   181001    98999   181211    98717   181397    98597   181457    98519   181607    98297   181889    98009   182057    97919   182519   137957    67901   157277     6869   260807     9887   170099    26267   221261
   221537    26249   170189     9749   260861     6737   157739    67607   182159   117071   163151   116849   163199   116681   163469   116537   163487   116381   163841   116159   163991   115979   164117   115769   164267   115727   164387   115589   164447   115547   164999   114467   165611   105761   174491   105491   104327   208469    97859   212411   122279   273281    19157   270269   109829   253769    58481
    58451   253907   109751   270299    19139   273359   122219   212507    97841   174569   102761   177431   102551   177917   101891   178247   101537   178487   101159   178877   101111   179111    94709   185369    94541   185621    94307   185849    94121   186107    93827   186299    93701   186437    93371    91997   232907   105449   182177    67511   157799     6659   260879     9719   170267    26111   221567
   221747    26099   170537     9689   260987     6491   157901    67391   182471   105401   186689    76487   204251    75707   204329    75659   204377    75557   204587    75377   204749    75227   204857    74861   205187    74699   205421    74531   205529    74411   205661    74297   205817    74051   206897   137699    93329   174617    97547   212627   122117   273527    19031   270329   109481   253919    58271
    58211   254021   109391   270527    19001   273569   122027   212669    97379   174659    93257   205991    33071   247031    32789   247301    32609   247439    32411   247649    32327   247697    32237   247829    32117   247991    31817   248267     4349   275729     4079   275969     4019   276401   139079    74027   186761   105359   182639    67349   157991     6449   261017     9491   170627    25997   221807
   221849    25391   170921     9479   261059     6389   158129    67217   182867   105269   186959    73727   276011    50069   230081    49727   230471    49451   230807    49199   230849    49157   230999    48539   231611    48341   231719    48239   231821    47969   232079    47711   234029   137321     4007   206291    93059   174749    97151   212801   121889   273629    18959   270539   109097   254627    58169
    58109   254987   108971   270551    18947   273719   121787   212837    96959   174767    92951   206411     3881   232409    53819   226241    53681   226379    53609   226427    53507   226637    53327   226871    53117   227081    52859   227387    52529   227501    52457   235241   131501    47609   276137    73607   187067   105251   183059    67181   158231     6299   261071     9467   171047    25031   221909
   221951    24821   171131     9431   261101     6221   158357    67121   183167   105167   187091    73571   276239    47309   227627    51137   228887    50891   229469    50417   229631    50291   229841    45869   234191    45779   234281    45677   234431    45557   236627   137177    52391   232709     3779   206447    92927   174851    96851   212897   121661   273797    18917   270587   108887   255197    58067
    58061   255209   108677   270737    18671   273821   121421   212969    96827   175229    92801   206489     3767   232811    52289   234527    35897   244217    35771   244481    35381   244691    35159   244877    35129   244901    34847   245177    34757   141041   243809    45491   227729    47207   276251    73529   187217   104789   183191    67049   158597     6197   261347     9281   171341    24809   221957
   221987    24551   171617     9257   261431     6089   158747    66809   183437   104537   187337    73517   276257    47147   227951    45389   245279   117809   162221   117731   162629   117269   162779   117101   189377    90617   189491   189617   200789     2687    34739   234629    52067   232871     3761   206501    92681   175481    96581   213209   121271   273929    18587   270761   108401   255467    58031
    57977   255659   108377   270791    18461   274007   121259   213449    96557   175601    92669   206597     3671   232961    51941   235091    34679   189929      881   279179      797   279317      587   279551      461   279659   279707      239   139721    90089   245339    44927   228077    47057   276347    73421   187349   104417   183461    66569   158759     6011   261557     9227   171641    24359   222041
   222137    24251   171659     9221   261707     5897   158867    66377   183587   104369   187361    73379   276359    46997   228251    44819   245411    90071   279761    36857   243197    36809   243227    36779   243431    36497   246557   136727      257   189947    34607   235199    51767   233021     3659   206639    92657   175649    96431   213641   121151   274121    18311   270797   108359   255767    57881
    57689   255839   108347   271067    18257   274139   121001   213659    96221   175709    92639   206939     3557   233117    51719   235289    34499   190121      251   243539    33311   246839     2441   277601   277637    87587    54647    36479   279767    89897   245519    44729   228299    46901   276461    73079   187379   104309   183797    66359   159017     5879   261761     8951   171671    24179   222329
   222461    24071   171827     8849   261887     5741   159119    66191   183881   104207   187559    72977   276527    46877   228359    44711   245681    89627   279977    36161   277751   133337   146777   133169    86171   200591     2267   243857       41   190391    34337   235307    51659   233141     3491   207041    92459   175811    96137   213827   120899   274277    18131   271169   108191   255947    57557
    57287   255989   108089   271181    18059   274301   120851   213881    96059   176021    92387   207329     3461   233201    51599   235397    34259   190787       17   243911     2129   133097    40787   238331   140909   146921   277889    36107   280001    89231   245759    44621   228419    46817   276557    72689   187631   103997   183959    66137   159167     5717   261959     8837   171929    24029   222731
   222839    23831   172181     8807   261977     5669   159347    66089   184031   103967   187637    72647   276629    46751   228479    44579   246167    89189   280013    33479   277919   150797   240131   140009    39887   129221     2099   246539        5   190829    33851   235439    51539   233267     3389   207371    92381   176051    95987   213929   120671   274349    18041   271211   107837   256187    57179
    57077   256199   107687   271277    17939   274361   120587   213947    95819   176129    92357   207401     3347   233327    51479   235601    33809   190997   139907   246641     1811   203387   139109    41687   239231    76631   278207    33377   140111    89021   246209    44417   228539    46691   276671    72617   187661   103889   184199    66071   159431     5657   262079     8741   172331    23819   222941
   222977    23669   172709     8609   262109     5501   159617    66041   184271   103811   187907    72497   276767    46601   228581    44357   246251    88997   140321   141101   161771    79427   133241   146849   193847   146681   118247   138917   139697   191021    33767   235661    51437   233417     3251   207521    92111   176207    95747   213977   120401   274517    17909   271409   107309   256349    57041
    56999   256391   106979   271517    17891   274667   120041   213989    95531   176489    91757   207551     3191   233669    51431   235811    33647   191099   144167   135101   225371    33179   277577     2417     2381   192431   246707   144917   135851    88919   246371    44207   228587    46349   276827    72467   188261   103529   184487    66029   159977     5351   262127     8501   173039    23627   223019
   223061    23549   173081     8447   262271     5309   160001    65927   184511   103511   188519    72221   276929    46271   228611    44129   246497    81041   134507   143291    36821   243209    36791   243239    36587   243521    33461   243161   145511   198977    33521   235889    51407   233747     3089   207797    91499   176507    95507   214091   120017   274709    17747   271571   106937   256469    56957
    56807   256661   106877   271787    17681   274739   119849   214439    95441   176597    91397   207941     3041   233837    51341   235997   246731    33119   140297      839   279221      701   279431      467   279557      359      311   279779   279137   246899    33287    44021   228677    46181   276977    72077   188621   103421   184577    65579   160169     5279   262337     8231   173141    23357   223211
   223331    23297   173267     8009   262349     5231   160319    65537   184649   103409   188687    72047   277007    46049   228731   236021   135119   277331   117797   162287   117389   162749   117239   162917    90641   189401    90527    90401    79229   162209   144899    43997    51287   233969     3011   207971    91331   176609    95369   214481   119699   274787    17669   272009   106751   256721    56687
    56681   256901   106727   272141    17627   274829   119321   214499    95189   176699    91127   208139     2861   234131   228959    34457    36209    35801   244247    35537   244637    35327   244859    35141   244889    35117   245171    34841   245261   138977   244121   245561    51059    45887   277157    71879   188891   103319   184829    65519   160697     5189   262391     7877   173291    23117   223337
   223529    23087   173297     7829   262541     5171   160751    65327   184997   103307   188939    71741   277217   234197    40487   142841    51131   229127    50549   229601    50387   229727    50177   234149    45827   234239    45737   234341    45587   234461    43391   228881   239531    45821     2801   208277    91079   176711    95021   214691   119267   274847    17477   272189   106721   256931    56489
    56237   257141   106661   272201    17321   274871   119237   215141    94961   176927    91019   208319   161807    39761   148517    53777   226337    53639   226409    53591   226511    53381   226691    53147   226901    52937   227159    52631   227489    52517   227561    44777   226199   240257   118211    71699   188999   103091   185057    64877   160781     5147   262697     7817   173357    22877   223781
   223919    22769   173531     7649   262901     5087   161087    64709   185069   103067   189041   225167    87671   142697    49937   230291    49547   230567    49211   230819    49169   230861    49019   231479    48407   231677    48299   231779    48197   232049    47939   232307    45989   229949   192347    54851    90977   176951    94949   215309   118931   274931    17117   272369   106487   257249    56099
    55949   257297   106367   272411    16889   275087   118751   215351    94841   177011    84857    48821   140939    32987   247229    32717   247409    32579   247607    32369   247691    32321   247781    32189   247901    32027   248201    31751   275669     4289   275939     4049   275999     3617   246947   231197   195161   103007   185177    64667   161267     4931   263129     7607   173651    22721   224069
   224129    22697   173669     7541   263369     4889   161309    55049   185291   196901   277427   142319    75767   204311    75689   204359    75641   204461    75431   204641    75269   204791    75161   205157    74831   205319    74597   205487    74489   205607    74357   205721    74201   205967    73121   203531     2591    83117    94727   224969   118709   275129    16649   272477   106349   257321    55889
    55817   257339   106331   272537    16631   275147   118457   225077   185789   138311    47111   102587   177467   102101   178127   101771   178481   101531   178859   101141   178907   100907   185309    94649   185477    94397   185711    94169   185897    93911   186191    93719   186317    93581   186647   188021   177257   141707    94229    54941   161561     4871   263387     7481   173687    22679   224201
   224327    22637   173699     7451   263399     4817   161741   225569    87869    71549   116867   163169   116819   163337   116549   163481   116531   163637   116177   163859   116027   164039   115901   164249   115751   164291   115631   164429   115571   164471   115019   165551   114407   174257   105527   174527   175691   162947   192149    54449   118277   275201    16619   272567   106319   257381    55691
    55667   257399   106277   272771    16607   275339   117659    48179   142061   100469   179657   100169   179909   100049   179999    99881   180179    99707   180437    99527   180617    99371   180701    99017   181019    98807   181301    98621   181421    98561   181499    98411   181721    98129   182009    97961   182099    97499   179471   231839   162359     4679   263411     7247   173741    22619   224351
   224429    22571   173897     7211   263489   139121   152939   141629    70979   209249    70451   209579    70379   209789    70199   209837    70157   209939    69827   210209    69761   210461    69491   210761    69191   210869    69011   211199    68777   211247    68699   211349    68447   211619    68207   211877    68087   212039    67961   209021   127079   140897    16529   272807   106121   257447    55589
    55439   257627   106109   272999    16061   121169   142871   126827   153407   126461   153701   126131   153911   125921   154229   125429   154619   125231   154799   125141   155027   124847   155219   124301   155741   124097   156131   123791   156437   123551   156491   123479   156641   123341   156707   123269   156941   122957   157127   122561   152981   158849   263957     7019   173909    22391   224579
   224759    22307   174047     6971   246689   149249    16451   263591    16421   263657    16091   263951    15959   264137    15797   264269    15647   264437    15359   264731    15269   264791    15137   265079    14867   265247    14747   265277    14591   265571    14411   265841    14009   266051    13907   266117    13859   266177    13757   266297     6047   263537    33329   273047   105971   257711    55259
    55127   257861   179369   265961   143477    31541   248537    31397   248627    31379   248867    31139   249107    30707   257981    22031   258107    21701   258407    21569   258527    21467   258611    21401   258677    21191   258917    21059   259001    20897   259169    20807   259229    20747   259379    20441   259619    20327   259841    20051   260081    18047   248291    14057   100649    22157   224891
   224909    21821    92297   141959    13469   266681    13331   266759    13217   266867    13127   266897    13109   267017    12791   267479    12497   267581    12347   267737    12269   267791    12161   267899    11969   268091    11807   268439    11489   268547    11411   268757    11177   269039    10949   269219    10781   269327    10667   269387    10589   269519     9851   266369   187721   258197    55109
   226817   248351   141767   114299   165749   114161   165941   113759   166301   113417   166739   113177   166847   113147   166967   113039   167021   112979   167051   112919   167117   112859   167261   112589   167441   112481   167621   112289   167771   112241   167879   112031   168197   111791   168527   111341   168869   111119   169049   110951   169079   110921   169199   110777   165707    31667    53201
    44267   143699    30677   249521    30347   249677    30269   249857    30137   249947    30047   249989    30011   250091    29819   250259    29717   250451    29399   250721    29231   250871    29129   251057    28901   251159    28817   251387    28541   251501    28499   251609    28229   252017    27917   252209    27617   252509    27407   252737    27239   252827    27107   253157    24767   249329   235751
   142019    64217   215909    64091   215981    63839   216329    63671   216371    63617   216431    63467   216641    63299   217121    62861   217199    62597   217517    62459   217667    62327   217829    62081   217979    61949   218381    61559   218531    61469   218849    61031   219017    60899   219281    60647   219407    60527   219761    60251   219809    60167   219911    60101   219941    59999   215417
