    66041   213989    65927   214439    65537   214499    65327   215141    64709   215351    64601   215801    64109   215927    64037   216179    63689   216347    63647   216401    63587   216551    63377   216719    62897   217157    62819   217421    62501   217559    62351   217691    62189   217937    62039   218069    61637   218459    61487   218549    61169   218987    61001   219119    60737   221807   134909
   219371    31727   248351    31541   248537    31397   248627    31379   248867    31139   249107    30707   249329    30677   249521    30347   249677    30269   249857    30137   249947    30047   249989    30011   250091    29819   250259    29717   250451    29399   250721    29231   250871    29129   251057    28901   251159    28817   251387    28541   251501    28499   251609    28229   252509   137321    60647
    60611   252017   115769   164267   115727   164387   115589   164447   115547   164999   114467   165611   114311   165719   114269   165857   114077   166259   113717   166601   113279   166841   113171   166871   113051   166979   112997   167039   112967   167099   112901   167159   112757   167429   112577   167537   112397   167729   112247   167777   112139   167987   111821   168869   137147    28001   219407
   219491    27917   168227    14411   265841    14057   266009    13967   266111    13859   266177    13757   266297    13649   266549    13337   266687    13259   266801    13151   266891    13121   266909    13001   267227    12539   267521    12437   267671    12281   267749    12227   267857    12119   268049    11927   268211    11579   268529    11471   268607    11261   270539   136727   111791   252101    60527
    60257   252209   111491   268841    32411   247649    32327   247697    32237   247829    32117   247991    31817   248267    22877   257249    22721   257321    22637   257399    22571   257627    22307   257861    22037   257987    21911   258197    21701   258407    21569   258527    21467   258611    21401   258677    21191   258917    21059   259001    20897   263411   134471    11177   168527    27809   219761
   219767    27617   168677    10979   259169    17681   262349    17627   262541    17321   262901    16889   263387    16619   263489    16481   263567    16427   263597    16361   263927    16067   263957    15959   264137    15797   264269    15647   264437    15359   264731    15227   264881    14939   265151    14771   265271    14741   265427    14447   277637   126317    20849   269039   111341   252401    60251
    60209   252611   111119   269069    20807   272189   128201   151871   127979   152381   127601   152531   127301   152729   127241   152879   127079   152981   126827   153407   126461   153887   126107   154097   125789   154589   125399   154787   125219   154877   124991   155171   124799   155717   124277   155921   123887   156227   123581   159017   134507     7829   259211    10949   168899    27407   219809
   219851    27281   169049    10799   259229     7817   156467    72077   207971    71879   208277    71699   208469    71429   208631    71129   209021    70979   209249    70451   209579    70379   209789    70199   209837    70157   209939    69827   210209    69761   210461    69491   210761    69191   210869    69011   211199    68777   211349   138251   123551   272201    20789   269219   110969   252737    60167
    60107   252779   110951   269237    20747   272369   123527   211247   102101   178127   101771   178481   101531   178859   101141   178907   100907   179369   100547   179549   100361   179849   100109   179969   100019   180137    99839   180311    99581   180491    99401   180647    99317   181001    98999   181211    98717   185789   133241    68771   156491     7649   259271    10781   169067    27239   219911
   219917    27191   169079    10691   259379     7607   156539    68699   181397   117959   162119   117809   162221   117731   162359   117389   162749   117239   162917   117071   163151   116849   163199   116681   163469   116537   163487   116381   163841   116159   163991   115979   164117   106661   173531   106349   174257   138059    98621   211319   123479   272411    20639   269327   110939   252827    60101
    60077   252911   110921   269351    20441   272477   123377   211571    98597   173687   103511   176597   103409   176699   103307   176927   103067   177011   102761   177431   102551   184487    95507   184577    95369   184829    95021   185057    94841   185291    94709   185369    94541   185621    94307   187559   129887   106331   181421    68447   156641     7541   259577    10667   169097    27107   219941
   219977    26861   169199    10631   259619     7481   156677    68207   181457   106319   185849    77267   202757    77201   202877    77069   203057    76697   203339    76667   203387    76487   204251    75707   204329    75659   204377    75557   204587    75377   204749    75227   204857    74861   207041   136841    94169   173699    98561   211811   123341   272537    20399   269387   110819   253157    60041
    59999   253307   110777   269429    20327   272567   123311   211877    98519   173741    94121   205187    33647   246497    33479   246557    33377   246689    33311   246731    33179   246899    33071   247031    32789   247301    32609   247439     5279   274787     5189   274847     5147   276251   138101    74831   185897   106277   181499    68141   156707     7451   259691    10589   169241    26711   220019
   220391    26669   169307    10499   259841     7211   156749    68087   181607   106121   186107    74699   274931    51287   228881    51131   228959    50891   229469    50417   229631    50291   229841    50069   230081    49727   230471    49451   230807    49199   230849    49019   234239   135479     5087   205319    93911   173897    98411   211931   123269   272807    20177   269519   110711   253349    59627
    59351   253427   110609   269561    20051   272999   123077   212039    98297   173909    93827   205421     4931   231197    54851   225371    54539   225569    54437   225671    54251   226007    53849   226199    53777   226337    53639   226409    53591   226511    53381   234281   131501    48821   275087    74597   186191   106109   181721    67979   156941     7019   259967    10457   169409    26591   220667
   220811    26417   169889    10139   260081     6971   157061    67961   181889   105971   186299    74531   275129    48539   226691    51719   228359    51599   228479    51479   228581    51431   228611    51341   233117    46877   233201    46751   233417    46271   235751   133169    53327   231479     4889   205487    93719   174047    98129   212057   122957   273047    19937   269879   110129   253601    59207
    59159   253661   109961   269939    19577   273059   122891   212117    98009   174491    93701   205529     4871   231611    53201   233837    37199   242999    36899   243161    36821   243209    36791   243239    36587   243521    36479   243809    36161   245261   137999    46181   226817    48407   275147    74489   186317   105527   182009    67901   157127     6959   260441    10079   170057    26357   220859
   220877    26339   170081    10037   260549     6911   157229    67607   182057   105491   186437    74411   275201    48341   226871    46049   243911   119699   160697   119267   160781   118931   161267   118277   161771   118211   188021    91757   149939   151499    36107   233969    53147   231677     4817   205607    93581   174527    97961   212411   122789   273107    19469   269981   109937   253679    59141
    58997   253751   109919   270131    19301   273149   122741   212507    97919   174569    93371   205661     4679   231779    53117   234029    35897   188519     1907   278147     1811   278321     1559   278591     1409   278651     1301   280013   138389    91499   244121    45989   226901    48239   275339    74357   186647   105449   182099    67511   157277     6869   260717     9887   170099    26267   221021
   221261    26249   170189     9851   260807     6737   157457    67391   182159   105401   186689    74297   275669    48197   227081    45887   244217    91397   278741    38351   241781    38201   241979    37889   242147    37847   246167   135719     1277   188621    35801   234131    52937   231821     4349   205721    93329   174617    97859   212627   122561   273281    19211   270167   109829   253769    58757
    58481   253907   109751   270269    19157   273359   122279   212669    97841   174659    93257   205817     4289   231839    52859   234149    35771   188687     1217   242399    34679   245561    34337   245759    33809   147089   238829    37619   278801    91331   244247    45869   227159    48179   275729    74201   186761   105359   182177    67349   157739     6659   260861     9749   170267    26111   221537
   221567    26099   170537     9719   260879     6491   157799    67217   182471   105269   186959    74051   275939    47969   227387    45827   244481    91127   278867    37571   246251   135131   144899   135101   147047   137867    33767   242447     1151   188891    35537   234191    52631   232049     4079   205967    93059   174749    97547   212801   122219   273527    19139   270299   109481   253919    58451
    58271   254021   109391   270329    19031   273569   122117   212837    97499   174767    92951   205991     4049   232079    52529   234197    35327   188939     1109   242621     3461   144941    81737   200591   137699   135077   276557    37397   278909    91079   244691    45821   227489    47939   275969    74027   187067   105251   182519    67181   157901     6449   260987     9689   170627    25997   221747
   221849    25391   170921     9491   261017     6389   157991    67121   182639   105167   187091    73727   275999    47711   227501    45677   244859    91019   279047    37379   276629   190121   195971   140009    84047    89897     3389   242639      971   188999    35159   234341    52517   232307     4019   206291    92927   174851    97379   212897   122027   273629    19001   270527   109097   254627    58169
    58109   254987   108971   270551    18959   273719   121889   212969    97151   175229    92801   206411     4007   232409    52457   234431    35141   189041      887   242681   138977    87701   142319    79427   198281   192317   141041    37337   279131    90977   244877    45587   227561    47609   276011    73607   187217   104789   182867    67049   158129     6299   261059     9467   171047    25031   221909
   221951    24821   171131     9431   261071     6221   158231    66809   183059   104537   187337    73571   276137    47309   227627    45557   244889    90641   279137   140111   238877   142151   135119   144917   132971   144887    41141   139907      881   189377    35129   234461    52391   232709     3881   206447    92681   175481    96959   213209   121787   273797    18947   270587   108887   255197    58067
    58061   255209   108677   270737    18917   273821   121661   213449    96851   175601    92669   206489     3779   232811    52289   234527    34847   189401   141707   134669    41189    34457   245681    34259   246209   132929   245339   145349   138311    90617   245171    45491   227729    47207   276239    73529   187349   104417   183167    66569   158357     6197   261101     9281   171341    24809   221957
   221987    24767   171617     9257   261347     6089   158597    66377   183191   104369   187361    73517   276257    47147   227951    45389   245279   133541   135851   144299    38237   241817    38039   242129    37871   242171    33851   241667   144167   146477    34739   234629    52067   232871     3761   206501    92657   175649    96827   213641   121421   273929    18671   270761   108401   255251    58031
    57977   255467   108377   270791    18587   273971   121271   213659    96581   175691    92639   206597     3671   232907    51941   235091    34607   129587   141629     1871   278207     1697   278459     1427   278609     1367   278717        5   278111   150431   245411    44927   228077    47111   276347    73421   187379   104327   183437    66359   158747     6047   261431     9227   171641    24551   222041
   222137    24359   171659     9221   261557     6011   158759    66191   183461   104309   187631    73379   276359    47057   228251    42509   241691   128519   119321   160751   119237   161087   118751   161741   118247   161807    91997   188261   130079   160319    38327   237509    51767   232961     3659   206639    92387   175709    96557   213827   121259   274007    18461   270797   108359   255659    57881
    57689   255767   108347   271067    18311   274121   121169   213881    96431   175811    92381   206897     3617   233021   233669   224429   142019    37019   243119    36857   243197    36809   243227    36779   243431    36497   243539    36209   243857    34757   242819    55589    46349    46997   276401    73121   187637   104207   183587    66137   158849     5897   261707     8951   171671    24251   222329
   222461    24179   171827     8849   261761     5879   158867    66089   183797   103997   187661    73079   276461    46691    35381   146849    51659   228419    51539   228539    51437   228587    51407   228677    46901   233141    46817   233267    46601   233747    44267   228299   244637   233327     3557   206939    92357   176021    96221   213929   121151   274139    18257   271169   108191   255839    57557
    57287   255947   108089   271181    18131   274277   120899   213947    96137   176051    92297   207329     3491   225749   148517    54647   225479    54449   225581    54347   225767    54011   226169    53819   226241    53681   226379    53609   226427    53507   226637    45737   225167    54269   276527    72689   187721   103967   183881    66071   159119     5741   261887     8837   171929    24071   222731
   222839    24029   172181     8807   261959     5717   159167    55949   183959   103889   187907   224891   245177   144539    51137   228887    51059   229127    50549   229601    50387   229727    50177   229949    49937   230291    49547   230567    49211   230819    49169   230999    45779   228731    34841    55127    92111   176129    96059   224069   120851   274301    18059   271211   107837   255989    57179
    57077   256187   107687   271277    18047   274349   120671   224201    95819   176207   224759    48299   141917    33521   246539    33461   246641    33329   246707    33287   246839    33119   246947    32987   247229    32717   247409    32579   274739     5231   274829     5171   274871     3767   246371   231719    55259   103811   184199    55817   159347     5669   261971     8741   172331    23831   222941
   222977    23819   172709     8609   261977     5657   159431    55691   184271   103529    34499   143177    77261   202817    77141   202949    76961   203321    76679   203351    76631   203531    75767   204311    75689   204359    75641   204461    75431   204641    75269   204791    75161   205157    72977   202751   245519   176489    95747   224327   120587   274361    18041   271409   107309   256199    57041
    56999   256349   106979   271517    17939   274517   120401   224351   185069   161561   150131   103421   176609   103319   176711   103091   176951   103007   177257   102587   177467    95531   184511    95441   184649    95189   184997    94961   185177    94727   185309    94649   185477    94397   185711    92459   176507   118457    94949    55667   159617     5501   262079     8501   173039    23669   223019
   223061    23627   173081     8447   262109     5351   159977   224579    83267   141959   117899   162209   117797   162287   117659   162629   117269   162779   117101   162947   116867   163169   116819   163337   116549   163481   116531   163637   116177   163859   116027   164039   115901   173357   106487   173669   105761   162059   196751    55439   120041   274667    17909   271571   106937   256391    56957
    56807   256469   106877   271787    17891   274709   161957    49157   146777   101891   178247   101537   178487   101159   178877   101111   179111   100649   179471   100469   179657   100169   179909   100049   179999    99881   180179    99707   180437    99527   180617    99371   180701    99017   181019    98807   181301    94229   177917   230861   118061     5309   262127     8231   173141    23549   223211
   223331    23357   173267     8009   262271   136481   106367   141767    72047   208139    71741   208319    71549   208589    71387   208889    70997   209039    70769   209567    70439   209639    70229   209819    70181   209861    70079   210191    69809   210257    69557   210527    69257   210827    69149   211007    68819   211241    68669   207941   173651   143537    17747   272009   106751   256661    56687
    56681   256721   106727   272141    16649   118709   145511   128147   152039   127637   152417   127487   152717   127289   152777   127139   152939   127037   153191   126611   153557   126131   153911   125921   154229   125429   154619   125231   154799   125141   155027   124847   155219   124301   155741   124097   156131   123791   156437   121001   151817   161309   263369     7877   173291    23297   223337
   223529    23117   173297     7247   244901   153701    17669   262391    17477   262697    17117   263129    16631   263399    16529   263537    16451   263591    16421   263657    16091   263951    16061   264059    15881   264221    15749   264371    15581   264659    15287   264791    15137   265079    14867   265247    14747   265277    14591   265571     2381   262337    35117   272771   106721   256901    56489
    56237   256931   184031   264749   145547    32369   247691    32321   247781    32189   247901    32027   248201    31751   257141    22769   257297    22697   257381    22619   257447    22391   257711    22157   257981    22031   258107    21821   258317    21611   258449    21491   258551    21407   258617    21341   258827    21101   258959    21017   259121    16607   247607    15269    95987    23087   223781
   223919   257339    86171   143291    14177   265961    14009   266051    13907   266159    13841   266261    13721   266369    13469   266681    13331   266759    13217   266867    13127   266897    13109   267017    12791   267479    12497   267581    12347   267737    12269   267791    12161   267899    11969   268091    11807   268439    11489   268547    11411   268757     9479   265607   193847    22679    56099
    55889    13901   142871   115751   164291   115631   164429   115571   164471   115019   165551   114407   165707   114299   165749   114161   165941   113759   166301   113417   166739   113177   166847   113147   166967   113039   167021   112979   167051   112919   167117   112859   167261   112589   167441   112481   167621   112289   167771   112241   167879   112031   168197   111149   164249   266117   224129
   211619   142697    31667   248477    31481   248621    31391   248639    31151   248879    30911   249311    30689   249341    30497   249671    30341   249749    30161   249881    30071   249971    30029   250007    29927   250199    29759   250301    29567   250619    29297   250787    29147   250889    28961   251117    28859   251201    28631   251477    28517   251519    28409   251789    27509   248291    68399
   145109    66029   214091    65579   214481    65519   214691    64877   215309    64667   215417    64217   215909    64091   215981    63839   216329    63671   216371    63617   216431    63467   216641    63299   217121    62861   217199    62597   217517    62459   217667    62327   217829    62081   217979    61949   218381    61559   218531    61469   218849    61031   219017    60899   219281    58211   213977
