    67349   212801    67181   212897    67049   213209    66569   213641    66359   213827    66137   213929    66071   213977    66029   214091    65579   214481    65519   214691    64877   215309    64667   215417    64217   215909    64091   215981    63839   216329    63671   216371    63617   216431    63467   216641    63299   217121    62861   217199    62597   217517    62459   217667    62327   217937   137219
   217829    32609   247439    32411   247649    32327   247697    32237   247829    32117   247991    31817   248267    31727   248351    31541   248537    31397   248627    31379   248867    31139   249107    30707   249329    30677   249521    30347   249677    30269   249857    30137   249947    30047   249989    30011   250091    29819   250259    29717   250451    29399   250721    29231   250889   138251    62189
    62039   250871   116849   163199   116681   163469   116537   163487   116381   163841   116159   163991   115979   164117   115769   164267   115727   164387   115589   164447   115547   164999   114467   165611   114311   165719   114269   165857   114077   166259   113717   166601   113279   166841   113171   166871   113051   166979   112997   167039   112967   167099   112901   111341   193541    29147   217979
   218069    28961   167159    15287   264749    15227   264881    14939   265151    14771   265271    14741   265427    14447   265607    14177   265961    14009   266051    13907   266117    13859   266177    13757   266297    13649   266549    13337   266687    13259   266801    13151   266891    13121   266909    13001   267227    12539   267521    12437   267671    12281   268529   137999   112859   251057    61949
    61637   251117   112757   267749    33329   246707    33287   246839    33119   246947    32987   247229    32717   255839    24071   256187    23819   256349    23627   256469    23357   256721    23117   256931    22877   257249    22721   257321    22679   257381    22619   257447    22391   257711    22157   257981    22031   258107    21821   258317    21611   259271   129011    12269   167261    28901   218381
   218459    28859   167429    12227   258449    18311   261761    18131   261959    18047   261977    17939   262109    17891   262271    17681   262349    17627   262541    17321   262901    16889   263369    16631   263411    16529   263537    16451   263591    16421   263657    16091   263951    16061   264059    15881   264221    15749   264371    15581   272807   130259    21569   267791   112589   251159    61559
    61487   251201   112577   267857    21491   264659   129641   150431   129401   150797   129089   151049   128861   151397   128519   151607   128351   151817   128147   152039   127637   152417   127487   152717   127289   152777   127139   152981   126611   153557   126317   153887   126107   154097   125789   154589   125399   154787   125219   155219   137147    15359   258527    12161   167441    28817   218531
   218549    28631   167537    12119   258551     9221   154877    73379   206897    73079   207041    72689   207371    72617   207521    72467   207797    72077   207971    71879   208277    71699   208469    71429   208631    71129   209021    70979   209249    70451   209579    70379   209789    70199   209837    70157   209939    69827   211931   136541   125141   270797    21467   267899   112481   251387    61469
    61169   251477   112397   268049    21407   271067   124991   210209   103421   176609   103319   176711   103091   176951   103007   177257   102587   177467   102101   178127   101771   178481   101531   178859   101141   178907   100907   179369   100547   179549   100361   179849   100109   179969   100019   180137    99839   180437   137849    69809   155027     8951   258611    11969   167621    28541   218849
   218987    28517   167729    11927   258617     8849   155171    69761   180311   119699   160697   119267   160781   118931   161267   118709   161561   118277   161771   118211   161957   117959   162119   117809   162221   117659   162629   117269   162779   117101   162947   116867   171671   108191   171929   107837   103967   198179    99707   210257   124847   271169    21401   268091   112289   251501    61031
    61001   251519   112247   268211    21341   271181   124301   210461    99527   172331   104789   175481   104417   175649   104327   175709   104207   176021   103889   176207   103529   176507    96827   183437    96557   183587    96221   184031    95819   184271    95531   184511    95441   184649    95189    95021   228419   107687   180491    69557   155717     8837   258677    11807   167771    28499   219017
   219119    28409   167777    11579   258827     8807   155741    69491   180617   107309   185057    78191   201881    78017   202049    77951   202529    77351   202679    77267   202757    77201   202877    77069   203057    76697   203339    76667   203387    76487   204251    75707   204329    75659   204749   138077    94961   172709    99401   210527   124277   271211    21191   268439   112241   251609    60899
    60737   251789   112139   268547    21101   271277   124097   210761    99371   173039    94949   204377    34679   245411    34499   245561    34337   245759    33851   246209    33767   246371    33521   246539    33461   246641     6089   273971     6011   274139     5741   274301     5669   276359   137321    75641   185069   106979   180647    69257   155921     8741   258917    11471   167879    28229   219281
   219371    28001   167987    11411   258959     8609   156131    69191   180701   106937   185177    75557   274361    51767   228299    51659   228479    51479   228581    51431   228611    51341   228731    51137   228887    51059   229127    50549   229601    50387   229727    50177   230849   138311     5657   204461    94841   173081    99317   210827   123887   271409    21059   268607   112031   252017    60647
    60611   252101   111821   268757    21017   271517   123791   210869    99017   173141    94727   204587     5501   230081    55691   224351    55589   224579    55259   224891    55109   224969    54941   225149    54851   225371    54539   225569    54347   225749    54251   226169   138797    49937   274517    75431   185291   106877   181001    69149   156227     8501   259001    11261   168197    27917   219407
   219491    27809   168227    11177   259121     8447   156437    69011   181019   106751   185309    75377   274667    49727   226007    52631   227489    52517   227561    52391   227729    52067   228077    47609   232709    47207   232871    47057   233021    46901   233669   138647    54011   230291     5351   204641    94709   173267    98999   211007   123581   271571    20897   268841   111791   252209    60527
    60257   252401   111491   269039    20849   271787   123551   211199    98807   173291    94649   204791     5309   230471    53819   233141    37619   242621    37379   242681    37199   242999    36899   243161    36821   243209    36791   243239    36587   243809   139121    46877   226199    49547   274709    75227   185369   106727   181211    68819   156467     8231   259169    10979   168527    27617   219761
   219767    27509   168869    10949   259211     8009   156491    68777   181301   106721   185477    75161   274739    49451   226241    46817   243521   120851   159347   120587   159617   120041   160001   119849   187337    92669   187361   187379    73517   131561    36497   233201    53777   230567     5279   204857    94541   173297    98717   211241   123527   272009    20807   269069   111149   252509    60251
    60209   252611   111119   269219    20789   272141   123479   211247    98621   173357    94397   205157     5231   230807    53681   233267    36479   187559     2381   277751     2129   277919     1931   278111     1871   278207     1697   278801   139301    92459   243539    46751   226337    49211   274787    74861   185621   106661   181397    68771   156539     7877   259229    10799   168899    27407   219809
   219851    27281   169049    10781   259379     7829   156641    68699   181421   106487   185711    74831   274829    49199   226379    46691   243857    92387   278459    38747   241517    38459   241667    38327   241781    38201   244901   136481     1559   187631    36161   233327    53639   230819     5189   205187    94307   173531    98597   211319   123377   272189    20639   269237   110969   252737    60167
    60107   252779   110951   269327    20441   272201   123341   211349    98561   173651    94229   205319     5171   230999    53609   233747    36107   187637     1427   242129    34757   245279     4019   276011     3881   276929   139187    37889   278591    92381   243911    46271   226409    49019   274847    74699   185789   106367   181457    68669   156677     7817   259577    10691   169067    27239   219911
   219917    27191   169079    10667   259619     7649   156707    68447   181499   106349   185849    74597   274871    48821   226427    46181   244121    92357   278609    37871   276239   135119   144917   135077   148091   136841     3779   242147     1409   187661    35897   233837    53591   231197     5147   205421    94169   173669    98519   211571   123311   272369    20399   269351   110939   252827    60101
    60077   252911   110921   269387    20327   272411   123269   211619    98411   173687    93911   205487     5087   231479    53507   233969    35801   187721     1367   242171     3767   145109    81737   200591   137699   134909   276251    37847   278651    92297   244217    46049   226511    48539   274931    74531   186107   106331   181607    68399   156749     7607   259691    10631   169097    27107   219941
   219977    26861   169199    10589   259841     7541   156941    68207   181721   106319   186191    74489   275087    48407   226637    45989   244247    92111   278717    34847   276401   134219   195971   140009    84047   145799     3617   245171     1301   187907    35771   234029    53381   231611     4931   205529    93827   173699    98297   211811   123077   272477    20177   269429   110819   253157    60041
    59999   253307   110777   269519    20051   272537   122957   211877    98129   173741    93719   205607     4889   231677    53327   234131    35537   188021     1277   245177   206489   142421   142319    79427   198281   137597    73529    34841   278741    91997   244481    45887   226691    48341   275129    74411   186299   106277   181889    68141   157061     7481   259967    10499   169241    26711   220019
   220391    26669   169307    10457   260081     7451   157127    67979   182009   106109   186317    74357   275147    48299   226817    45869   244637    91757   278867   140321    41579   143177   135101   144941   131927   144899   238439   139697     1151   188261    35381   234149    53201   231719     4871   205661    93701   173909    98009   212039   122891   272567    19937   269561   110711   253349    59627
    59351   253427   110609   269879    19577   272771   122789   212057    97961   174047    93581   205721     4817   231779    53147   234191    35327   188519      701   135281   140831    34739   275999     4007   276137     3089   245261   144737   279317    91499   244691    45827   226871    48239   275201    74297   186437   105971   182057    67961   157229     7247   260441    10139   169409    26591   220667
   220811    26417   169889    10079   260549     6971   157277    67901   182099   105761   186647    74201   275339    48197   226901    45821   244877   198719   277577   143537    38501   241559    38351   241691    38237   241817    35117   241271     2441    81299    35141   234197    53117   231821     4679   205817    93371   174257    97919   212117   122741   273047    19469   269939   110129   253601    59207
    59159   253661   109961   269981    19301   273059   122561   212411    97859   174491    93329   205967     4349   231839    52937   234239    35129    44021   140717     2267   277889     2099   278087     1907   278147     1811   278321     1217   277637   235997   244889    45779   227081    48179   275669    74051   186689   105527   182159    67607   157457     6959   260717    10037   170057    26357   220859
   220877    26339   170081     9887   260807     6911   157739    67511   182177   105491   186761    74027   275729    47969   227159   234527   241979   148457   120671   159431   120401   159977   120017   160169    92681   187349    92657    92639   206501   159167    38039    45491    52859   232049     4289   205991    93257   174527    97841   212507   122279   273107    19211   270131   109937   253679    59141
    58997   253751   109919   270167    19157   273149   122219   212627    97547   174569    93059   206291     4079   232079   232307    37571   140897    37397   242639    37337   242819    37019   243119    36857   243197    36809   243227    36779   243431    36209   242399   242447    47711    47939   275939    73727   186959   105449   182471    67391   157799     6869   260861     9851   170099    26267   221021
   221261    26249   170189     9749   260879     6737   157901    57557   182519   105401   187067    73607   275969   233417    44357   141371    52529   227501    52457   227627    52289   227951    51941   232409    47309   232811    47147   232961    46997   233117    46349   227387   235661    46601     4049   206411    92951   174617    97499   222461   122117   273281    19139   270269   109829   253769    58757
    58481   253907   109751   270299    19031   273359   122027   222731    97379   174659    92927   206447     2801    42017   141221    55667   224429    55439   224759    55127   224909    55049   225077    54869   225167    54647   225479    54449   225671    54269   225767    53849   224327   238001   277217    73571   187091   105359   182639    57287   157991     6659   260987     9719   170267    26111   221537
   221567    26099   170537     9689   261017     6491   158129    57179   182867   105251   187217   224069   244859   141707    51719   228359    51539   228539    51437   228587    51407   228677    51287   228881    51131   228959    50891   229469    50417   229631    50291   229841    49169   228251    35159    55949    92801   174767    97151   222839   121889   273527    19001   270329   109481   253919    58451
    58271   254021   109391   270527    18959   273569   121787   222941    96959   174851    83477    50069   142697    34607   245519    34457   245681    34259   246167    33809   246251    33647   246497    33479   246557    33377   273929     6047   274007     5879   274277     5717   274349     3659   245339   229949   196541   105167   183059    57077   158231     6449   261059     9491   170627    25997   221747
   221807    25391   170921     9479   261071     6389   158357    57041   183167    94121   274121   141941    78137   202001    77969   202067    77489   202667    77339   202751    77261   202817    77141   202949    76961   203321    76679   203351    76631   203531    75767   204311    75689   204359    75269   201827     5897   185897    96851   222977   121661   273629    18947   270539   109097   254627    58211
    58169   254987   108971   270551    18917   273719   121421   223019   183881   230861    51599   104537   175601   104369   175691   104309   175811   103997   176129   103811   176489   103511   183191    96581   183461    96431   183797    95987   184199    95747   184487    95507   184577    95369   184829   184997   175229    49157    96137    56999   158597     6299   261101     9467   171047    25031   221849
   221909    24821   171131     9431   261347     6221   158747   224201    89231    81839   119321   160751   119237   161087   118751   161309   118457   161741   118247   161807   118061   162059   117899   162209   117797   162359   117389   162749   117239   162917   117071   163151   108347   171827   108089   172181   176051   160319   190787    55817   121271   273797    18671   270587   108887   255197    58109
    58067   255209   108677   270737    18587   273821   174749    47111   142169   103409   176699   103307   176927   103067   177011   102761   177431   102551   177917   101891   178247   101537   178487   101159   178877   101111   179111   100649   179471   100469   179657   100169   179909   100049   179999    99881   180179    99581   176597   232907   105269     6197   261431     9281   171341    24809   221951
   221957    24767   171617     9257   261557   139079    96059   143477    73121   206939    72977   207329    72647   207401    72497   207551    72221   207941    72047   208139    71741   208319    71549   208589    71387   208889    70997   209039    70769   209567    70439   209639    70229   209819    70181   209861    70079   210191    68087   206639   183959   140939    18461   270761   108401   255251    58061
    58031   255467   108377   270791   138059   126827   142871   129587   150617   129221   150929   128969   151157   128621   151499   128411   151667   128201   151871   127979   152381   127601   152531   127301   152729   127241   152879   127037   153407   126461   153701   126131   153911   125921   154229   125429   154619   125231   154799   124799   150377   153191   141959     9227   171641    24551   221987
   222041    24359   171659   272999   117731   149759    18257   261887    18059   261971    18041   262079    17909   262127    17747   262337    17669   262391    17477   262697    17117   263129    16649   263387    16607   263489    16481   263567    16427   263597    16361   263927    16067   263957    15959   264137    15797   264269    15647   264437     7211   261707   162287     7019   108359   255659    57977
    57881   255767   173897       17   151007    33311   246731    33179   246899    33071   247031    32789   247301    24179   255947    23831   256199    23669   256391    23549   256661    23297   256901    23087   257141    22769   257297    22697   257339    22637   257399    22571   257627    22307   257861    22037   257987    21911   258197    21701   258407    20747   246689   280001   106121    24251   222137
   222329   255989   152939   142019    15269   264791    15137   265079    14867   265247    14747   265277    14591   265571    14411   265841    14057   266009    13967   266111    13901   266159    13841   266261    13721   266369    13469   266681    13331   266759    13217   266867    13127   266897    13109   267017    12791   267479    12497   267581    12347   267737    11489   264731   127079    24029    57689
   225581    16619    86477   116819   163337   116549   163481   116531   163637   116177   163859   116027   164039   115901   164249   115751   164291   115631   164429   115571   164471   115019   165551   114407   165707   114299   165749   114161   165941   113759   166301   113417   166739   113177   166847   113147   166967   113039   167021   112979   167051   112919   167117   168677   163169   263399    54437
    44621   141767    32579   247607    32369   247691    32321   247781    32189   247901    32027   248201    31751   248291    31667   248477    31481   248621    31391   248639    31151   248879    30911   249311    30689   249341    30497   249671    30341   249749    30161   249881    30071   249971    30029   250007    29927   250199    29759   250301    29567   250619    29297   250787    29129   247409   235397
   142799    67217   212837    67121   212969    66809   213449    66377   213659    66191   213881    66089   213947    66041   213989    65927   214439    65537   214499    65327   215141    64709   215351    64601   215801    64109   215927    64037   216179    63689   216347    63647   216401    63587   216551    63377   216719    62897   217157    62819   217421    62501   217559    62351   217691    62081   212669
