    69257   210827    69149   211007    68819   211241    68771   211319    68669   211571    68399   211811    68141   211931    67979   212057    67901   212411    67511   212627    67349   212801    67181   212897    67049   213209    66569   213641    66359   213827    66137   213929    66071   213977    66029   214091    65579   214481    65519   214691    64877   215309    64667   215417    64217   219911   133241
   215909    34457   245681    34259   246167    33809   246251    33647   246497    33479   246557    33377   246689    33311   246731    33179   246899    33071   247031    32789   247301    32609   247439    32411   247649    32327   247697    32237   247829    32117   247991    31817   248267    31727   248351    31541   248537    31397   248627    31379   248867    31139   249107    30707   249857   137597    64109
    64091   249329   118931   161267   118709   161561   118277   161771   118211   161957   117959   162119   117809   162221   117731   162359   117389   162749   117239   162917   117071   163151   116849   163199   116681   163469   116537   163487   116381   163841   116159   163991   115979   164117   115769   164267   115727   164387   115589   164447   115547   164999   114467   114161   188939    30689   215927
   215981    30677   165611    16889   263369    16631   263399    16607   263489    16481   263567    16427   263597    16361   263927    16067   263957    15959   264137    15797   264269    15647   264437    15359   264731    15269   264791    15137   265079    14867   265247    14747   265277    14591   265571    14411   265841    14057   266009    13967   266111    13901   143291   261101   114407   249341    64037
    63839   249521   114311   266159    35141   244889    35117   245171    34841   245261    34739   245339    34607   245519    26861   253307    26669   253427    26417   253661    26339   253751    26249   253907    26099   254021    25391   254987    24821   255209    24767   255467    24359   255767    24179   255947    24029   256187    23819   256349    23627   261017   133097    13859   165707    30497   216179
   216329    30347   165719    13841   256469    20789   259271    20639   259577    20399   259691    20177   259967    19577   260549    19301   260807    19157   260879    19031   261059    18947   261347    18587   261557    18311   261761    18131   261959    18047   261977    17939   262109    17891   262271    17681   262349    17627   262541    17321   272141   128969    23549   266177   114299   249671    63689
    63671   249677   114269   266261    23357   269237   132347   147689   132257   147881   131939   148091   131861   148331   131561   148517   131297   149159   130769   149399   130457   149711   130259   149939   129887   150299   129641   150431   129401   150797   129089   151007   128861   151397   128519   151607   128351   151817   128147   152381   137219    10781   256661    13757   165749    30341   216347
   216371    30269   165941    13721   256721    10691   152039    75269   204791    75161   205157    74831   205319    74597   205487    74489   205607    74357   205721    74201   205967    74027   206291    73607   206447    73529   206501    73421   206639    73121   206939    72977   207329    72647   207401    72497   207551    72221    72077   274121   127979   269327    23297   266297   114077   249749    63647
    63617   249881   113759   266369    23117   269351   127601   207971   105527   174527   105449   174617   105359   174749   105251   174851   104789   175481   104417   175649   104327   175709   104207   176021   103967   176129   103811   176489   103511   176597   103319   176711   103091   176951   103007   177257   102587    89231   226691    72047   152417    10667   256901    13649   166259    30137   216401
   216431    30071   166301    13469   256931    10631   152531    71879   177467   122789   157277   122561   157739   122219   157901   122027   158129   121787   158357   121259   158849   121151   159017   120899   159167   120671   159431   120401   159977   120017   160169   119699   160697   119267   169097   110819   106277   192611   102551   208139   127487   269387    23087   266549   113717   249947    63587
    63467   249971   113417   266681    22877   269429   127301   208277   102101   169241   106751   173291   106721   173357   106487   173651   106349   173687   106319   173897   106109   174047    98999   181211    98717   181397    98597   181457    98519   181607    98297   181889    98009   182057    97919    95531   225371   110777   177917    71741   152717    10589   257141    13337   166601    30047   216551
   216641    30029   166739    13331   257249    10499   152729    71699   178127   110711   182159    81041   199109    80681   199739    80207   199877    80051   200117    79847   200177    79817   200591    79379   200699    79229   200867    79031   201209    78737   201449    78437   201701    78191   141101   198941    97859   169307   101891   208319   127289   269519    22769   266687   113279   249989    63377
    63299   250007   113177   266759    22721   269561   127241   208469   101771   169889    97841   201881    36821   243209    36791   243239    36587   243521    36479   243809    36161   243911    35897   244217    35771   244481    35381   244691    35159   272201     7649   272411     7541   142151   242129    78137   182177   110129   178247    71549   152777    10457   257297    13259   166841    30011   216719
   217121    29927   166847    13217   257321    10139   152879    71429   178481   109961   182471    78017   272537    53777   226337    53639   226409    53591   226511    53381   226817    53147   226901    52937   227159    52631   227489    52517   227561    52391   227729    52067   228077   139121     7481   202001    97547   170057   101537   208589   127139   269879    22697   266801   113171   250091    62897
    62861   250199   113147   266867    22679   269939   127079   208631   101531   170081    97499   202049     7451   228251    58109   221951    58061   221987    57977   222137    57689   222461    57287   222839    57077   222977    56999   223211    56681   223529    56237   276671    86291    51767   272567    77969   182519   109937   178487    71387   152939    10079   257339    13151   166871    29819   217157
   217199    29759   166967    13127   257381    10037   152981    71129   178859   109919   182639    77951   272771    51719   223919    54539   225569    54437   225671    54269   225767    54011   226169    53819   229631    50291   229841    50069   230081    49727   274931    91331    56099   228299     7247   202067    97379   170099   101159   208889   127037   269981    22637   266891   113051   250259    62819
    62597   250301   113039   266897    22619   270131   126827   209021   101141   170189    97151   202529     7211   228359    55949   230471    40577   239489    40487   239849    39971   240089    39887   240257    39671   240437    39509   240599    39359   141707   238247    49547   224069    51659   272807    77489   182867   109829   178877    70997   153191     9887   257399    13121   166979    29717   217421
   217517    29567   167021    13109   257447     9851   153407    70979   178907   109751   183059    77351   272999    51599   224129    49451   240677   132989   147047   132929   147107   132707   147647   123551   156539   123377   156677   156707   204359    58481    39341   230567    55889   228419     7019   202667    96959   170267   101111   209039   126611   270167    22571   266909   112997   250451    62501
    62459   250619   112979   267017    22391   270269   126461   209249   100907   170537    96851   202679     6971   228479    55817   230807    39317   156749     4817   275339     4349   275729     4079   275969     4019   276011     3881   276827   139079   123269   240701    49211   224201    51539   273047    77339   183167   109481   179111    70769   153557     9749   257627    13001   167039    29399   217559
   217667    29297   167051    12791   257711     9719   153701    70451   179369   109391   183191    77267   273059    51479   224327    49199   240899   123077   276239    41621   238439    41519   238829    41177   238877    41051   243119   135449     3779   156941    39119   230819    55691   228539     6959   202751    96827   170627   100649   209567   126317   270299    22307   267227   112967   250721    62351
    62327   250787   112919   267479    22157   270329   126131   209579   100547   170921    96581   202757     6911   228581    55667   230849    38891   157061     3767   239069    37847   242399    37571   242621    37337   146477   235811    40949   276251   122957   241127    49169   224351    51437   273107    77261   183437   109097   179471    70439   153887     9689   257861    12539   167099    29231   217691
   217829    29147   167117    12497   257981     9491   153911    70379   179549   108971   183461    77201   273149    51431   224429    49157   241271    94949   276257    40847   242819        5   140111   139697   145931   274301    37199   239171     3761   185069    38747   230861    55589   228587     6869   202817    96557   171047   100469   209639   126107   270527    22037   267521   112901   250871    62189
    62081   250889   112859   267581    22031   270539   125921   209789   100361   171131    96431   202877     6737   228611    55439   230999    38501   185177     3659   239231    37019   140717    86399   198347   135281   139301   242999    40787   276359    94841   241517    49019   224579    51407   273281    77141   183587   108887   179657    70229   154097     9479   257987    12437   167159    29129   217937
   217979    28961   167261    12347   258107     9467   154229    70199   179849   108677   183797    77069   273359    51341   224759    48821   241559    94727   276401    38039   243161   274739   188891   140009    91127     5279    36857   241979     3617   185291    38459   231197    55259   228677     6659   202949    96221   171341   100169   209819   125789   270551    21911   267671   112757   251057    62039
    61949   251117   112589   267737    21821   270587   125429   209837   100109   171617    96137   203057     6491   228731    55127   231479    38351   185309     3557   242147   139721   278867   144737    81671   193619     1151   140297    37871   276461    94709   241667    48539   224891    51287   273527    76961   183881   108401   179909    70181   154589     9431   258197    12281   167429    28901   218069
   218381    28859   167441    12269   258317     9257   154619    70157   179969   108377   183959    76697   273569    51137   224909    48407   241691    94649   276527    37379   235289     5717   139907   140321   134087   280013    44729   242639     3491   185369    38327   231611    55109   228881     6449   203321    96059   171641   100049   209861   125399   270761    21701   267749   112577   251159    61637
    61559   251201   112481   267791    21611   270791   125231   209939   100019   171659    95987   203339     6389   228887    55049   231677    38237   185477     3089   237179    44207    37619   242447    37397   242681   133541   242171    42839   276929    94541   241781    48341   224969    51131   273629    76679   184031   108359   179999    70079   154787     9227   258407    12227   167537    28817   218459
   218531    28631   167621    12161   258449     9221   154799    69827   180137   108347   184199    76667   273719    51059   225077    48299   241817   186317   274847   144569    41579   238499    41189   238841    41141   238967    36899   238397     5171    93701    38201   231719    54941   228959     6299   203351    95819   171671    99881   210191   125219   270797    21569   267857   112397   251387    61487
    61469   251477   112289   267899    21491   271067   125141   210209    99839   171827    95747   203387     6221   229127    54869   231779   138647     2099   140939     4679   275669     4289   275939     4049   275999     4007   276137     3191   275201   277919   141371    48239   225149    50891   273797    76631   184271   108191   180179    69809   154877     8951   258527    12119   167729    28541   218549
   218849    28517   167771    11969   258551     8849   155027    69761   180311   108089   184511    76487   273821    50549   225167    39821   237929   221537   132971   147089   132911   147311   132371   156467   123479   156641   123341   123311    75659   147029    42089   240197    54851   229469     6197   203531    95507   171929    99707   210257   124991   271169    21467   268049   112247   251501    61169
    61031   251519   112241   268091    21407   271181   124847   210461    99581   172181    95441   204251     6089   229601     2441   185711    41771    40529   239531    40169   240047    39929   240131    39761   240347    39581   240509    39419   240659   138311   239441    94307   277577    50417   273929    75767   184577   107837   180437    69557   155171     8837   258611    11927   167777    28499   218987
   219017    28409   167879    11807   258617     8807   155219    69491   180491   107687   184649    75707   273971   232307   221261   188687    54449   225581    54347   225749    54251   226007    53849   226199    50387   229727    50177   229949    49937   230291     5087   225479    58757    47711     6047   204311    95369   172331    99527   210527   124799   271211    21401   268211   112139   251609    61001
    60899   251789   112031   268439    21341   271277   124301   220019    99401   172709    95189   204329   156491    44267   193727    58067   221957    58031   222041    57881   222329    57557   222731    57179   222941    57041   223019    56807   223337    56489   223781     3347   221909   235751   123527    75689   184829   107309   180617    59999   155717     8741   258677    11579   167987    28229   219119
   219281    28001   168197    11489   258827     8609   155741    59627   180647   106979   185057    58211   195581   140897    53681   226379    53609   226427    53507   226637    53201   226871    53117   227081    52859   227387    52529   227501    52457   227627    52289   227951    51941   226241    84437   221807    94961   173039    99371   220391   124277   271409    21191   268529   111821   252017    60737
    60647   252101   111791   268547    21101   271517   124097   220667    99317   173141   197711   276347    37889    36809   243227    36779   243431    36497   243539    36209   243857    36107   244121    35801   244247    35537   244637    35327   244859     7817   272369     7607   272477   137867   243197     3671    82307   106877   180701    59351   155921     8501   258917    11471   168227    27917   219371
   219407    27809   168527    11411   258959     8447   156131    59207   181001    95021   157127    81077    80909   199337    80279   199811    80141   199967    79901   200171    79841   200201    79427   200639    79319   200789    79151   200987    78809   201281    78569   201581    78317   201827   138917   198977   122891   184997    99017   220811   123887   271571    21059   268607   111491   252209    60611
    60527   252401   111341   268757    21017   271787   123791   220859   187379   223061    54647   106727   173297   106661   173531   106367   173669   106331   173699   106121   173909   105971   181019    98807   181301    98621   181421    98561   181499    98411   181721    98129   182009    97961   182099   184487   173267    56957    92639    59159   156227     8231   259001    11261   168677    27617   219491
   219761    27509   168869    11177   259121     8009   156437   223331   174257    87407   122741   157457   122279   157799   122117   157991   121889   158231   121661   158759   121169   158867   121001   159119   120851   159347   120587   159617   120041   160001   119849   160319   119321   160751   110921   169199   173741   157229   105761    56687   123581   272009    20897   268841   111149   252509    60257
    60251   252611   111119   269039    20849   272189   160781   176609    53327   105491   174569   105401   174659   105269   174767   105167   175229   104537   175601   104369   175691   104309   175811   103997   176051   103889   176207   103529   176507   103421   176699   103307   176927   103067   177011   102761   177431   190787   174491   103409   119237     7829   259169    10979   168899    27407   219767
   219809    27281   169049    10949   259211   136319   110609     5897    75227   204857    74861   205187    74699   205421    74531   205529    74411   205661    74297   205817    74051   205991    73727   206411    73571   206489    73517   206597    73379   206897    73079   207041    72689   207371    72617   207521    72467   207797   207941   204749   169409   143699    20807   269069   110969   252737    60209
    60167   252779   110951   269219   260081   121271   142799   132329   147761   132137   148079   131927   148157   131687   148457   131501   148721   130859   149249   130619   149561   130307   149759   130079   150131   129719   150377   129587   150617   129221   150929   129011   151157   128621   151499   128411   151667   128201   151871   127637   147671   158747    19937    10799   169067    27239   219851
   219917    27191   169079   274871      251   151049    20747   259379    20441   259619    20327   259841    20051   260441    19469   260717    19211   260861    19139   260987    18959   261071    18671   261431    18461   261707    18257   261887    18059   261971    18041   262079    17909   262127    17747   262337    17669   262391    17477   262697     7877   259229   279767     5147   110939   252827    60101
    60077   252911   173081   121421   146921    35129   244901    34847   245177    34757   245279    34679   245411    34499   253157    26711   253349    26591   253601    26357   253679    26267   253769    26111   253919    25997   254627    25031   255197    24809   255251    24551   255659    24251   255839    24071   255989    23831   256199    23669   256391    19001   244877   158597   106937    27107   219941
   219977   262901   149579    18917    16649   263387    16619   263411    16529   263537    16451   263591    16421   263657    16091   263951    16061   264059    15881   264221    15749   264371    15581   264659    15287   264749    15227   264881    14939   265151    14771   265271    14741   265427    14447   265607    14177   265961    14009   266051    13907   266117   136727   263129   130439    17117    60041
   221021     9281    91079   118751   161309   118457   161741   118247   161807   118061   162059   117899   162209   117797   162287   117659   162629   117269   162779   117101   162947   116867   163169   116819   163337   116549   163481   116531   163637   116177   163859   116027   164039   115901   164249   115751   164291   115631   164429   115571   164471   115019   165551   165857   161087   270737    58997
    44579   142421    34337   245759    33851   246209    33767   246371    33521   246539    33461   246641    33329   246707    33287   246839    33119   246947    32987   247229    32717   247409    32579   247607    32369   247691    32321   247781    32189   247901    32027   248201    31751   248291    31667   248477    31481   248621    31391   248639    31151   248879    30911   249311    30161   245561   235439
   146777    69191   210869    69011   211199    68777   211247    68699   211349    68447   211619    68207   211877    68087   212039    67961   212117    67607   212507    67391   212669    67217   212837    67121   212969    66809   213449    66377   213659    66191   213881    66089   213947    66041   213989    65927   214439    65537   214499    65327   215141    64709   215351    64601   215801    60107   210761
