    74027   206291    73607   206447    73529   206501    73421   206639    73121   206939    72977   207329    72647   207401    72497   207551    72221   207941    72047   208139    71741   208319    71549   208589    71387   208889    70997   209039    70769   209567    70439   209639    70229   209819    70181   209861    70079   210191    69809   210257    69557   210527    69257   210827    69149    68777   279707
   211007    38327   241781    38201   241979    37889   242147    37847   242399    37571   242621    37379   242681    37199   242999    36899   243161    36821   243209    36791   243239    36587   243521    36479   243809    36161   243911    35897   244217    35771   244481    35381   244691    35159   244877    35129   244901    34847   245177    34757   245279    34679   245411    34499   246497   137147    69011
    68819   245561   124277   155921   123887   156227   123581   156467   123527   156539   123377   156677   123311   156749   123077   157061   122891   157229   122741   157457   122279   157799   122117   157991   121889   158231   121661   158597   121271   158759   121169   158867   121001   159119   120851   159347   120587   159617   120041   160001   119849   160319   119321   160751   137957    34457   211199
   211247    34337   160781    21017   259121    20849   259211    20789   259271    20639   259577    20327   259841    20051   260081    19577   260549    19301   260807    19157   260879    19031   261017    18959   261071    18917   261347    18587   261557    18311   261761    18131   261959    18047   261977    17939   262109    17891   262271    17681   262349    17627   263387   137399   119237   245681    68771
    68699   245759   118931   262541    39359   240677    39317   240899    38891   241271    38501   241559    38351   249311    30689   249341    30497   249671    30341   249749    30161   249881    30071   249971    30029   250007    29927   250199    29759   250301    29567   250619    29297   250787    29147   250889    28961   251117    28859   251201    28631   252827   129719    17477   161087    34259   211319
   211349    33851   161267    17321   251501    23831   256199    23669   256391    23549   256661    23297   256901    23087   257141    22769   257297    22697   257339    22637   257399    22571   257627    22307   257861    22037   257987    21911   258197    21701   258407    21569   258527    21467   258611    21401   258677    21191   258917    21059   267857   129587    28517   262697   118751   246167    68669
    68447   246209   118709   262901    28499   266009   136481   143699   136139   144167   135719   144539   135449   144629   135347   144737   135131   144899   135101   144941   134909   145349   134507   145547   134417   145679   134219   145931   133967   146099   133877   146249   133709   146369   133541   146519   133379   146669   133337   132347   152717    14009   251519    17117   161309    33809   211571
   211619    33767   161561    16889   251609    13967   146777    79841   200201    79427   200639    79319   200789    79151   200987    78809   201281    78569   201581    78317   201827    78137   202001    77969   202067    77489   202667    77339   202751    77261   202817    77141   202949    76961   203321    76679   203351    76631   204329   137699   133241   266051    28409   263129   118457   246251    68399
    68207   246371   118277   263369    28229   266111   133169   203531   110921   169199   110777   169307   110609   169889   109961   170081   109919   170189   109751   170537   109391   170921   108971   171131   108677   171617   108377   171659   108347   171827   108089   172181   107687   172709   106979   173081   106877   173297   137321    76487   146849    13907   251789    16649   161741    33647   211811
   211877    33479   161771    16619   252017    13901   146921    75767   173267   127601   152531   127289   152777   127139   152939   127037   153191   126611   153557   126317   153887   126107   154097   125789   154589   125399   154787   125219   154877   124991   155171   124799   155717   115547   164999   114467   165611   137219   106751   204251   133097   266117    28001   263399   118247   246539    68141
    68087   246557   118211   263411    27917   266159   132989   204311   106727   165707   112247   167777   112139   168197   111791   168527   111341   168869   111119   169049   110951   169079   103967   176129   103811   176489   103511   176597   103409   176699   103091   176951   102761   177431   102551    98561   217199   114311   173291    75707   147029    13859   252101    16607   161807    33461   211931
   212039    33377   161957    16529   252209    13841   147047    75659   173357   114299   177917    85991   194267    85427   194687    85247   194819    85037   195161    84659   195389    84521   195581    84131   195929    84047   196379    83579   196541    83357   196751    83219   196901    83009   197207   138389   102101   165719   106661   204359   132971   266177    27809   263489   118061   246641    67979
    67961   246689   117959   263537    27617   266261   132929   204377   106487   165749   101771   197261    40847   239231    40577   239489    40487   239849    39971   240089    39887   240197    39761   240347    39581   240509    39419   268547    11411   268757    11177   269039    10949   151499   228587    82757   178247   114269   173531    75641   147089    13757   252401    16481   162059    33329   212057
   212117    33311   162119    16451   252509    13721   147107    75557   173651   114161   178481    82721   269219    57881   222329    57557   222731    57077   222977    56999   223061    56807   223331    56681   223529    56237   223919    55949   224129    55817   224327    55667   226007   137177    10799   197297   101537   165857   106367   204461   132911   266297    27509   263567   117899   246707    67901
    67607   246731   117809   263591    27407   266369   132707   204587   106331   165941   101531   197597    10781   224429    62081   217979    61949   218381    61559   218531    61469   218849    61031   219017    60899   219281    60647   219407    60527   219761    60251   278651    79901    55589   269237    82421   178487   114077   173687    75431   147311    13649   252611    16427   162209    33287   212411
   212507    33179   162221    16421   252737    13469   147647    75377   173699   113759   178859    82307   269327    55439   219809    58451   221747    58211   221849    58109   221951    58061   221987    57977   226199    53777   226337    53639   226409    53591   271787    90071    60209   224579    10691   197711   101159   166259   106319   204641   132371   266549    27281   263597   117797   246839    67511
    67391   246899   117731   263657    27239   266681   132329   204749   106277   166601   101141   198047    10667   224759    60167   226511    44417   235661    44267   235811    44129   235997    43997   236129    43787   236297    43499   236627    43319   237089   139109    53507   219851    55259   269351    81971   178877   113417   173741    75269   147689    13337   252779    16361   162287    33119   212627
   212669    33071   162359    16091   252911    13331   147761    75227   173897   113279   178907    81839   269387    55127   219911    53381   236867   136769   143291   136541   150929   129011   151049   128861   151607   128351   151817   127979    98621   185291    43151   226637    60107   224891    10631   198179   101111   166739   106121   204791   132257   266687    27107   263927   117659   246947    67349
    67217   247031   117389   263951    26861   266759   132137   204857   106109   166841   100907   198257    10589   224909    60101   226691    43037   180701     7481   272567     7247   272807     7019   273047     6959   273107     6869   274349   138647    99317   236981    53327   219917    55109   269429    81761   179111   113177   173909    75161   147881    13259   253157    16067   162629    32987   212801
   212837    32789   162749    16061   253307    13217   148079    74861   174257   113171   179369    81737   269519    55049   219941    53201   237179    98999   273281    45557   234629    44927   235199    44777   235289    44711   279551    95441     6737   181019    42839   226817    60077   224969    10499   198281   100649   166847   105761   205157   131939   266801    26711   263957   117269   247229    67181
    67121   247301   117239   264059    26669   266867   131927   205187   105527   166871   100547   198347    10457   225077    60041   226871    42509   181211     6659   235397    41621   238439    41519   238829    41177   184829   193649    44621   273359    98807   237509    53147   219977    54941   269561    81671   179471   113147   174491    74831   148091    13151   253349    15959   162779    32717   212897
   212969    32609   162917    15881   253427    13127   148157    74699   174527   113051   179549    81527   269879    54869   220019    53117   237581    98717   273527    44579   238877     3041   277007     2861   279137   137999    41141   235439     6491   181301    42437   226901    59999   225149    10139   198491   100469   166967   105491   205319   131861   266891    26591   264137   117101   247409    67049
    66809   247439   117071   264221    26417   266897   131687   205421   105449   166979   100361   198647    10079   225167    59627   227081    42281   181421     6449   238037    41051   277217    91019   192149   136859     2801   238967    41981   273569    98597   237737    52937   220391    54851   269939    81371   179657   113039   174569    74597   148331    13121   253601    15797   162947    32579   213209
   213449    32411   163151    15749   253661    13109   148457    74531   174617   112997   179849    81359   269981    54647   220667    52859   237791    98519   273629    41771   274739   277751   185849   140009    94169     2267     5279   238247     6389   181499    42227   227159    59351   225371    10037   198659   100169   167021   105401   205487   131561   266909    26357   264269   116867   247607    66569
    66377   247649   116849   264371    26339   267017   131501   205529   105359   167039   100109   198719     9887   225479    59207   227387    42197   181607     6299   238331    79847       17   143159    87869   188999   280001   200171    41687   273719    98411   237821    52631   220811    54539   270131    81299   179909   112979   174659    74489   148517    13001   253679    15647   163169    32369   213641
   213659    32327   163199    15581   253751    12791   148721    74411   174749   112967   179969    81119   270167    54449   220859    52529   237929    98297   273821     3881   217559   142019     3011   277157      881   276977    62459   276137     6197   181721    42089   227489    59159   225569     9851   198899   100049   167051   105269   205607   131297   267227    26267   264437   116819   247691    66359
    66191   247697   116681   264659    26249   267479   130859   205661   105251   167099   100019   198941     9749   225581    59141   227501    42017   181889     6011   227951    86369    41579   238499    41189   238841    95189   238397    52067   274007    98129   238001    52517   220877    54437   270269    81077   179999   112919   174767    74357   149159    12539   253769    15359   163337    32321   213827
   213881    32237   163469    15287   253907    12497   149249    74297   174851   112901   180137    81047   270299    54347   221021    52457   238019    97859   271571   184577    45389   235091    44819   235241    44729   235307      467   234461     8447   182159    41999   227561    58997   225671     9719   198971    99881   167117   105167   205721   130769   267521    26111   264731   116549   247781    66137
    66089   247829   116537   264749    26099   267581   130619   205817   104789   167159    99839   198977     9491   225749    58757   227627   271181   189401   141371     7451   272771     7211   272999     6971   273059     6911   273149     5669   272537    90617     8837    52391   221261    54269   270527    81041   180179   112859   175229    74201   149399    12437   253919    15269   163481    32189   213929
   213947    32117   163487    15227   254021    12347   149561    74051   175481   112757   180311    80909   270539    54251   221537    43541     6221    94727   136727   143477   129089   151007   128969   151157   128411   151667   128201   152039   181397   143249   273797   236477    58481   225767     9479   199109    99707   167261   104537   205967   130457   267671    25997   264791   116531   247901    66071
    66041   247991   116381   264881    25391   267737   130439   215981   104417   167429    99581   199337     9467   226169   128147   181001   140909    44357   235751    44207   235889    44021   236021    43889   236231    43721   236519    43391   236699    42929   235601    99017   151871    53849   270551    80681   180437   112589   175601    64037   149579    12281   254627    15137   163637    32027   213977
   213989    31817   163841    14939   254987    12269   149711    63839   175649   112577   180491    80279   270587   228479    89021   189947    58271   221807    58169   221909    58067   221957    58031   222041    53819   226241    53681   226379    53609   226427     8231   221567   190997    51539     9431   199739    99527   167441   104369   216179   130307   267749    25031   265079   116177   248201    66029
    65927   248267   116159   265151    24821   267791   130259   216329   104327   167537    99401   199811   275669    45491   200117    62039   218069    61637   218459    61487   218549    61169   218987    61001   219119    60737   219371    60611   219491    60257   219767     1367   217937   234527     4349    80207   180617   112481   175691    63689   149759    12227   255197    14867   163859    31751   214091
   214439    31727   163991    14771   255209    12119   149939    63671   175709   112397   180647   216641    62189   142841    57689   222461    57287   222941    57041   223019    56957   223211    56687   223337    56489   223781    56099   224069    55889   224201    55691   224351    54011   222137   217829    63377    99371   167621   104309   216347   130079   267899    24809   265247   116027   248291    65579
    65537   248351   115979   265271    24767   268049   129887   216371   104207   167729   194087    57179    51431    40787   239441    40529   239531    40169   240047    39929   240131    39821   240257    39671   240437    39509   240599    11471   268607    11261   268841    10979   269069   128519   239171   222839    85931   112289   175811    63647   150131    11969   255251    14747   164039    31667   214481
   214499    31541   164117    14741   255467    11927   150377    63617   176021   178127   151397   141629    85751   194591    85331   194771    85199   194981    84857   195359    84629   195497    84437   195887    84089   195971    83639   196439    83477   196661    83267   196799    83117   197009    82811   194027   128621   101891   103997   216401   129641   268091    24551   265277   115901   248477    65519
    65327   248537   115769   265427    24359   268211   129401   216431   176711    84737    62819   112241   167879   111821   168227   111491   168677   111149   168899   110969   169067   110939   176051   103889   176207   103529   176507   103421   176609   103319   176927   103067   177257   102587   177467   181457   167771   195281   103307    63587   150617    11807   255659    14591   164249    31481   214691
   215141    31397   164267    14447   255767    11579   150797    63467    94961   142799   127487   152729   127241   152879   127079   152981   126827   153407   126461   153701   126131   153911   125921   154229   125429   154619   125231   154799   125141   155027   124847   155219   124301   164471   115019   165551   114407   152417   185057   216551   129221   268439    24251   265571   115751   248621    64877
    64709   248627   115727   265607    24179   268529   113717   199967   142697   110819   169241   110711   169409   110129   170057   109937   170099   109829   170267   109481   170627   109097   171047   108887   171341   108401   171641   108359   171671   108191   171929   107837   172331   107309   173039   106937   173141   106721   169097    80051   166301    11489   255839    14411   164291    31391   215309
   215351    31379   164387    14177   255947   152381   173669   142319    79817   200591    79379   200699    79229   200867    79031   201209    78737   201449    78437   201701    78191   201881    78017   202049    77951   202529    77351   202679    77267   202757    77201   202877    77069   203057    76697   203339    76667   203387    75689   200177   106349   127637    24071   265841   115631   248639    64667
    64601   248867   115589   265961   255989   105971   127301   136319   143879   135851   144299   135479   144569   135389   144671   135281   144887   135119   144917   135077   145109   134669   145511   134471   145601   134339   145799   134087   146051   133919   146141   133769   146309   133649   146477   133499   146639   133349   146681   147671   143537   174047    24029    14057   164429    31151   215417
   215801    31139   164447   270329      701   150431    23819   256349    23627   256469    23357   256721    23117   256931    22877   257249    22721   257321    22679   257381    22619   257447    22391   257711    22157   257981    22031   258107    21821   258317    21611   258449    21491   258551    21407   258617    21341   258827    21101   258959    12161   256187   279317     9689   115571   248879    64217
    64109   249107   167987     1907   150299    39341   240701    39119   241127    38747   241517    38459   241667    30707   249329    30677   249521    30347   249677    30269   249857    30137   249947    30047   249989    30011   250091    29819   250259    29717   250451    29399   250721    29231   250871    29129   251057    28901   251159    28817   251387    27191   240659   278111   112031    30911   215909
   215927   251477   103007   142619    20897   259169    20807   259229    20747   259379    20441   259691    20177   259967    19937   260441    19469   260717    19211   260861    19139   260987    19001   261059    18947   261101    18671   261431    18461   261707    18257   261887    18059   261971    18041   262079    17909   262127    17747   262337    17669   262391    16631   259001   177011    28541    64091
   217421    20399   142061   124097   156131   123791   156437   123551   156491   123479   156641   123341   156707   123269   156941   122957   157127   122789   157277   122561   157739   122219   157901   122027   158129   121787   158357   121421   158747   121259   158849   121151   159017   120899   159167   120671   159431   120401   159977   120017   160169   119699   160697   119267   155741   259619    62597
   195071   142871    38237   241817    38039   242129    37871   242171    37619   242447    37397   242639    37337   242819    37019   243119    36857   243197    36809   243227    36779   243431    36497   243539    36209   243857    36107   244121    35801   244247    35537   244637    35327   244859    35141   244889    35117   245171    34841   245261    34739   245339    34607   245519    33521   241691    84947
      311    73727   206411    73571   206489    73517   206597    73379   206897    73079   207041    72689   207371    72617   207521    72467   207797    72077   207971    71879   208277    71699   208469    71429   208631    71129   209021    70979   209249    70451   209579    70379   209789    70199   209837    70157   209939    69827   210209    69761   210461    69491   210761    69191   210869   211241   205991
