    75557   204587    75377   204749    75227   204857    74861   205187    74699   205421    74531   205529    74411   205661    74297   205817    74051   205991    73727   206411    73571   206489    73517   206597    73379   206897    73079   207041    72689   207371    72617   207521    72467   207797    72077   207971    71879   208277    71699   208469    71429   208631    71129   209021    70979    68771   278111
   209249    39929   240131    39821   240257    39671   240437    39509   240599    39359   240677    39317   240899    38891   241271    38501   241559    38351   241691    38237   241817    38039   242129    37871   242171    37619   242447    37397   242639    37337   242819    37019   243119    36857   243197    36809   243227    36779   243431    36497   243539    36209   243857    36107   247697   134669    70769
    70451   244121   127037   153191   126611   153557   126317   153887   126107   154097   125789   154589   125399   154787   125219   154877   124991   155171   124799   155717   124277   155921   123887   156227   123581   156467   123527   156539   123377   156677   123311   156749   123077   157061   122891   157229   122741   157457   122279   157799   122117   157991   121889   161087   134087    35897   209567
   209579    35801   158231    22391   257711    22157   257981    22031   258107    21821   258317    21611   258449    21491   258551    21407   258617    21341   258827    21101   258959    21017   259121    20849   259211    20789   259271    20639   259577    20399   259691    20177   259967    19937   260441    19469   260717    19211   260861    19139   260987    19001   261071   137957   121787   244217    70439
    70379   244247   121661   261059    41141   238967    40949   239171    40787   239441    40529   239531    40169   240047    32327   247781    32189   247901    32027   248267    31727   248351    31541   248537    31397   248627    31379   248867    31139   249107    30707   249329    30677   249521    30347   249677    30269   249857    30137   249947    30047   250091   137849    18959   158357    35771   209639
   209789    35537   158597    18917   249989    26417   253661    26339   253751    26249   253907    26099   254021    25391   254987    24821   255209    24551   255659    24251   255839    24071   255989    23831   256199    23669   256391    23549   256661    23297   256901    23087   257141    22769   257297    22697   257339    22637   257399    22571   265247   130439    30029   261101   121421   244481    70229
    70199   244637   121271   261347    30011   264221   138389   141707   138251   141917   138077   141959   137999   142151   137699   142421   137399   142697   137219   142841   137147   143159   136841   143249   136727   143477   136481   143699   136139   144167   135719   144539   135449   144629   135347   144737   135131   144899   135101   133241   149711    15797   250007    18671   158747    35381   209819
   209837    35327   158759    18587   250199    15647   144941    81761   198281    81671   198491    81371   198659    81299   198899    81077   198971    81041   199109    80681   199739    80207   199877    80051   200117    79847   200177    79817   200591    79379   200699    79229   200867    79031   201209    78737   201449    78437    65519   274007   135077   264371    29819   261431   121259   244691    70181
    70157   244859   121169   261557    29759   264437   134909   201701   112589   167441   112481   167621   112289   167771   112241   167879   111821   168227   111491   168677   111149   168899   110969   169079   110921   169199   110777   169307   110609   169889   109961   170081   109919   170189   109751   170537   109391    87587   221537    78317   145109    15581   250259    18461   158849    35159   209861
   209939    35141   158867    18311   250301    15359   145511    78191   170921   129887   150299   129587   150617   129221   150929   129011   151049   128861   151397   128519   151607   128351   151817   128147   152039   127637   152417   127487   152717   127289   152777   127139   152939   116849   163199   116681   114161   187631   109097   201827   134507   264659    29717   261707   121151   244877    70079
    69827   244889   121001   261761    29567   264731   134471   201881   108971   163469   113177   166847   113147   166967   113039   167021   112979   167051   112919   167117   112859   167261   106109   174047   105527   174527   105449   174617   105359   174749   105251   174851   104789   175481   104417   175709   138977   116549   171047    78137   145547    15287   250451    18257   159017    35129   210191
   210209    35117   159119    18131   250619    15269   145601    78017   171131   116537   175649    87671   192377    87557   192611    87281   192767    87041   193181    86771   193541    86441   193619    86369   193727    86171   194027    85931   194267    85427   194771    85199   194981    84947    66029   267521   104369   163481   108887   202001   134417   264749    29399   261887   120899   244901    69809
    69761   245171   120851   261959    29297   264791   134339   202049   108677   163487   104327   195161    42281   237791    42197   237929    42017   238019    41981   238247    41687   238397    41579   238499    41189   238841    13121   266909    13001   267227    12539   267581    12347   267749   139079    84857   175691   116531   171341    77969   145679    15227   250721    18059   159167    34847   210257
   210461    34841   159347    18047   250787    15137   145799    77951   171617   116381   175811    84737   267737    59627   220667    59207   220859    59141   221021    58757   221567    58271   221807    58169   221909    58067   221957    58031   222041    57881   222329    57557   270797    90527    12281   195281   104207   163637   108401   202067   134219   264881    29231   261971   120671   245177    69557
    69491   245261   120587   261977    29147   265079   133967   202529   108377   163841   103997   195359    12227   222731    63839   216329    63671   216371    63617   216431    63467   216641    63299   217121    62861   217199    62597   217517    62459   217667    62327   274787    81971    57287   267791    84659   176021   116177   171641    77489   146051    14939   250871    18041   159431    34757   210527
   210761    34739   159617    17939   250889    14867   146099    77351   171659   116159   176051    84629   267857    57179   217829    60257   219767    60209   219851    60107   219917    60077   219977    59999   224429    55439   224759    55127   224909    55049   269879    90401    62189   222839    12161   195389   103967   163859   108359   202667   133919   265151    29129   262079   120401   245279    69257
    69191   245339   120041   262109    28961   265271   133877   202679   108347   163991   103889   195497    12119   222941    62039   225077    46049   234029    45887   234149    45827   234197    45779   234281    45677   234431    45557   234527    45389   235439   138917    54941   217979    57077   267899    84521   176129   116027   171671    77339   146141    14747   251057    17909   159977    34679   210827
   210869    34607   160001    17891   251117    14741   146249    77267   171827   115769   176207    84437   268049    57041   218069    54869   235091   139109   141221   138647   148331   131561   148517   131297   149159   130769   149399   130457   101159   180491    44927   225149    61949   222977    11969   195581   103811   164249   108191   202751   133769   265277    28901   262127   120017   245411    69149
    69011   245519   119849   262271    28859   265427   133709   202757   108089   164267   103529   195887    11927   223019    61637   225167    44819   149759     9227   271067     8849   271181     8807   271277     8609   271571     8231   184199   227081   130259   235199    54851   218381    56999   268091    84131   176489   115751   171929    77261   146309    14591   251159    17747   160169    34499   211007
   211199    34457   160319    17681   251201    14447   146369    77201   172181   115727   176507    84089   268211    56957   218459    54647   235241   130079   272009    46877   233201    46751   233327    46601   233669    46271   274667    98717     8009   149939    44777   225371    61559   223061    11807   195929   103511   164291   107837   202817   133649   265571    28817   262337   119699   245561    68819
    68777   245681   119321   262349    28631   265607   133541   202877   107687   164387   103421   195971    11579   223211    61487   225479    44729   178487     7877   233837    43721   236519    43391   236699    43037   237509   139187    46181   272141   101531   235289    54539   218531    56807   268439    84047   176597   115631   172331    77141   146477    14411   251387    17669   160697    34337   211241
   211319    34259   160751    17627   251477    14177   146519    77069   172709   115589   176609    83639   268529    56687   218549    54449   235307   101141   272189    44021   237089     3671   276359     3617   183437   232961    42929   235997     7829   178877    44711   225569    61469   223331    11489   196379   103409   164429   107309   202949   133499   265841    28541   262391   119267   245759    68699
    68669   246167   119237   262541    28517   265961   133349   203057   106979   164447   103319   196439    11471   223337    61169   225581    44621   178907     7649   236021    42839   276461    92657   279761    47609     3557   237179    43997   272369   101111   235397    54437   218849    56681   268547    83579   176699   115571   173039    76961   146669    14057   251501    17477   160781    33851   211349
   211571    33809   161267    17321   251519    14009   146681    76697   173081   115547   176711    83477   268607    56489   218987    54347   235601   100907   272411    43889   237581   278147    94961   140009   185057     1871    42437   236129     7607   179111    44417   225671    61031   223529    11411   196541   103307   164471   106937   203321   133337   266009    28499   262697   118751   246209    68447
    68399   246251   118709   262901    28409   266051   133169   203339   106877   164999   103091   196661    11261   223781    61001   225749    44357   179369     7541   236231   274121    94709   232409      257   187361   185309     5897    43787   272477   100649   235661    54269   219017    56237   268757    83357   176927   115019   173141    76679   146849    13967   251609    17117   161309    33767   211619
   211811    33647   161561    16889   251789    13907   146921    76667   173267   114467   176951    83267   268841    56099   219119    54251   235751   100547   272537   236477     3881    47057     3659   276401    96581   276347   276137    43541     7481   179471    44267   225767    60899   223919    11177   196751   103067   165551   106751   203351   133097   266111    28229   263129   118457   246371    68207
    68141   246497   118277   263369    28001   266117   132989   203387   106727   165611   103007   196799    10979   224069    60737   226007    44207   179549   272771     1427   140831    43499   236627    43319   236981    42509   236297   278591     7247   100469   235811    54011   219281    55949   269039    83219   177011   114407   173291    76631   147029    13901   252017    16649   161741    33521   211877
   211931    33479   161771    16631   252101    13859   147047    76487   173297   114311   177257    83117   269069    55889   219371    53849   235889    91019    92951   181301    46817   233267    46691   233417    46349   233747     5351   233141   187067   188999    44129   226169    60647   224129    10949   196901   102761   165707   106721   203531   132971   266159    27917   263387   118247   246539    68087
    67979   246557   118211   263399    27809   266177   132929   204251   106661   165719   102587   197009    10799   224201    60611   226199   272201   191717    52937     8951   271169     8837   271211     8741   271409     8447   271787    95819   270791    88301     7817    53819   219407    55817   269219    83009   177431   114299   173357    75767   147089    13841   252209    16619   161807    33461   212039
   212057    33377   161957    16607   252401    13757   147107    75707   173531   114269   177467    82811   269237    55691   219491     9467     5171    99527   138797   141371   131687   148457   131501   148721   130859   149249   130619   149561   178859   140909   274847   270551    60527   224327    10781   197207   102551   165749   106487   204311   132911   266261    27617   263411   118061   246641    67961
    67901   246689   117959   263489    27509   266297   132707   204329   106367   165941   102101   197261    10691   224351   131861   215141   141101    45989   234131    45869   234191    45821   234239    45737   234341    45587   234461    45491   234629    44579   233969    64877   148157    55667   269327    82757   177917   114077   173651    75689   147311    13721   252509    16529   162059    33329   212117
   212411    33311   162119    16481   252611    13649   147647    75659   173669   113759   178127    82721   269351   226427    87869   189617    60251   219809    60167   219911    60101   219941    60041   220019    55589   224579    55259   224891    55109   224969    10139   219761   192149    53591    10667   197297   101891   166259   106349   204359   132371   266369    27407   263537   117899   246707    67607
    67511   246731   117809   263567    27281   266549   132347   204377   106331   166301   101771   197597   182867      971   198047    63689   216347    63647   216401    63587   216551    63377   216719    62897   217157    62819   217421    62501   217559    62351   217691     5231   216179   279047    97151    82421   178247   113717   173687    75641   147671    13469   252737    16451   162209    33287   212507
   212627    33179   162221    16427   252779    13337   147689    66137   173699   113417   178481   214091    65579   189491    59351   220811    59159   220877    58997   221261    58451   221747    58211   221849    58109   221951    58061   221987    57977   222137    57689   222461     9221   220391   214439    65927   101537   166601   106319   213881   132329   266681    27239   263591   117797   246839    67391
    67349   246899   117731   263597    27191   266687   132257   213929   106277   166739   179969   189401   140939    42227   237821    42089   238001    41999   238037    41771   238331    41621   238439    41519   238829    41177   266897    13109   267017    12791   267479    12437   267671    12269   237737    90617   100049   113279   173741    66089   147761    13331   252827    16421   162287    33119   212669
   212801    33071   162359    16361   252911    13259   147881    66071   173897    97547    89189    12497    87641   192461    87407   192737    87251   192977    86837   193247    86477   193577    86399   193649    86291   193847    85991   194087    85751   194591    85247   194819    85037   195071   213989   192347   190829   182471   106121   213947   132137   266759    27107   263657   117659   246947    67217
    67181   247031   117389   263927    26861   266801   131939   213977   174257   215309   141041   113171   166871   113051   166979   112997   167039   112967   167099   112901   167159   112757   173909   105971   174491   105491   174569   105401   174659   105269   174767   105167   175229   104537   175601   104309   166841    64709   105761    66041   148079    13217   253157    16091   162629    32987   212837
   212897    32789   162749    16067   253307    13151   148091   217937   182099    92387   129719   150431   129401   150797   129089   151007   128969   151157   128621   151499   128411   151667   128201   151871   127979   152381   127601   152531   127301   152729   127241   152879   127079   163169   116819   163337   165857   150131    97919    62081   131927   266867    26711   263951   117269   247229    67121
    67049   247301   117239   263957    26669   266891   115901   190997    58481   112577   167537   112397   167729   112247   167777   112139   168197   111791   168527   111341   168869   111119   169049   110939   169097   110819   169241   110711   169409   110129   170057   109937   170099   109829   170267   109481   170627   192431   167429    89021   164117    13127   253349    16061   162779    32717   212969
   213209    32609   162917    15959   253427   146639   169067     6011    81737   198347    81527   198647    81359   198719    81119   198941    81047   198977    80909   199337    80279   199811    80141   199967    79901   200171    79841   200201    79427   200639    79319   200789    79151   200987    78809   201281    78569   201581   214499   198257   110951   133379    26591   264059   117101   247409    66809
    66569   247439   117071   264137   255251   112031   130307   138311   141767   138101   141941   138059   142019   137867   142319   137597   142619   137321   142799   137177   142871   136859   143177   136769   143291   136541   143537   136319   143879   135851   144299   135479   144569   135389   144671   135281   144887   135119   144917   146777   141629   167987    24767    15881   162947    32579   213449
   213641    32411   163151   264269     9887   149579    26357   253679    26267   253769    26111   253919    25997   254627    25031   255197    24809   255467    24359   255767    24179   255947    24029   256187    23819   256349    23627   256469    23357   256721    23117   256931    22877   257249    22721   257321    22679   257381    22619   257447    14771   253601   270131    15749   116867   247607    66377
    66359   247649   115979     8501   142169    41051   239069    40847   239231    40577   239489    40487   239849    39971   247691    32237   247829    32117   247991    31751   248291    31667   248477    31481   248621    31391   248639    31151   248879    30911   249311    30689   249341    30497   249671    30341   249749    30161   249881    30071   249971    29927   238877   271517   164039    32369   213659
   213827    31817   150377   142061    22307   257861    22037   257987    21911   258197    21701   258407    21569   258527    21467   258611    21401   258677    21191   258917    21059   259001    20897   259169    20807   259229    20747   259379    20441   259619    20327   259841    20051   260081    19577   260549    19301   260807    19157   260879    19031   261017    18947   257627   129641   248201    66191
   215927   236867   145931   126827   153407   126461   153701   126131   153911   125921   154229   125429   154619   125231   154799   125141   155027   124847   155219   124301   155741   124097   156131   123791   156437   123551   156491   123479   156641   123341   156707   123269   156941   122957   157127   122789   157277   122561   157739   122219   157901   122027   158129   118931   152981    43151    64091
   194687   145349    39887   240197    39761   240347    39581   240509    39419   240659    39341   240701    39119   241127    38747   241517    38459   241667    38327   241781    38201   241979    37889   242147    37847   242399    37571   242621    37379   242681    37199   242999    36899   243161    36821   243209    36791   243239    36587   243521    36479   243809    36161   243911    32321   240089    85331
     1907    75431   204641    75269   204791    75161   205157    74831   205319    74597   205487    74489   205607    74357   205721    74201   205967    74027   206291    73607   206447    73529   206501    73421   206639    73121   206939    72977   207329    72647   207401    72497   207551    72221   207941    72047   208139    71741   208319    71549   208589    71387   208889    70997   209039   211247   204461
