    81077   198971    81041   199109    80681   199739    80207   199877    80051   200117    79847   200177    79817   200591    79379   200699    79229   200867    79031   201209    78737   201449    78437   201701    78191   201881    78017   202049    77951   202529    77351   202679    77267   202757    77201   202877    77069   203057    76697   203339    76667   203387    76487   204251    75707    74861   266111
   204329    44729   235307    44621   235439    44417   235661    44267   235811    44129   235997    43997   236129    43787   236297    43541   236519    43391   236699    43151   236981    42929   237179    42509   237581    42281   237791    42197   237929    42017   238019    41981   238247    41687   238397    41579   238499    41189   238841    41141   238967    40949   239171    40787   240347   137321    75689
    75659   239441   132911   147311   132371   147671   132329   147761   132137   148079   131927   148157   131687   148457   131501   148721   130859   149249   130619   149561   130439   149711   130259   149939   129887   150299   129641   150431   129401   150797   129089   151007   128969   151157   128621   151499   128411   151667   128201   151871   127979   152381   127601   152981   136841    40577   204359
   204377    40529   152531    27809   252509    27407   252737    27239   252827    27107   253157    26711   253349    26591   253601    26357   253679    26267   253769    26111   253919    25997   254627    25031   255197    24809   255251    24551   255659    24251   255839    24071   255989    23831   256199    23669   256391    23549   256661    23297   256901    23087   258917   135449   127487   239489    75641
    75557   239531   127301   257141    45779   234281    45677   234431    45557   234527    45389   235091    44819   235241    36587   243539    36209   243857    36107   244121    35801   244247    35537   244637    35327   244859    35141   244889    35117   245171    34841   245261    34739   245339    34607   245519    34457   245681    34259   246167    33809   246557   137177    22877   152717    40487   204461
   204587    40169   152729    22769   246251    30911   249311    30689   249341    30497   249671    30341   249749    30161   249881    30071   249971    30029   250007    29927   250199    29759   250451    29399   250721    29231   250871    29129   251057    28901   251159    28817   251387    28541   251501    28499   251609    28229   252017    27917   269981   120401    33767   257249   127289   239849    75431
    75377   240047   127241   257297    33647   260081     2267   277889     2099   278087     1907   278147     1811   278321     1559   278591     1409   278651     1301   278741     1217   278867     1109   279047      887   279137      839   279221      701   279431      467   279557      359   279707      257   279767      239   279977       17   142061   276671    19937   246371    22721   152777    39971   204641
   204749    39929   152879    22697   246497    19577   280013    87701   192347    87641   192431    87557   192611    87281   192767    87041   193181    86771   193541    86441   193619    86369   193727    86171   194027    85931   194267    85427   194687    85247   194819    85037   195071    84857   195281    84659   195389    84521   198491   135389        5   260441    33521   257321   127139   240089    75269
    75227   240131   127079   257339    33479   260717   139907   195581   117239   162917   117071   163151   116849   163199   116681   163469   116537   163487   116381   163841   116159   163991   115979   164117   115769   164267   115727   164387   115589   164447   115547   164999   114467   165611   114311   165719   114269   112481   191621    84437   140111    19301   246539    22679   152939    39887   204791
   204857    39821   153191    22637   246641    19211   140297    84131   165857   135077   145109   134669   145511   134471   145601   134339   145799   134087   146051   133919   146141   133769   146309   133649   146477   133379   146669   133337   146777   133169   146921   132989   147047   132929   157277   122561   108971   177257   114161   195887   139721   260807    33377   257381   126827   240197    75161
    74831   240257   126611   257399    33329   260861   139697   195929   114077   157739   118457   161741   118247   161807   118061   162059   117899   162209   117731   162359   117389   162749   111491   168677   111149   168899   110969   169067   110939   169097   110819   169241   110711   169409   110129    99371   209567   122279   165941    84089   140321    19157   246689    22619   153407    39761   205187
   205319    39581   153557    22571   246707    19139   140717    84047   166259   122219   170057    93701   186437    93371   186689    93257   186959    92951   187091    92801   187337    92669   187361    92639   187559    92387   187637    92357   187721    92111   188021    91757   188519    91397   192149   135347   109961   157799   113759   195971   139301   260879    33311   257447   126461   240437    74699
    74597   240509   126317   257627    33287   260987   139187   196379   113717   157991   109937   188687    46997   233117    46877   233201    46751   233327    46601   233669    46049   234029    45887   234149    45827   234197    16619   263411    16529   263537    16451   263591    16421   174491   228479    91331   170081   122027   166301    83639   140831    19031   246731    22391   153701    39509   205421
   205487    39419   153887    22307   246839    19001   140897    83579   166601   121889   170099    91127   263657    65519   214691    64877   215309    64667   215417    64217   215909    64091   215981    63839   216329    63671   216371    63617   216431    63467   216641    63299   173669   182177    16361   188891   109919   158129   113417   196439   139121   261017    33179   257711   126131   240599    74531
    74489   240659   126107   257861    33119   261059   139109   196541   113279   158231   109829   188939    16091   217121    70079   210191    69809   210257    69557   210827    69149   211007    68819   211241    68771   211319    68669   211571    68399   211811    68141   174047   176507    62897   263927    91079   170189   121787   166739    83477   140909    18959   246899    22157   153911    39359   205529
   205607    39341   154097    22037   246947    18947   140939    83357   166841   121661   170267    91019   263951    62861   211931    66359   213827    66137   213929    66071   213977    66029   214091    65579   219119    60737   219371    60611   219491    60257   266549    88019    68087   217157    16067   188999   109751   158357   113177   196661   139079   261071    33071   257981   125921   240677    74411
    74357   240701   125789   257987    32987   261101   138977   196751   113171   158597   109481   189041    16061   217199    67979   219767    51431   228611    51341   228731    51137   228887    51059   229127    50549   229601    50387   229727    50177   265961   103409    60251   212039    62819   263957    90977   170537   121421   166847    83267   141041    18917   247031    22031   154229    39317   205661
   205721    39119   154589    21911   247229    18671   141101    83219   166871   121271   170627    90641   264059    62597   212057    60167   229949     2861   277217     2687   277427     2441   277601     2381   143537   136139   144167   135719   185069   232871    50069   219851    67961   217421    15959   189377   109391   158747   113147   196799   138917   261347    32789   258107   125429   240899    74297
    74201   241127   125399   258197    32717   261431   138797   196901   113051   158849   109097   189401    15881   217517    67901   219911    49937   144539    13121   266909    13001   267227    12539   267521    12437   267671    12281   180311   227081   135479   230081    60107   212117    62501   264137    90617   170921   121169   166967    83117   141221    18587   247301    21821   154619    38891   205817
   205967    38747   154787    21701   247409    18461   141371    83009   166979   121151   171131    90527   264221    62459   212411    60101   230291   135281   267749    52457   227627    52289   227951    51941   228251    51719   268529    99317    12269   144737    49727   219917    67607   217559    15797   189491   108887   158867   113039   197009   138647   261557    32609   258317   125231   241271    74051
    74027   241517   125219   258407    32579   261707   138389   197207   112997   159017   108677   189617    15749   217667    67511   219941    49547   144887    12227   228359    48407   231719    48197   232079    47711   266681   105269    51659   267791   135131   230471    60077   212507    62351   264269    90401   171341   121001   167021    82811   141629    18311   247439    21611   154799    38501   205991
   206291    38459   154877    21569   247607    18257   141707    82757   167039   120899   171617    90089   264371    62327   212627    60041   230567   135119   267899    51599   232409     7481   272567     7247   185849   226901    47609   228419    12119   144899    49451   219977    67391   217691    15647   189929   108401   159119   112979   197261   138311   261761    32411   258449   125141   241559    73727
    73607   241667   124991   258527    32369   261887   138251   197297   112967   159167   108377   189947    15581   217829    67349   220019    49211   144917    11969   228539    47111   272807    96959    96557   226511     7211   232907    51479   268049   135101   230807    59999   212669    62189   264437    90071   171641   120851   167051    82721   141767    18131   247649    21491   155027    38351   206411
   206447    38327   155171    21467   247691    18059   141917    82421   167099   120671   171659    89897   264659    62081   212801    59627   230819   106721   268091    51437    14591    99881   269561   140009    10457   180137   265427   228581    11927   173297    49199   220391    67217   217937    15359   190121   108359   159347   112919   197597   138101   261959    32327   258551   124847   241691    73571
    73529   241781   124799   258611    32321   261971   138077   197711   112901   159431   108347   190391    15287   217979    67181   220667    49169   173531    11807   231479   277007   266759    53507   183461   183059    13259     3011    48539   268211   106487   230849    59351   212837    62039   264731    89627   171671   120587   167117    82307   141941    18047   247697    21407   155219    38237   206489
   206501    38201   155717    21401   247781    18041   141959    81971   167159   120041   171827    89231   264749    61949   212897    59207   230861   106367   268439   231839   185789    53117     7451   272771    94169   272537    94229    48179    11579   173651    49157   220811    67121   218069    15269   190787   108191   159977   112859   198047   138059   261977    32237   258617   124301   241817    73517
    73421   241979   124277   258677    32189   262079   137999   198179   112757   160001   108089   190829    15227   218381    67049   220859    49019   173687   269429     3671   174749    48299   231821    47939   232307    13337   231611   276347    10589   106331   230999    59159   212969    61637   264791    89189   171929   120017   167261    81839   142019    17939   247829    21341   155741    38039   206597
   206639    37889   155921    21191   247901    17909   142151    81761   167429   119849   172181    89021   264881    61559   213209    59141   231197   231779    96431   180701    52391   227729    52067   228077    51767   228299    11489   227561   183587    48239    48821   220877    66809   218459    15137   190997   107837   160169   112589   198257   137867   262109    32117   258827   124097   242129    73379
    73121   242147   123887   258959    32027   262127   137849   198281   112577   160319   107687   191021    14939   218531    66569   221021   231677   273281    52937    13109   267017    12791   267479    12497   267581    12347   267737    99707   266897     6737    48341    58997   213449    61487   265079    88997   172331   119699   167441    81737   142169    17891   247991    21059   156131    37871   206897
   206939    37847   156227    21017   248201    17747   142319    81671   167621   119321   172709    88919   265151    61169   213641    47969     9851    47147     2801   277331     2591   277577     2417   277637   136481   143879   135851   144299    94949   277157   270167   232049    66377   218849    14867   191099   107309   160697   112397   198347   137699   262271    31817   259001   123791   242171    73079
    72977   242399   123581   259121    31751   262337   137597   198647   112289   160751   106979   191297    14771   218987    47207   173357   176609    51407   228677    51287   228881    51131   228959    50891   229469    50417   229631    50291   229841    14057   228587   106661   232811    61031   265247    88721   173039   119267   167729    81371   142421    17681   248267    20897   156437    37619   207041
   207329    37571   156467    20849   248291    17669   142619    81359   167771   119237   173081    88499   265271   219809   266261   191999    66191   213881    66089   213947    66041   213989    65927   214439    60899   219281    60647   219407    60527   219761    13469   213659    13757    60209    14747   191519   106937   160781   112247   198659   137399   262349    31727   259169   123551   242447    72689
    72647   242621   123527   259211    31667   262391   137219   198719   112241   161087   106877   191717   267857    98807   103511    69827   210209    69761   210461    69191   210869    69011   211199    68777   211247    68699   211349    68447   211619    68207   211877   105971   209939   181211    12161    88301   173141   118931   167777    81299   142799    17627   248351    20807   156491    37397   207371
   207401    37379   156539    20789   248477    17477   142871    81119   167879   118751   173267   210527    69257    97841    65327   215141    64709   215351    64601   215801    64109   215927    64037   216179    63689   216347    63647   216401    63587   216551    63377   216719   106349   214499   210761    69491   106751   161267   112139   198899   137147   262541    31541   259229   123479   242639    72617
    72497   242681   123377   259271    31481   262697   136859   208631   112031   161309   106727    61469    51539    46901   233141    46817   233267    46691   233417    46349   233969    45989   234131    45869   234191    45821   263399    16607   263489    16481   263567    16427   263597   105527   233021   218549   173291   118709   167987    71387   143159    17321   248537    20747   156641    37337   207521
   207551    37199   156677    20639   248621    17117   143249    71129   168197   117797   232709   144671    93581   186647    93329   186761    93059   187067    92927   187217    92681   187349    92657   187379    92459   187631    92381   187661    92297   187907    91997   188261    91499   188621    87869   186317    47309   162221   111821   208889   136769   262901    31397   259379   123341   242819    72467
    72221   242999   123311   259577    31391   263129   136727   209021   168227   185177    70451   118277   161771   118211   161957   117959   162119   117809   162287   117659   162629   117269   168527   111341   168869   111119   169049   110951   169079   110921   169199   110777   169307   110609   169889   180647   161561    94841   111791    70997   143291    16889   248627    20441   156707    37019   207797
   207941    36899   156749    20399   248639    16649   143477   214481   158759   102761   134909   145349   134507   145547   134417   145679   134219   145931   133967   146099   133877   146249   133709   146369   133541   146639   133349   146681   133241   146849   133097   147029   132971   147089   122741   157457   171047   144941   121259    65537   136541   263369    31379   259619   123269   243119    72077
    72047   243161   123077   259691    31151   263387   136319    46181    88397   117101   162947   116867   163169   116819   163337   116549   163481   116531   163637   116177   163859   116027   164039   115901   164249   115751   164291   115631   164429   115571   164471   115019   165551   114407   165707   114299   165749   167537   162779   233837   143699    16631   248867    20327   156941    36857   207971
   208139    36821   157061    20177   248879    14177   276137   144629    87671   192377    87587   192461    87407   192737    87251   192977    86837   193247    86477   193577    86399   193649    86291   193847    85991   194087    85751   194591    85331   194771    85199   194981    84947   195161    84737   195359    84629   195497    81527   192317     3881   265841    31139   259841   122957   243197    71879
    71741   243209   122891   259967   250301   233747     3347     2129   277919     1931   278111     1871   278207     1697   278459     1427   278609     1367   278717     1277   278801     1151   278909      971   279131      881   279179      797   279317      587   279551      461   279659      311   279761      251   279779       41   280001   137957   277751    46271    29717    20051   157127    36809   208277
   208319    36791   157229   260549    13331   159617    30707   249329    30677   249521    30347   249677    30269   249857    30137   249947    30047   249989    30011   250091    29819   250259    29567   250619    29297   250787    29147   250889    28961   251117    28859   251201    28631   251477    28517   251519    28409   251789    28001   252101    10037   249107   266687    19469   122789   243227    71699
    71549   243239   122117     8447   142841    45737   234341    45587   234461    45491   234629    44927   235199    44777   243431    36479   243809    36161   243911    35897   244217    35771   244481    35381   244691    35159   244877    35129   244901    34847   245177    34757   245279    34679   245411    34499   245561    34337   245759    33851   246209    33461   234239   271571   157901    36779   208469
   208589   243521   146519   144569    27509   252611    27281   252779    27191   252911    26861   253307    26669   253427    26417   253661    26339   253751    26249   253907    26099   254021    25391   254987    24821   255209    24767   255467    24359   255767    24179   255947    24029   256187    23819   256349    23627   256469    23357   256721    23117   256931    21101   252209   133499    36497    71429
   219017    27617   143177   132707   147647   132347   147689   132257   147881   131939   148091   131861   148331   131561   148517   131297   149159   130769   149399   130457   149579   130307   149759   130079   150131   129719   150377   129587   150617   129221   150929   129011   151049   128861   151397   128519   151607   128351   151817   128147   152039   127637   152417   127037   147107   252401    61001
   179657   142697    44711   235397    44579   235601    44357   235751    44207   235889    44021   236021    43889   236231    43721   236477    43499   236627    43319   236867    43037   237089    42839   237509    42437   237737    42227   237821    42089   238001    41999   238037    41771   238331    41621   238439    41519   238829    41177   238877    41051   239069    40847   239231    39671   235289   100361
    13907    81047   198977    80909   199337    80279   199811    80141   199967    79901   200171    79841   200201    79427   200639    79319   200789    79151   200987    78809   201281    78569   201581    78317   201827    78137   202001    77969   202067    77489   202667    77339   202751    77261   202817    77141   202949    76961   203321    76679   203351    76631   203531    75767   204311   205157   198941
