    85991   194087    85751   194591    85331   194771    85199   194981    84947   195161    84737   195359    84629   195497    84437   195887    84089   195971    83639   196439    83477   196661    83267   196799    83117   197009    82811   197261    82721   197597    82307   198047    81839   198257    81737   198347    81527   198647    81359   198719    81119   198941    81047   198977    80909    79031   257399
   199337    48407   231677    48299   231779    48197   231839    47969   232079    47711   232409    47309   232811    47147   232907    47057   233021    46901   233141    46817   233267    46691   233417    46349   233747    46181   233969    45989   234131    45869   234191    45821   234239    45737   234341    45587   234461    45491   234629    44927   235199    44777   235289    44711   236519   137399    80681
    80279   235397   136727   143477   136481   143699   136139   144167   135719   144539   135449   144629   135347   144737   135131   144899   135101   144941   134909   145349   134507   145547   134417   145679   134219   145931   133967   146099   133877   146249   133709   146369   133541   146519   133379   146669   133337   146777   133169   146921   132989   147047   132929   132371   152729    44621   199739
   199811    44579   147107    31379   248867    31139   249107    30707   249329    30677   249521    30347   249677    30269   249857    30137   249947    30047   249989    30011   250199    29759   250301    29567   250619    29297   250787    29147   250889    28961   251117    28859   251201    28631   251477    28517   251519    28409   251789    28001   252101    27809   263369   127037   132911   235439    80207
    80141   235601   132707   252401    49451   230807    49199   230849    49157   230999    48821   231479    40529   239531    40169   240047    39929   240131    39821   240257    39671   240437    39509   240599    39359   240677    39317   240899    38891   241271    38501   241559    38351   241691    38201   241979    37889   242147    37847   242399    37571   256931   123479    27617   147311    44417   199877
   199967    44357   147671    27509   242621    34337   245759    33809   246251    33647   246497    33479   246557    33377   246689    33311   246731    33179   246899    33071   247031    32789   247301    32609   247439    32411   247649    32327   247697    32237   247829    32117   247991    31817   248267    31727   248351    31541   248537    31397   261887   125789    37397   252509   132347   235661    80051
    79901   235751   132329   252611    37379   248627     5279   274787     5189   274847     5147   274931     4931   275129     4871   275201     4679   275669     4289   275939     4049   275999     4007   276137     3779   276251     3761   276347     3659   276401     3557   276527     3461   276629     3347   276767     3191   276929     3041   277889   137699    31391   242639    27407   147689    44267   200117
   200171    44207   147761    27281   242681    23117   277007    92669   187361    92639   187559    92387   187637    92357   187721    92111   188021    91757   188519    91397   188687    91127   188939    91019   189041    90641   189401    90527   189617    90089   189947    89897   190391    89231   190829    89021   191021    88919   191717   138101     3011   256901    37337   252737   132257   235811    79847
    79841   235889   132137   252779    37199   257141     2861   191297   122117   157991   121889   158231   121661   158597   121271   158759   121169   158867   121001   159119   120851   159347   120587   159617   120041   160001   119849   160319   119321   160751   119237   161087   118751   161309   118457   161741   118247   162947   137147    88721   277157    22877   242819    27239   147881    44129   200177
   200201    44021   148079    27191   242999    22769   277217    88499   161807   139301   140831   139121   140909   139079   141041   138917   141221   138647   141629   138311   141767   138077   141959   137999   142061   137867   142169   137597   142697   137219   142841   136859   143177   136769   152417   127487   125231   157061   118211   191519     2801   257249    37019   252827   131939   235997    79817
    79427   236021   131927   252911    36899   257297     2687   191621   118061   152717   123527   156641   123341   156707   123077   157127   122789   157277   122561   157739   122219   164387   115589   164447   115547   164999   114467   165611   114311   165719   114161   165941   113759   166301   113417   111821   186761   127301   161957    88397   277331    22721   243119    27107   148091    43997   200591
   200639    43889   148157    26861   243161    22697   277427    88019   162059   127241   166739    97841   182471    97499   182639    97151   183059    96851   183191    96581   183461    96431   183797    96137   183959    95987   184199    95747   184487    95507   184577    95369   184829    95021    94307   229127   113279   152777   117959   191999     2591   257321    36857   253157   131861   236129    79379
    79319   236231   131687   253307    36821   257339     2441   192149   117899   152879   113177   185057    51341   228731    51137   228887    51059   229469    50417   229631    50291   229841    50069   230081    49727   230471    20639   259577    20399   259691    20177   259967    19937   170057   228611    94961   166841   127139   162119    87869   277577    22679   243197    26711   148331    43787   200699
   200789    43721   148457    26669   243209    22637   277601    87767   162209   127079   166847    94841   260441    69191   210869    69011   211199    68777   211247    68699   211349    68447   211619    68207   211877    68087   212039    67961   212117    67607   212507    67391   279767    72221    19577   185177   113171   152939   117809   192251     2417   257381    36809   253349   131561   236297    79229
    79151   236477   131501   253427    36791   257447     2381   192317   117797   153191   113147   185291    19469   212669    74201   205967    73727   206411    73571   206489    73517   206597    73379   206897    73079   207041    72689   207371    72617   207521    72467   272141    74489    67349   260549    94727   166871   126827   162221    87701   277637    22571   243227    26591   148517    43541   200867
   201209    43391   148721    26417   243239    22391   277751    87671   162287   126611   166967    94709   260717    67217   207941    70181   209861    70079   210191    69809   210257    69557   210527    69257   214499    65327   215141    64709   215351    64601   169199   181607    72077   212801    19301   185309   113051   153407   117731   192347     2267   257627    36779   253601   131297   236627    78809
    78737   236699   130859   253661    36587   257711     2099   192377   117659   153557   113039   185369    19157   212837    72047   215801    54851   225371    54539   225569    54437   225671    54269   225767    54011   226169    53819   226241    53681   265271   100469    64217   207971    67181   260861    94649   166979   126461   162359    87641   277919    22307   243431    26357   149159    43319   201281
   201449    43151   149249    26339   243521    22157   278087    87587   162629   126317   167021    94541   260879    67121   208139    64109   226379     5879   274277     5717   274349     5657   274517     5351   274709      461   279707   279779       17   139697    53639   215909    71879   212897    19139   185477   112997   153701   117389   192431     1931   257861    36497   253679   130769   236867    78569
    78437   236981   130619   253751    36479   257981     1907   192461   117269   153887   112979   185621    19031   212969    71741   215927    53609   279977    16427   263597    16361   263927    16067   263957    15959   264137    15797   179111   224759       41   226409    64091   208277    67049   260987    94397   167039   126131   162749    87557   278111    22037   243539    26267   149399    43037   201581
   201701    42929   149561    26249   243809    22031   278147    87407   162779   126107   167051    94229   261017    66569   208319    64037   226427        5   264269    55691   224351    55589   224579    55127   224909    55049   265079    99707    15749   280013    53591   215981    71699   213449    19001   185789   112967   153911   117239   192611     1871   257987    36209   253769   130457   237089    78317
    78191   237179   130439   253907    36161   258107     1811   192737   116867   154097   112919   185849    18959   213641    71549   216179    53507   140111    15647   225077    52457   227729    52067   228077    51767   262697   105269    54941   264371   139907   226511    63839   208469    66377   261059    94169   167099   125921   163151    87281   278207    21911   243857    26111   149579    42839   201827
   201881    42509   149711    26099   243911    21821   278321    87251   163169   125429   167117    94121   261071    66359   208631    63671   226637   139721   264437    54869   228299    11177   269039    10139   181211   228479    51719   225149    15581   140297    53381   216347    71387   213659    18947   185897   112901   154589   116849   192767     1697   258197    36107   253919   130307   237509    78137
    78017   237581   130259   254021    35897   258317     1559   192977   116819   154619   112859   186107    18671   213827    70997   216371    53327   168527    15359   227387    51659   269069    98519   100649   220859    10949   228359    52631   264659   111491   226691    63647   209021    66191   261347    93911   167159   125399   163199    87041   278459    21701   244121    25997   149759    42437   202001
   202049    42281   149939    25391   244217    21611   278591    86837   163337   125219   167261    93827   261431    66137   209039    63617   226817   111341   264749    52529   228581   270131   262349   140009    17669     9887    51437   227489    15269   168677    53201   216401    70979   213881    18587   186191   112757   154799   116681   193181     1427   258407    35801   254627   130079   237737    77969
    77951   237791   129887   254987    35771   258449     1409   193247   116549   154877   112589   186299    18461   213929    70769   216431    53147   168899    15227   227501   181457    98129    59159   179369   181499   181889    98561    52517   264791   111119   226871    63587   209249    66089   261557    93719   167429   125141   163469    86771   278609    21569   244247    25031   150131    42227   202067
   202529    42197   150299    24821   244481    21491   278651    86477   163481   124991   167441    93701   261707    66071   209567    63467   226901   110969   264881    14867    62861    51539    10979   269879    98807   268841   217157   265151    15137   169049    53117   216551    70451   213947    18311   186317   112577   155027   116537   193541     1367   258527    35537   255197   129719   237821    77489
    77351   237929   129641   255209    35381   258551     1301   193577   116531   155171   112481   186437    18257   213977    70439   216641    52937   110951   265247   221849   174749    52289   227951    51941   228251    17321   227561    58169    14771   169067   227081    63377   209579    66041   261761    93581   167537   124847   163487    86441   278717    21467   244637    24809   150377    42089   202667
   202679    42017   150431    24767   244691    21407   278741    86399   163637   124799   167621    93371   261959    66029   209639    63299   227159   169889    98597   180311    55667   224429    55439   224891    55109   224969    14939   224327   181421   110129    52859   216719    70379   213989    18059   186647   112397   155219   116381   193619     1277   258611    35327   255251   129587   238001    77339
    77267   238019   129401   255467    35159   258617     1217   193649   116177   155717   112289   186689    18047   214091    70229   217121   227627   273527    55259    16421   263657    16091   263951    16061   264059    15881   264221   100907   263591     6491    52391    62897   209789    65927   261971    93329   167729   124301   163841    86369   278801    21401   244859    24551   150617    41999   202751
   202757    41981   150797    24359   244877    21341   278867    86291   163859   124277   167771    93059   261977    65579   209819    51479    11261   140321     5741   274301     5669   274361     5501   274667     5309   279557      311      239   280001   274139   268757   228539    70199   214439    18041   186959   112247   155741   116159   193727     1151   258677    35141   255659   129221   238037    77261
    77201   238247   129089   255767    35129   258827     1109   193847   116027   155921   112241   187067    17939   214481     6389   263411   179549    54647   225479    54449   225581    54347   225749    54251   226007    53849   226199    53777   226337    14747   225167    16607   273629    65537   262079    92951   167777   124097   163991    86171   278909    21191   244889    24251   150929    41771   202817
   202877    41687   151007    24179   244901    21101   279047    75431   164039   123887   167879    92927   262109   106937   205187    98411    70157   209939    69827   210209    69761   210461    69491   210761    65519   214691    64877   215309    64667   215417   110819   209837    74831   173081    17909   187091   112139   156131   115979   204587      971   258917    35117   255839   129011   238331    77141
    77069   238397   128969   255947    34847   258959      887   204641   115901   156227   112031   187217   264731   102761   205529    74051   206291    73607   206447    73529   206501    73421   206639    73121   206939    72977   207329    72647   207401    72497   207551     7877   205817   177257    15287    92801   167987   123791   164117    75377   279131    21059   245171    24071   151049    41621   202949
   203057    41579   151157    24029   245177    21017   279137    75269   164249   123581   168227   266867    71429   207797    69149   211007    68819   211241    68771   211319    68669   211571    68399   211811    68141   211931    67979   212057    67901   212411    67511   212627      251   210827   208589    13151   111791   156437   115769   204749      881   259001    34841   255989   128861   238439    76961
    76697   238499   128621   256187    34757   259121      839   204791   115751   156467   106877    98297    51407    51287   228881    51131   228959    50549   229601    50387   229727    50177   229949    49937   230291    49547   259379    20441   259619    20327   259841    20051   260081   109961   228677   181721   173141   123551   164267    75227   279179    20897   245261    23831   151397    41519   203321
   203339    41189   151499    23819   245279    20849   279221    75161   164291   114269   208889    50891    97547   182519    97379   182867    96959   183167    96827   183437    96557   183587    96221   183881    96059   184031    95819   184271    95531   184511    95441   184649    95189   184997   185711   182177    71129   165749   115727   204857      797   259169    34739   256199   128519   238829    76679
    76667   238841   128411   256349    34679   259211      701   205157   173531   168869    93257   123377   156677   123311   156941   122891   157229   122741   157457   122279   157799   115631   164429   115571   164471   115019   165551   114407   165707   114299   165857   114077   166259   113717   166601   168197   156491   111149   106487    74861   279317    20807   245339    23669   151607    41177   203351
   203387    41141   151667    23627   245411    20789   279431   205991    98621   122957   139187   140897   139109   140939   138977   141101   138797   141371   138389   141707   138251   141941   138059   142019   137957   142151   137849   142421   137321   142799   137177   143159   136841   143249   127601   152531   154787   140717   181397    74027      587   259229    34607   256391   128351   238877    76631
    76487   238967   128201   256469    34499   259271      257    66809   142871   122027   158129   121787   158357   121421   158747   121259   158849   121151   159017   120899   159167   120671   159431   120401   159977   120017   160169   119699   160697   119267   160781   118931   161267   118709   161561   118277   161771   117071   157901   213209   279761    20747   245519    23549   151817    41051   203531
   204251    40949   151871    23357   245561   261101   274007   141917    92657   187379    92459   187631    92381   187661    92297   187907    91997   188261    91499   188621    91331   188891    91079   188999    90977   189377    90617   189491    90401   189929    90071   190121    89627   190787    89189   190997    88997   191099    88301   187349     6011    18917    34457   256661   128147   239069    75767
    75707   239171   127979   256721    33851      467   142319     5231   274829     5171   274871     5087   275087     4889   275147     4817   275339     4349   275729     4079   275969     4019   276011     3881   276239     3767   276257     3671   276359     3617   276461     3491   276557     3389   276671     3251   276827     3089   276977     2129   274739   279551   246167    23297   152039    40847   204311
   204329    40787   152381   260807   216329   154229    34259   246209    33767   246371    33521   246539    33461   246641    33329   246707    33287   246839    33119   246947    32987   247229    32717   247409    32579   247607    32369   247691    32321   247781    32189   247901    32027   248201    31751   248291    31667   248477    31481   248621    18131   245681    63689    19211   127637   239231    75689
    75659   239441   123269      359   156539    49211   230819    49169   230861    49019   231197    48539   239489    40487   239849    39971   240089    39887   240197    39761   240347    39581   240509    39419   240659    39341   240701    39119   241127    38747   241517    38459   241667    38327   241817    38039   242129    37871   242171    37619   242447    23087   230567   279659   156749    40577   204359
   204377   241781   162917   152981    31151   248879    30911   249311    30689   249341    30497   249671    30341   249749    30161   249881    30071   249971    30029   250007    29819   250259    29717   250451    29399   250721    29231   250871    29129   251057    28901   251159    28817   251387    28541   251501    28499   251609    28229   252017    27917   252209    16649   248639   117101    38237    75641
   204461    29927   127289   136541   143537   136319   143879   135851   144299   135479   144569   135389   144671   135281   144887   135119   144917   135077   145109   134669   145511   134471   145601   134339   145799   134087   146051   133919   146141   133769   146309   133649   146477   133499   146639   133349   146681   133241   146849   133097   147029   132971   147089   147647   143291   250091    75557
   185069   142619    48341   231719    48239   231821    48179   232049    47939   232307    47609   232709    47207   232871    47111   232961    46997   233117    46877   233201    46751   233327    46601   233669    46271   233837    46049   234029    45887   234149    45827   234197    45779   234281    45677   234431    45557   234527    45389   235091    44819   235241    44729   235307    43499   231611    94949
    22619    85931   194267    85427   194687    85247   194819    85037   195071    84857   195281    84659   195389    84521   195581    84131   195929    84047   196379    83579   196541    83357   196751    83219   196901    83009   197207    82757   197297    82421   197711    81971   198179    81761   198281    81671   198491    81371   198659    81299   198899    81077   198971    81041   199109   200987   194027
