   109433   590609   109379   590753   109139   591089   108893   591137   108497   591659   108263   591827   107873   592139   107717   592307   107357   592727   107243   592973   106823   593387   106487   593573   106373   593903   106019   593993   105983   594107   105557   594569   105389   594899   104933   595157   104759   595277   104693   595547   104393   595709   103997   596027   103913   596117   103643   596423   103217   598049   346223
   596927    33569   666527    33359   666857    33023   667013    32987   667427    32429   667643    32309   667769    32189   667949    31973   668159    31397   668687    31307   668747    31193   668867    30983   669029    30893   669167    30677   669413    30347   669869    30119   669947    29867   670217    29663   670577    29423   670619    29333   670763    29153   670877    28817   671303    28649   671603    28289   681137   338033   103079
   103043   671729   239849   460373   239597   460463   239417   460619   239333   460709   239087   460937   239027   461147   238709   461333   238499   461609   238313   461843   237857   462239   237563   462719   237233   462827   237143   462953   236723   463433   236549   463787   236087   464129   235793   464327   235559   464483   235307   464963   235013   464999   234917   465173   234713   465407   234587   466247   346547    28277   596963
   597053    28229   465809    12323   687737    12239   687779    12197   687893    11939   688073    11909   688139    11789   688223    11369   688733    11243   688889    11027   689033    10739   689393    10313   689867    10133   689903     9887   690377     9587   690467     9497   690533     9377   690869     8969   691199     8669   691343     8597   691433     8543   691583     8369   691709     8243   693743   346259   234197   671777   102953
   102797   672059   234089   691787    66629   633473    66509   633623    66377   633767    66173   633923    65993   634079    65837   634307    65633   634397    65357   634679    65213   634859    65063   634979    65003   635087    64667   635507    64439   635603    64157   635939    64037   636149    63743   636287    63647   636407    63533   636533    63467   636563    63353   636809    63059   639083   346187     8219   465917    27947   597209
   597353    27779   465977     8087   637067    58427   641639    58217   641813    58109   642197    57773   642419    57383   642833    57107   642947    56963   643199    56633   643463    56453   643589    56123   643919    55997   644057    55889   644519    55457   644669    55259   644789    55163   644933    54983   645137    54773   645383    54563   645467    54503   645629    54323   649217   344207    62939   691919   234029   672227   102653
   102587   672317   233489   691997    62927   645713   326147   373943   325943   374117   325883   374333   325607   374687   325217   374819   325019   375029   324893   375233   324647   375413   324557   375509   324473   375569   324299   376049   323879   376307   323537   376757   322877   377147   322709   377393   322463   377687   321983   378593   321323   378779   321077   379163   347057    54293   637079     8009   466517    27689   597419
   597473    27449   466649     7907   637283    54269   378953   190313   509723   190097   510077   189437   510617   189239   510989   188843   511487   188483   511703   188249   511859   187469   512543   187433   512597   187349   512843   186959   513059   186869   513353   186587   513767   186107   514013   185957   514103   185819   514313   185483   514529   185369   183317   679157   321053   645737    62723   692099   233357   672557   102533
   102407   672767   232823   692249    62687   645839   320699   514643   307079   393059   306749   393299   306533   393587   306329   393797   306149   393977   305999   394073   305849   394223   305639   394409   305483   394529   305369   394643   305267   394787   304979   395069   304847   395243   304553   395657   303803   396239   303713   396323   303593   303119   442139   185363   379307    54167   637319     7757   467183    27239   597599
   597677    27179   467297     7673   637379    53993   379319   185267   396509    16703   683357    16553   683477    16493   683687    16229   683783    16217   683819    16097   683933    16067   684119    15767   684269    15359   684773    15149   684869    15083   684989    14897   685247    14669   685367    14369   685679    14033   686009    13967   696077   338993   303497   514739   320687   646013    62627   692333   232709   672827   102329
   102317   672863   232607   692399    62597   646067   320609   514823   303473   686099     3347   696887     2927   697127     2789   697373     2609   697457     2423   697673     2273   697877     2069   697967     2027   698183     1733   698297     1667   698387     1613   698447     1523   698507     1439   698723     1277   698903      953   699197   348419    13907   396533   185183   379397    53939   637409     7607   467399    27143   597689
   597803    26987   467507     7583   637499    53849   379667   185153   396629    13829   699059   275987   424037   275837   424223   275573   424547   275447   424667   275039   425003   274817   425297   274697   425423   274517   425549   274403   425783   274187   425903   274019   426077   273773   426287   273653   426389   273269   272477   503207      947   686177   303377   514853   320339   646157    62507   692423   232499   673019   102203
   102107   673157   232457   692459    62477   646193   320303   514949   303293   686453      929   426773   150287   549767   149867   550169   149717   550379   149579   550607   149249   550937   149033   551093   148667   551489   148457   551813   148157   551927   148073   552029   147827   552263   147689   552659   147299   554699   346349   273233   699077    13553   396713   185057   379703    53813   637529     7547   467549    26849   597899
   597929    26813   467699     7253   637709    53699   379787   184727   396719    13487   699119   273113   552809   264083   435947   263909   436157   263723   436439   263399   436739   262853   437273   262649   437363   262313   437753   262187   437867   261977   438047   261773   438419   261563   438989   260999   445307   342347   147197   426893      887   686519   303287   515279   320219   646307    62297   692753   232307   673193   102077
   101999   673223   232109   692927    62219   646397   320153   515357   303053   686639      719   427073   147107   439133   327827   372269   327707   372377   327317   372797   327203   373007   326663   373349   316907   383147   316853   383303   316577   383633   316193   383969   315977   384107   315893   312677   420317   260873   552899   272933   699287    13367   396953   184649   379853    53609   637787     7079   467897    26783   598007
   598127    26759   467903     7043   637817    53147   379979   184577   397037    13217   699323   272927   552917   260849   384203   313889   386153   313727   386369   313517   387017   312929   387227   312743   387269   312383   387917   312029   388109   311747   388319   311603   388727   311183   389273   347933   315803   439157   147089   427079      683   686789   302969   515429   320027   646859    62189   692963   232103   673247   101879
   101627   673313   232079   693089    61703   646889   320009   515519   302747   686843      569   427103   146933   439199   315779   389057   241643   458543   241343   458669   241259   458879   241049   458993   240959   459113   240797   459383   240257   459803   239933   460127   228257   472643   348407   310949   384227   260807   553073   272903   699437    13163   397259   184487   379997    53117   638303     6917   467927    26693   598379
   598643    26393   468059     6869   638423    53093   380189   184409   397283    13127   699443   272759   553229   260753   384407   310889   471803   121889   578309   121607   578453   121523   578537   121403   578693   121229   579107   120767   579503   120473   579707   120293   587219   341339   228203   389117   315599   439253   146777   427247      563   686879   302723   515597   319817   646913    61583   693137   231947   673613   101363
   101279   673619   231893   693149    61553   646937   319679   515873   302579   686897      557   427403   146543   439289   315569   389447   228113   579773   222713   477359   222329   477809   222149   477899   222059   477977   221849   478199   221603   478679   221219   480329   347873   120233   471893   310559   384437   260717   553463   272603   699449    13109   397427   184133   380327    53069   638453     6857   468113    26387   598727
   598799    26357   468473     6827   638459    52973   380333   184013   397433    13043   699527   272567   553529   260543   384479   310439   471929   119747   478913   288389   411779   287939   412073   287873   412157   287813   412457   287387   412949   286973   417293   344957   221093   580259   228077   389567   315527   439463   146477   427439      479   686963   302573   515993   319673   647033    61547   693179   231533   673649   101207
   100937   673667   231479   693317    61343   647039   319589   516209   302513   686969      467   427457   146423   439667   315407   389723   227873   580373   221069   413243   285113   415187   284489   415523   284447   415577   284057   416147   283763   283133   482597   286763   478937   119633   472133   310283   384599   260339   553583   272549   699539    13037   397493   183797   380417    52967   638663     6689   468527    26339   599069
   599153    26237   468647     6653   638999    52937   380459   183713   397547    12983   699557   272093   553589   260207   384737   310223   472469   119627   479147   286589   416399   210173   490019   209837   490463   209147   490967   208877   208217   632327   283607   413417   220859   580379   227537   389783   315269   439799   146417   427913      449   687023   302459   516293   319547   647069    61007   693353   231359   673769   100853
   100733   673817   231323   693437    60953   647117   319169   516323   302417   687083      389   427967   146273   440039   315179   389819   227207   580577   219983   413537   283463   491219    95273   604787    95177   604997    94889   611999   342899   208787   416543   286469   480023   119429   472799   310187   384827   259967   553733   272039   699617    12923   397589   183683   380837    52889   639053     6569   468683    26189   599273
   599303    25889   468737     6473   639137    52859   380879   183569   398063    12899   699767   272009   553757   259829   385079   310049   472817   119243   480047   286427   417089   208673   605393   207287   492893   206993   498803   344039    94613   491333   282917   413579   219959   580763   227189   389957   314927   440177   146249   427997      239   687107   301943   516437   319127   647147    60869   693533   231269   674117   100703
   100493   674159   231107   693677    60737   647189   319097   516617   301877   687317       59   428003   145799   440183   314879   390077   227159   580919   219839   413807   282833   491339    94529   493067   279857   161309   608843   206939   605477   208667   417173   286199   480167   119087   472847   309929   385127   259823   554207   272003   699947    12689   398129   183389   380909    52817   639269     6329   468899    25847   599513
   599537    25733   468953     6323   639563    52673   380957   183383   398213    12647   699953   271967   554303   259667   385193   309899   472859   118907   480209   285953   417239   208589   605543   206897   678989   350003    21017   493109    94463   491417   282767   414053   219797   581099   227147   390107   314813   440339   145703   428039       53   687359   301793   516623   319049   647333    60443   693683   231053   674273   100469
   100403   674363   230969   693689    60317   647453   318683   516839   301703   687437        5   428177   145589   440507   314807   390209   226553   581333   219707   414179   282389   491429   606323   486797    91163   538697   420149   213209    93683   208577   417617   285827   480299   118673   473453   309797   385199   259499   554417   271829   700001    12569   398303   183167   381323    52553   639689     6317   469037    25643   599603
   599663    25523   469439     6197   639713    52529   381377   183059   398357    12413   350039   271703   554573   259157   385379   309599   473519   118457   480317   285539   417623   492413    85853   355967   207113   493013   201203   492719   614153   207593   282383   414467   219689   581549   226487   390407   314627   440849   145433   428303   349967   687593   301649   516947   318629   647477    60293   693809   230567   674483   100343
   100313   674537   230393   694019    60167   647489   318473   516959   301583   695327   349919   428369   145259   440987   314603   390503   226427   581597   219503   414629   282287   488513   357107    95219   604829    95009   605117    88007   604733   211493   417719   285377   480503   118409   473579   309503   385403   259019   554747   271637   350087     4679   398423   183047   381533    52517   639839     5987   469613    25469   599693
   600167    25307   469649     5927   639857    52379   381629   182933   398543     4637   350093   271517   554753   258977   385493   309479   473597   118343   480569   414779   548189    67679   209987   490169   209543   490859   209039   491129   491789   489833   151817   285227   219437   581663   226409   390527   314513   441029   145253   428489   349913   695369   301463   517073   318377   647627    60149   694079   230357   674699    99839
    99767   674759   230213   694193    59999   647693   318347   517079   301247   695777   349793   428639   145037   441179   314399   390647   226283   581729   219293   277919   217409   284819   415517   284483   415559   284429   415949   283859   416243   416873   414893   422087   480713   118277   473723   309359   385607   258827   554969   271367   350213     4229   398759   182927   381659    52313   640007     5813   469793    25247   600239
   600293    25169   470207     5783   640049    52259   381707   182789   398933     4139   350219   271163   555119   258743   385739   309269   473789   117833   476603   355049   288227   412067   287933   412133   287849   412193   287549   412619   287057   413033   282713   411617   223403   582173   226217   390737   314267   441263   144887   428843   349787   695867   301073   517217   318299   647747    59957   694223   229799   674837    99713
    99689   674879   229763   694313    59879   647753   317969   517367   300869   695873   349553   429083   144839   441443   314213   390869   480419   571037   352133   222647   477677   222197   477857   222107   477947   222029   478157   221807   478403   221327   478787   219677   477293   128969   219587   309137   385793   258563   555167   270923   350453     4133   399137   182639   382037    52253   640127     5693   470243    25127   600317
   600659    24977   470279     5657   640259    52223   382103   182603   399149     4127   350663   270659   555287   258527   385817   409007   203999   358667   121697   578399   121553   578483   121469   578603   121313   578777   120899   579239   120503   579533   120299   579713   112787   578117   496007   290999   314189   441479   144719   429347   349343   695879   300857   517403   317903   647783    59747   694349   229727   675029    99347
    99317   675083   229703   694367    59699   648029   317777   517457   300809   695927   349043   429413   144413   441557   314063   284897   351599   241463   458663   241337   458747   241127   458957   241013   459047   240893   459209   240623   459749   240203   460073   239879   471749   227363   458363   415109   385943   258449   555593   270593   350963     4079   399197   182549   382229    51977   640307     5639   470303    24923   600689
   600833    24809   470417     5519   640589    51899   382553   182537   399227     4007   351179   270539   555683   478259   443129   352073   313853   386279   313637   386489   312989   387077   312779   387263   312737   387623   312089   387977   311897   388259   311687   388403   311279   388823   310733   386117   256877   221747   144323   429467   348827   695999   300779   517469   317453   648107    59417   694487   229589   675197    99173
    99149   675239   229553   694523    59393   648239   317363   517487   300743   696083   348527   429497   558287   209639   279689   327737   372299   327629   372689   327209   372803   326999   373343   326657   383099   316859   383153   316703   383429   316373   383813   316037   384029   315899   384113   387329   372179   490367   141719   270509   351479     3923   399263   182519   382643    51767   640613     5483   470453    24767   600857
   600983    24659   470597     5387   640649    51749   382727   182453   399689     3767   351563   270329   134087   357659   264059   436097   263849   436283   263567   436607   263267   437153   262733   437357   262643   437693   262253   437819   262139   438029   261959   438233   261587   438443   261017   439007   254699   435923   565919   429677   348443   696239   300317   517553   317279   648257    59357   694619   229409   675347    99023
    98963   675413   229343   694919    59273   648293   317159   517589   300119   696617   366467   578999   353657   150239   550139   149837   550289   149627   550427   149399   550757   149069   550973   148913   551339   148517   551549   148193   551849   148079   551933   147977   552179   147743   552317   147347   552707   145307   549719   121007   333539     3389   399887   182417   382847    51713   640733     5087   470663    24593   601043
   601067    24413   470783     5009   640847    51329   382883   182387   399983   344327   678659   196799   275969   424169   275783   424433   275459   424559   275339   424967   275003   425189   274709   425309   274583   425489   274457   425603   274223   425819   274103   425987   273929   426233   273719   426353   273617   426737   427529   424019    21347   355679   300023   517619   317123   648677    59159   694997   229223   675593    98939
    98927   675827   229139   695003    59063   648719   317087   517877   400943   332393   351587     3119   697079     2879   697217     2633   697397     2549   697583     2333   697733     2129   697937     2039   697979     1823   698273     1709   698339     1619   698393     1559   698483     1499   698567     1283   698729     1103   699053      809   696659   367613   299063   182129   382919    51287   640943     5003   470867    24179   601079
   601379    24083   471137     4937   641093    51203   383069   523763   385877   361013    16649   683453    16529   683513    16319   683777    16223   683789    16187   683909    16073   683939    15887   684239    15737   684647    15233   684857    15137   684923    15017   685109    14759   685337    14639   685637    14327   685973    13997   686039     3929   683303   314129   176243   316937   648803    58913   695069   228869   675923    98627
    98519   675929   228797   695087    58727   649157   383909   498647   257867   306947   393257   306707   393473   306419   393677   306209   393857   306029   394007   305933   394157   305783   394367   305597   394523   305477   394637   305363   394739   305219   395027   304937   395159   304763   395453   304349   396203   303767   396293   303683   396413   396887   392927   201359   316097    50849   641279     4919   471209    24077   601487
   601883    24029   471299     4889   641327   652667   306377    20849   190283   509909   189929   510569   189389   510767   189017   511163   188519   511523   188303   511757   188147   512537   187463   512573   187409   512657   187163   513047   186947   513137   186653   513419   186239   513899   185993   514049   185903   514187   185693   514523   185477   514637   516689   509693   393629    47339    58679   695117   228707   675977    98123
    98057   676217   228617   695207   642737    35963   352949   326063   374063   325889   374123   325673   374399   325319   374789   325187   374987   324977   375113   324773   375359   324593   375449   324497   375533   324437   375707   323957   376127   323699   376469   323249   377129   322859   377297   322613   377543   322319   378023   321413   378683   321227   378929   320843   373859   664043    57269     4799   471389    23789   601949
   602033    23753   471467     3593    47513   355799    58367   641789    58193   641897    57809   642233    57587   642623    57173   642899    57059   643043    56807   643373    56543   643553    56417   643883    56087   644009    55949   644117    55487   644549    55337   644747    55217   644843    55073   645023    54869   645233    54623   645443    54539   645503    54377   645683    50789   641579   652493   696413   228539   676253    97973
    97967   676259   474017   686669   353819    66533   633497    66383   633629    66239   633833    66083   634013    65927   634169    65699   634373    65609   634649    65327   634793    65147   634943    65027   635003    64919   635339    64499   635567    64403   635849    64067   635969    63857   636263    63719   636359    63599   636473    63473   636539    63443   636653    63197   636947    60923   633377    13337   225989    23747   602039
   602087   677927   213887   353747    12269   687767    12227   687809    12113   688067    11933   688097    11867   688217    11783   688637    11273   688763    11117   688979    10973   689267    10613   689693    10139   689873    10103   690119     9629   690419     9539   690509     9473   690629     9137   691037     8807   691337     8663   691409     8573   691463     8423   691637     8297   691763     6263   687683   486119    22079    97919
   602453     2957   353459   239633   460409   239543   460589   239387   460673   239297   460919   239069   460979   238859   461297   238673   461507   238397   461693   238163   462149   237767   462443   237287   462773   237179   462863   237053   463283   236573   463457   236219   463919   235877   464213   235679   464447   235523   464699   235043   464993   235007   465089   234833   465293   234599   465419   233759   460157   697049    97553
    84263   361973    33479   666647    33149   666983    32993   667019    32579   667577    32363   667697    32237   667817    32057   668033    31847   668609    31319   668699    31259   668813    31139   669023    30977   669113    30839   669329    30593   669659    30137   669887    30059   670139    29789   670343    29429   670583    29387   670673    29243   670853    29129   671189    28703   671357    28403   671717    18869   666437   615743
   353783   109397   590627   109253   590867   108917   591113   108869   591509   108347   591743   108179   592133   107867   592289   107699   592649   107279   592763   107033   593183   106619   593519   106433   593633   106103   593987   106013   594023   105899   594449   105437   594617   105107   595073   104849   595247   104729   595313   104459   595613   104297   596009   103979   596093   103889   596363   103583   596789   101957   590573
