   111833   588239   111659   588383   111497   588683   111269   588743   111227   588953   111029   589187   110597   589439   110477   589877   109883   590489   109469   590573   109397   590627   109253   590867   108917   591113   108869   591509   108347   591743   108179   592133   107867   592289   107699   592649   107279   592763   107033   593183   106619   593519   106433   593633   106103   593987   106013   594023   105899   596789   343913
   594449    35897   664253    35603   664583    35393   664667    35327   664739    35159   665123    34739   665303    34499   665549    34403   665723    34259   665789    33863   666233    33569   666527    33359   666857    33023   667013    32987   667427    32429   667643    32309   667769    32189   667949    31973   668159    31397   668687    31307   668747    31193   668867    30983   669029    30893   669167    30677   675977   340937   105557
   105437   669413   241979   458123   241817   458327   241643   458543   241343   458669   241259   458879   241049   458993   240959   459113   240797   459383   240257   459803   239933   460127   239849   460373   239597   460463   239417   460619   239333   460709   239087   460937   239027   461147   238709   461333   238499   461609   238313   461843   237857   462239   237563   462719   237233   462827   237143   237053   573647    30593   594569
   594617    30347   463283    13907   686177    13553   686519    13367   686669    13217   686843    13127   686897    13043   686969    12983   687083    12899   687317    12647   687437    12413   687683    12269   687767    12227   687809    12113   688067    11933   688097    11867   688217    11783   688637    11273   688763    11117   688979    10973   689267    10613   689693    10139   689873    10103   691583   346223   236723   669659   105389
   105107   669869   236573   690119    68819   631229    68699   631409    68477   631559    68147   632123    67853   632273    67709   632327    67559   632459    67523   632699    67289   633197    66797   633257    66629   633473    66509   633623    66377   633767    66173   633923    65993   634079    65837   634307    65633   634397    65357   634679    65213   634859    65063   634979    65003   635339   347513     9887   463433    30137   594899
   595073    30119   463457     9629   635087    60737   639563    60317   639713    60167   639857    59999   640049    59879   640259    59699   640589    59393   640649    59273   640847    59063   641093    58727   641327    58427   641639    58217   641813    58109   642197    57773   642419    57383   642737    57173   642899    57059   643043    56807   643373    56543   643553    56417   644789   346553    64919   690377   236549   669887   104933
   104849   669947   236219   690419    64499   643883   328589   371627   328373   371663   328109   371939   328007   372023   327869   372167   327827   372269   327707   372377   327317   372797   327203   373007   326663   373349   326147   373943   325943   374117   325883   374333   325607   374687   325217   374819   325019   375029   324893   375233   324647   375413   324557   378779   344969    56123   635507     9587   463787    30059   595157
   595247    29867   463919     9539   635567    56087   375509   192887   507329   192407   507743   192053   508037   191903   508223   191747   508349   191507   508559   191297   508817   191033   509027   190709   509393   190577   509477   190403   509693   190283   509909   189929   510569   189389   510767   189017   511163   188519   511523   188303   511757   188147   185183   674483   324497   643919    64439   690467   236087   670139   104759
   104729   670217   235877   690509    64403   644009   324473   512537   309599   390503   309479   390647   309269   390869   308939   391073   308723   391367   308519   391679   308249   391889   307919   392423   307529   392669   307283   392837   307079   393059   306749   393299   306533   393587   306377   393677   306209   393857   306029   394007   305933   305639   436607   187469   375533    55997   635603     9497   464129    29789   595277
   595313    29663   464213     9473   635849    55949   375569   187463   394157    19013   681047    18917   681137    18839   681257    18713   681419    18443   681677    18287   681773    17957   682259    17729   682337    17579   682673    17327   683303    16649   683453    16529   683513    16319   683777    16223   683789    16187   683909    16073   684119   347873   305849   512543   324437   644057    64157   690533   235793   670343   104693
   104459   670577   235679   690629    64067   644117   324299   512573   305783   683939     4937   695087     4889   695207     4679   695369     4229   695867     4133   695879     4079   695999     3929   696083     3767   696413     3389   696659     3119   697049     2927   697127     2789   697373     2609   697457     2423   697673     2273   698273   348407    16067   394223   187433   375707    55889   635939     9377   464327    29429   595547
   595613    29423   464447     9137   635969    55487   376049   187409   394409    15767   697877   277919   422249   277643   422369   277547   422759   277217   423053   276833   423179   276707   423413   276503   423557   276389   423713   276257   423869   275999   424019   275969   424169   275783   424433   275459   424559   275339   272009   501173     2129   684239   305597   512597   323957   644519    64037   690869   235559   670583   104393
   104297   670619   235523   691037    63857   644549   323879   512657   305483   684269     2069   424967   152003   548039   151937   548123   151817   548363   151607   548453   151517   548753   151169   548843   151049   549503   150497   549533   150383   549683   150299   549719   150239   550139   149837   550289   149627   554417   344243   275039   697937    15737   394523   187349   376127    55457   636149     8969   464483    29387   595709
   596009    29333   464699     8807   636263    55337   376307   187163   394529    15233   697967   275003   550427   266129   433889   265757   434267   265709   434303   265619   434459   265193   434849   265079   435107   264827   435257   264743   435563   264437   435647   264353   435839   264113   435923   264059   448067   336887   149579   425003     2039   684773   305477   512843   323699   644669    63743   691199   235307   670673   103997
   103979   670763   235043   691337    63719   644747   323537   513047   305369   684857     2027   425189   149399   436097   330047   370133   329789   370613   329387   370673   329123   371087   328829   371339   328619   380837   319127   380909   319049   381323   318629   381533   318377   381659   318299   314189   406499   263909   550607   274817   697979    15149   394637   186959   376469    55259   636287     8669   464963    29243   596027
   596093    29153   464993     8663   636359    55163   376757   186947   394643    15137   698183   274709   550757   263849   382037   315977   384107   315893   384203   315779   384407   315569   384479   315407   384737   315179   385079   314879   385193   314627   385403   314513   385607   314267   388319   346439   317969   436157   149249   425297     1823   684869   305363   513059   323249   644843    63647   691343   235013   670853   103913
   103889   670877   235007   691433    63599   644933   322877   513137   305267   684923     1709   425309   149069   436283   317903   385793   244217   455849   243857   456167   243239   456809   242867   457277   242639   457403   242453   457559   242399   457697   242093   469439   230393   469793   337907   314213   382103   263723   550937   274697   698297    15083   394739   186869   377129    55073   636407     8573   464999    29129   596117
   596363    28817   465089     8543   636473    54983   377147   186653   394787    14897   698339   274583   550973   263567   382229   314129   469649   124433   575579   124337   575867   123887   576203   123719   576299   123323   577043   122939   577397   122579   577517   122477   580763   345689   230357   385877   317777   436439   149033   425423     1667   685109   305219   513353   322859   645023    63533   691463   234917   671189   103643
   103583   671303   234833   691637    63473   645233   322709   513419   304979   685247     1619   425489   148913   437153   317453   385943   229799   577613   224423   475679   224309   475877   224033   476087   223823   476249   223637   476429   223529   476513   223403   222107   603947   122393   470207   314063   382553   262853   551093   274517   698387    14759   395027   186587   377297    54773   636533     8369   465173    28703   596423
   596927    28649   465293     8297   636539    54623   377393   186239   395069    14669   698393   274457   551339   262733   382643   313889   470243   122267   476639   291293   408719   290999   409043   290669   409349   290627   409517   290189   409823   290039   286973   472799   223367   577739   229763   386117   317363   437273   148667   425549     1613   685337   304937   513767   322613   645383    63467   691709   234713   671357   103079
   103043   671603   234599   691763    63443   645443   322463   513899   304847   685367     1559   425603   148517   437357   317279   386153   229727   577799   223253   410117   287939   412073   287873   412157   287813   412457   287387   412949   286763   413579   349043   289889   476753   122207   470279   313853   382727   262649   551489   274403   698447    14639   395159   186107   377543    54563   636563     8243   465407    28403   596963
   597053    28289   465419     8219   636653    54539   377687   185993   395243    14369   698483   274223   551549   262643   382847   313727   470303   122069   476759   289763   413417   212117   488009   211949   488513   211433   488603   211373   488687   349343   286589   410243   223247   577937   229703   386279   317159   437363   148457   425783     1523   685637   304763   514013   322319   645467    63353   691787   234587   671717   102953
   102797   671729   234197   691919    63197   645503   321983   514049   304553   685679     1499   425819   148193   437693   317123   386489   229589   577979   222857   410687   286469   488723    97673   602453    97463   602627    97367   611459   340979   211283   413537   289319   477149   122027   470417   313517   382883   262313   551813   274187   698507    14327   395453   185957   378023    54503   636809     8087   465809    28277   597209
   597353    28229   465917     8009   636947    54377   378593   185903   395657    14033   698567   274103   551849   262253   382919   312989   470453   121889   477293   289103   413807   211247   602999   208787   491333   208667   495899   345329    97007   488759   286199   410903   222713   578117   229553   387017   317087   437753   148157   425903     1439   685973   304349   514103   321413   645629    63059   691997   234089   671777   102653
   102587   672059   234029   692099    62939   645683   321323   514187   303803   686009     1283   425987   148079   437819   316937   387077   229409   578309   222647   411167   285953   488909    96959   491417   281717   429719   338573   208589   603047   211097   414053   288839   477359   121697   470597   312929   383069   262187   551927   274019   698723    13997   396203   185819   378683    54323   637067     7907   465977    27947   597419
   597473    27779   466247     7757   637079    54293   378929   185693   396239    13967   698729   273929   551933   262139   383099   312779   470663   121607   477677   288773   414179   210827   603149   208337   406859   350003   293147   491669    96857   489179   285827   411233   222329   578399   229343   387227   316907   437867   148073   426077     1277   686039   303767   514313   321077   645713    62927   692249   233759   672227   102533
   102407   672317   233489   692333    62723   645737   321053   514523   303713   693809     1103   426233   147977   438029   316859   387263   229223   578453   222197   411479   285539   489197   605477   486797   361433   270287   418289   213209    94529   210809   414467   288527   477809   121553   470783   312743   383147   261977   552029   273773   698903     6197   396293   185483   378953    54269   637283     7673   466517    27689   597599
   597677    27449   466649     7607   637319    54167   379163   185477   396323     5987   699053   273719   552179   261959   383153   312737   470867   121523   477857   288389   414629   490967    84737   354677   208673   491339   204107   491219   615269   209039   285377   411617   222149   578483   229139   387269   316853   438047   147827   426287      953   694019   303683   514529   320843   645839    62687   692399   233357   672557   102329
   102317   672767   232823   692423    62627   646013   320699   514637   303593   694079      947   426353   147743   438233   316703   387329   228869   578537   222059   411779   415559   207377   359027    97553   602543    97379   602639    88547   602333   492629   284447   288227   477947   121469   471137   312677   383303   261773   552263   273653   699059     5927   396413   185369   379307    53993   637379     7583   467183    27239   597689
   597803    27179   467297     7547   637409    53939   379319   185363   396509     5783   699077   273617   552317   261587   383429   312383   471209   121403   477977   285113   281579   350663   211997   488057   211493   488573   211403   488633   211319   487889   418427   414893   222029   578603   228797   387623   316577   438419   147689   426389      929   694223   303497   514643   320687   646067    62597   692459   232709   672827   102203
   102107   672863   232607   692753    62507   646157   320609   514739   303473   694313      887   426737   147347   438443   316373   387917   228707   578693   480419   535169   350963   287933   412133   287849   412193   287549   412619   287057   413243   286427   412067   164837   219587   121313   471299   312089   383633   261563   552659   273269   699119     5693   396533   185267   379397    53849   637499     7253   467399    27143   597899
   597929    26987   467507     7079   637529    53813   379667   185153   396629     5657   699197   273233   552707   261017   383813   312029   471389   579503   471929   227207   291287   409007   290963   409337   290657   409379   290489   409817   290183   409967   413033   408713   228077   120503   228617   387977   316193   438989   147299   426773      809   694349   303377   514853   320339   646193    62477   692927   232499   673019   102077
   101999   673157   232457   692963    62297   646307   320303   514949   303293   694367      719   426893   147197   439007   316097   388109   473579   113657    96059   224327   475697   224129   475973   223919   476183   223757   476369   223577   476477   223493   476603   477899   475583   586349   226427   311897   383909   260999   552809   273113   699287     5639   396713   185057   379703    53699   637709     7043   467549    26849   598007
   598049    26813   467699     6917   637787    53609   379787   184727   396719     5519   699323   272933   552899   260873   383969   401417   200063   354317   124427   575669   124139   576119   123803   576287   123707   576683   122963   577067   122609   577427   122489   577529   119243   575573   499943   298589   316037   439133   147107   427073      683   694487   303287   515279   320219   646397    62219   693089   232307   673193   101957
   101879   673223   232109   693137    62189   646859   320153   515357   303119   694523      569   427079   147089   439157   314807   292367   362099   244157   456149   243839   456767   243197   457139   242729   457367   242603   457553   242447   457607   242309   457913   230567   469613   230213   455789   407639   385199   260849   552917   272927   699437     5483   396887   184649   379853    53147   637817     6869   467897    26783   598127
   598379    26759   467903     6857   638303    53117   379979   184577   396953     5387   699443   272903   553073   249089   428843   353567   315899   384113   315803   384227   315599   384437   315527   384599   315269   384827   314927   385127   314813   385379   314603   385493   314399   385739   311687   384029   271163   450917   146933   427103      563   694619   303053   515429   320027   646889    61703   693149   232103   673247   101627
   101363   673313   232079   693179    61583   646913   320009   515519   302969   694919      557   427247   145307   433847   293507   329873   370217   329393   370619   329333   370883   328919   371177   328667   371387   319169   380879   319097   380957   318683   381377   318473   381629   318347   381707   385817   369959   266159   554699   272759   699449     5087   397037   184487   379997    53093   638423     6827   467927    26693   598643
   598727    26393   468059     6689   638453    53069   380189   184409   397259     5009   699527   436739   545483   363119   266117   434249   265739   434297   265703   434387   265547   434813   265157   434927   264899   435179   264749   435263   264443   435569   264359   435653   264167   435893   264083   435947   251939   433877   154523   263267      479   694997   302747   515597   319817   646937    61553   693317   231947   673613   101279
   101207   673619   231893   693353    61547   647033   319679   515873   302723   695003   352193   410279   355763   151967   548069   151883   548189   151643   548399   151553   548489   151253   548837   151163   548957   150503   549509   150473   549623   150323   549707   150287   549767   149867   550169   149717   550379   145589   548003   289727   347813     5003   397283   184133   380327    52973   638459     6653   468113    26387   598799
   599069    26357   468473     6569   638663    52967   380333   184013   397427   348443   342659   198833   277757   422363   277637   422459   277247   422789   276953   423173   276827   423299   276593   423503   276449   423617   276293   423749   276137   424007   275987   424037   275837   424223   275573   424547   275447   424667   427997   422087   357347   351563   302579   515993   319673   647039    61343   693437   231533   673649   100937
   100853   673667   231479   693533    61007   647069   319589   516209   291569   337793   351599     4919   695117     4799   695327     4637   695777     4139   695873     4127   695927     4007   696077     3923   696239     3593   696617     3347   696887     2957   697079     2879   697217     2633   697397     2549   697583     2333   697733     1733   695069   362213   408437   183797   380417    52937   638999     6473   468527    26339   599153
   599273    26237   468647     6329   639053    52889   380459   516689   490019   352133    18959   681089    18869   681167    18749   681293    18587   681563    18329   681719    18233   682049    17747   682277    17669   682427    17333   682679    16703   683357    16553   683477    16493   683687    16229   683783    16217   683819    16097   683933    15887   680993   209987   183317   319547   647117    60953   693677   231359   673769   100733
   100703   673817   231323   693683    60923   647147   386369   500519   263399   309503   390527   309359   390737   309137   391067   308933   391283   308639   391487   308327   391757   308117   392087   307583   392477   307337   392723   307169   392927   306947   393257   306707   393473   306419   393629   306329   393797   306149   393977   305999   394073   394367   390407   199487   313637    52859   639083     6323   468683    26189   599303
   599513    25889   468737     6317   639137   647453   301649    25523   192677   507599   192263   507953   191969   508103   191783   508259   191657   508499   191447   508709   191189   508973   190979   509297   190613   509429   190529   509603   190313   509723   190097   510077   189437   510617   189239   510989   188843   511487   188483   511703   188249   511859   514823   507119   398357    52553    60869   693689   231269   674117   100493
   100469   674159   231107   693743   645137    42737   355037   328379   371633   328343   371897   328067   371999   327983   372137   327839   372179   327737   372299   327629   372689   327209   372803   326999   373343   326657   373859   326063   374063   325889   374123   325673   374399   325319   374789   325187   374987   324977   375113   324773   375359   324593   375449   321227   371417   657269    54869     6263   468899    25847   599537
   599603    25733   468953     5813    46643   353453    60443   639689    60293   639839    60149   640007    59957   640127    59747   640307    59417   640613    59357   640733    59159   640943    58913   641279    58679   641579    58367   641789    58193   641897    57809   642233    57587   642623    57269   642833    57107   642947    56963   643199    56633   643463    56453   643589    55217   639269   653363   694193   231053   674273   100403
   100343   674363   230969   684647   352493    68777   631307    68597   631529    68447   631859    67883   632153    67733   632297    67679   632447    67547   632483    67307   632717    66809   633209    66749   633377    66533   633497    66383   633629    66239   633833    66083   634013    65927   634169    65699   634373    65609   634649    65327   634793    65147   634943    65027   635003    64667   631187    15359   469037    25643   599663
   599693   674879   684989   353783    13829   686453    13487   686639    13337   686789    13163   686879    13109   686963    13037   687023    12923   687107    12689   687359    12569   687593    12323   687737    12239   687779    12197   687893    11939   688073    11909   688139    11789   688223    11369   688733    11243   688889    11027   689033    10739   689393    10313   689867    10133   689903     8423   686099    15017    25127   100313
    98939     8597   126359   241883   458189   241679   458363   241463   458663   241337   458747   241127   458957   241013   459047   240893   459209   240623   459749   240203   460073   239879   460157   239633   460409   239543   460589   239387   460673   239297   460919   239069   460979   238859   461297   238673   461507   238397   461693   238163   462149   237767   462443   237287   462773   237179   462863   462953   458027   691409   601067
   585587   359069    35753   664403    35423   664613    35339   664679    35267   664847    34883   665267    34703   665507    34457   665603    34283   665747    34217   666143    33773   666437    33479   666647    33149   666983    32993   667019    32579   667577    32363   667697    32237   667817    32057   668033    31847   668609    31319   668699    31259   668813    31139   669023    30977   669113    30839   669329    24029   664109   114419
   356093   111767   588347   111623   588509   111323   588737   111263   588779   111053   588977   110819   589409   110567   589529   110129   590123   109517   590537   109433   590609   109379   590753   109139   591089   108893   591137   108497   591659   108263   591827   107873   592139   107717   592307   107357   592727   107243   592973   106823   593387   106487   593573   106373   593903   106019   593993   105983   594107   103217   588173
