    11369   688733    11243   688889    11027   689033    10739   689393    10313   689867    10133   689903     9887   690377     9587   690467     9497   690533     9377   690869     8969   691199     8669   691343     8597   691433     8543   691583     8369   691709     8243   691787     8087   691997     7907   692249     7673   692399     7583   692459     7253   692927     7043   693089     6869   693149     6827   693317     6653   697079   343913
   693437   280703   419417   280583   419459   280409   419753   280229   420029   279857   420317   279413   420599   279329   420737   279203   420977   278903   421163   278609   421517   278363   421727   278063   422087   277757   422363   277637   422459   277247   422789   276953   423173   276827   423299   276593   423503   276449   423617   276293   423749   276137   424007   275987   424037   275837   424223   275573   272039   500153     6569
     6473   424547   132437   567659   132287   567947   131909   568367   131363   568709   131129   569189   130769   569417   130343   569747   130079   570047   129893   570413   129587   570467   129509   570509   129419   570659   129287   570743   129119   571019   128969   571133   128327   571847   128153   571973   127979   572093   127703   572357   127607   572423   127487   572633   127163   572867   127103   573863   346439   275459   693533
   693677   275447   572927   258437   441887   257987   442139   257687   442367   257519   442517   257273   442817   257177   443039   256889   443129   256757   443363   256517   443837   256133   443987   255977   444089   255839   444293   255659   444539   255383   444677   255239   444833   255137   444929   255053   445019   254777   445307   254207   445967   254003   446087   253733   446399   253349   250643   543539   127079   424559     6329
     6323   424667   127037   446759   319169   380879   319097   380957   318683   381377   318473   381629   318347   381707   317969   382103   317777   382553   317363   382727   317159   382883   317087   383069   316907   383147   316853   383303   316577   383633   316193   383909   316037   384029   315899   384113   315803   384227   315599   384437   315527   384599   315269   384827   314927   314879   418427   253247   572969   275339   693683
   693689   275039   573179   252899   385193   310049   390077   309899   390209   309599   390503   309479   390647   309269   390869   308939   391073   308723   391367   308519   391679   308249   391889   307919   392423   307529   392669   307169   392927   306947   393257   306707   393473   306419   393629   306329   393797   306149   393977   305999   394073   305849   394223   305639   396293   345689   314813   447107   126827   424967     6317
     6263   425003   126743   447119   314807   394409   217499   482597   217319   482753   217169   483389   216233   483827   215939   484079   215723   484607   215393   484727   215273   484853   214943   485123   214589   485447   214463   485567   213953   486119   213827   486293   213599   486449   213467   486677   213209   486833   213029   487007   212873   487427   212369   207377   628097   305597   385199   252887   573263   275003   693743
   693809   274817   573647   252869   385379   305483   487709    83063   616997    82757   617387    82559   617537    82349   617699    82163   618053    81749   618269    81677   618377    81569   618707    81173   618929    80819   619967    79973   620099    79889   620159    79823   620237    79613   620579    79367   620657    79229   620813    78989   621029    78893   624599   344363   212297   394523   314627   447137   126359   425189     6197
     5987   425297   126107   447179   314603   394529   212117   621227   199487   500603   199313   500957   198977   501077   198833   501287   198689   501383   198503   501593   198347   501827   197963   502079   197759   502409   197507   502553   197159   502883   197033   503003   196799   503267   196709   503423   196523   503819   196043   504143   195809   504269   348077    78779   487889   305477   385403   252827   573899   274709   694019
   694079   274697   574109   252323   385493   305369   488009    78653   504479   264353   435839   264113   435923   264059   436097   263849   436283   263567   436607   263267   437153   262733   437357   262643   437693   262253   437819   262139   438029   261959   438233   261587   438443   261017   439007   260873   439199   260753   439289   260543   259967   527453   195527   621353   211997   394637   314513   447683   125897   425309     5927
     5813   425423   125717   448067   314399   394643   211949   621527   195479   439667   244787   455339   244493   455627   244217   455849   243857   456167   243239   456809   242867   457277   242639   457403   242453   457559   242399   457697   242093   458027   241883   458189   241679   458363   241463   458663   241337   458747   241127   461297   346547   260339   504527    78479   488057   305363   385607   251939   574289   274583   694193
   694223   274517   574367   251639   385739   305267   488513    78173   504563   260207   458957   170777   529637   169943   530087   169913   530183   169769   530297   169667   530513   169457   530597   169313   530807   168863   531203   168743   531287   168143   531977   168023   532277   167633   532379   167483   532739   167249   540149   340979   241049   439799   195443   621833   211493   394739   314267   448367   125639   425489     5783
     5693   425549   125387   448397   314213   394787   211433   621869   195413   440177   241013   532907    46187   653903    45959   654053    45497   654593    45377   654743    45179   654923    44963   655229    44633   655649    44279   655757    44159   655883    43943   656153    43577   656519    43403   656609    43319   657779   347813   167099   458993   259829   504593    78137   488573   305219   385793   251609   574619   274457   694313
   694349   274403   574667   251177   385817   304979   488603    77933   504599   259823   459047   167087   656783   155747   544919   155069   544979   154943   545387   154523   545759   154073   545939   153953   546263   153689   546569   153407   546719   153137   546893   153059   547097   152783   547229   152519   548363   347057    43223   532919   240959   440183   195407   622073   211403   395027   314189   448829   125339   425603     5657
     5639   425783   125303   448907   314129   395069   211373   622157   195389   440339   240893   533033    43067   547577   219503   480569   219293   480989   218963   481133   218849   481379   218417   482099   217793   482309   217619   491627   208367   491669   208223   491789   208139   491969   207953   494069   337349   152429   656939   166973   459113   259667   504617    77849   488633   304937   385877   251099   574703   274223   694367
   694487   274187   574799   251003   385943   304847   488687    77513   504677   259499   459209   166703   656993   152423   492059   206033   493979   205913   494387   205487   494609   205319   494699   205223   494873   205103   494987   204887   495149   204557   495563   204437   495629   204359   204023   640847   207947   547583    43013   533303   240797   440507   195329   622493   211319   395159   314063   449003   125207   425819     5519
     5483   425903   125093   449117   313889   395243   211283   622529   195077   440849   240623   533327    42989   547643   207923   495707   135017   565337   134489   565589   134369   565667   134219   565793   134087   565973   133949   566273   133439   567053   132947   567143   132749   579107   336857   204299   492083   152363   657017   166679   459383   259157   504929    77477   488723   304763   386117   250889   574913   274103   694523
   694619   274019   575027   250853   386153   304553   488759    77369   504953   259019   459749   166643   657233   152297   492413   204233   567383    22619   677639    22349   677813    22079   678077    21803   678407    21569   678599    21347   678779    21017   679067    20879   682259   345749   132623   495773   207593   547709    42773   533363   240257   440987   195053   622637   211247   395453   313853   449153   124979   425987     5387
     5087   426077   124919   449303   313727   395657   211097   622793   195023   441029   240203   533549    42737   547787   207443   495899   121607   679157   115727   584393   115589   584663   115133   584879   115013   585317   114593   585587   114329   585737   114167   588779   346139    20849   578399   204107   492563   152219   657269   166457   459803   258977   504983    77213   488909   304349   386279   250703   575087   273929   694919
   694997   273773   575153   250673   386369   303803   489179    77003   505073   258827   460073   166259   657323   152189   492719   204059   578453    20543   585863   183317   516839   183059   516959   182933   517079   182789   517367   182603   517457   182537   182453   684647   114143   679463   121553   495947   207287   547817    42683   533747   239933   441179   194933   623003   210827   396203   313637   449333   124853   426233     5009
     5003   426287   124793   449663   313517   396239   210809   623057   194867   441263   239879   533837    42533   547823   207113   495959   121469   679607   114089   517487   181199   518813   180779   519257   180647   519383   180497   519587   179903   527399   342569   182519   585917    20399   578537   204047   492893   152183   657473   166169   460127   258743   505139    76949   489197   303767   386489   250343   575213   273719   695003
   695069   273653   575303   250307   387017   303683   489407    76679   505187   258563   460157   166043   657497   152003   493013   203999   578603    20297   586037   182417   520193   104297   596009   103979   596093   103889   596363   103583   600857   344957   179813   517589   113969   679709   121403   496007   206993   548003    42509   533963   239849   441443   194819   623327   210599   396323   312989   449699   124703   426353     4937
     4919   426389   124577   449807   312929   396413   210557   623717   194729   441479   239633   533993    42467   548039   206939   496163   121313   679823   113933   517619   179693   596789     1439   698723     1277   698903      953   350219   698507   103217   520313   182387   586073    20183   578693   203843   493067   151967   657539   166013   460373   258527   505277    76289   489449   303593   387077   250199   575429   273617   695087
   695117   273269   575513   250043   387227   303497   489479    76283   505283   258449   460409   165947   657707   151937   493109   203663   578777    20177   586349   182129   520349   103079   699059   101627   598643   101279   604223   344243      947   596927   179657   517877   113657   679829   121229   496343   206897   548069    42299   534059   239597   441557   194723   623723   210527   396509   312779   449963   124493   426737     4889
     4799   426773   124433   450083   312743   396533   210467   624209   194687   441563   239543   534173    42197   548123   206879   496427   121007   679859   113513   517949   179579   596963      929   599153   175499   582767   291743   100853   699077   103043   520427   182057   586493    20147   578999   203579   493127   151883   657809   165833   460463   258443   505319    75797   489539   303473   387263   249923   575573   273233   695207
   695327   273113   575579   249797   387269   303377   489659    75773   505523   247409   460589   165533   657827   151817   493193   203117   579239    20123   586589   181757   520649   102953   699119   599303   466247   350003   233759   100703      887   597053   179357   518249   113417   679883   120767   496889   206813   548189    42179   534473   239417   452597   194483   624233   210347   396629   312737   450209   124427   426893     4679
     4637   427073   124337   450227   312677   396713   210317   624347   194087   452813   239387   534923    42023   548399   206603   496949   120503   680027   113327   518387   179327   597209   699449    94169   408263   117239   524507   605837      557   102797   520679   181619   586679    19979   579503   203057   493403   151607   657983   165083   460619   247193   505919    75659   489689   303293   387329   249779   575669   272933   695369
   695777   272927   575867   249749   387623   303287   489743    75539   505949   246899   460673   164987   658079   151553   493463   202889   579533    19793   586793   181409   520763   598799   348527   355763   101363   598727    95783   598379   351479   101207   179243   518597   113213   680213   120473   497117   206543   548453    41927   535019   239333   453107   194057   624467   210263   396719   312383   450257   124139   427079     4229
     4139   427103   123887   450413   312089   396887   210173   624479   194027   453197   239297   535169    41879   548489   206483   497339   120299   680297   113027   518729   178187    94889     1499     1283   698729     1103   699053   349787   698567   605117   521819   181277   586979    19709   579707   202667   493523   151517   658127   164837   460709   246809   505979    75527   489833   303119   387917   249593   576119   272903   695867
   695873   272759   576203   249533   387977   303053   490019    75323   506147   246713   460919   164477   658247   151253   493607   202409   579713    19553   587087   520433   512657   355049   103997   596027   103913   596117   103643   596423    99149   595709   187349   179573   112919   680453   120293   497597   206399   548753    41759   535529   239087   453293   193859   624683   209987   396953   312029   450473   123803   427247     4133
     4127   427403   123719   450503   311897   397037   209837   624737   193793   453317   239069   535697    41729   548837   206273   497603   120233   680633   588737   513047   357437   181193   519227   180749   519359   180623   519509   180419   520103   172607   518807   186959   111269    19373   579773   202403   493733   151169   658277   164309   460937   246689   506213    75269   490169   302969   388109   249503   576287   272603   695879
   695927   272567   576299   249449   388259   302747   490367    75209   506327   246209   460979   164279   658319   151163   493853   202343   580259    19013   105107    15359   183167   516947   183047   517073   182927   517217   182639   517403   182549   517469   517553   516689   594899   680993   119747   497663   206153   548843    41687   535727   239027   453797   193679   624797   209639   397259   311747   450557   123707   427439     4079
     4007   427457   123323   450587   311687   397283   209543   624839   193649   453833   238859   535757    41627   548957   206069   497729   582563   674273   353867   115613   584417   115343   584873   115127   584993   114689   585413   114419   585677   114269   585839   111227   584279    25733   117443   202277   493937   151049   658379   164249   461147   246173   506357    75167   490463   302723   388319   249419   576683   272549   695999
   696077   272477   577043   249329   388403   302579   490859    75029   506537   245897   461333   164147   658403   150503   493967   514187   100937   354257    22367   677657    22193   677927    21929   678203    21599   678437    21407   678659    21227   678989    20939   679127    17747   677387   599069   185819   206039   549503    41603   535859   238673   454109   193469   624977   209147   397427   311603   450677   122963   427529     3929
     3923   427913   122939   450719   311279   397433   209039   625103   193433   454253   238499   535967    41519   549509   494849   474197   363149   134669   565517   134417   565637   134339   565787   134213   565919   134033   566057   133733   566567   132953   567059   132863   567257   120899   564989   225809   205157   150497   658487   164039   461507   245753   506573    74903   490967   302573   388727   249287   577067   272093   696083
   696239   272009   577397   249107   388823   302513   491129    74897   506843   245183   461609   163859   658607   149399   179939    59159   206027   494093   205619   494519   205397   494687   205307   494783   205133   494903   205019   495119   204857   495449   204443   495569   204377   495647   495983   493973   520067   550607    41399   536147   238397   454823   193163   625109   208877   397493   311183   450899   122609   427997     3767
     3593   428003   122579   450917   310949   397547   208787   625133   193133   454919   238313   536273   658649   543659   362657   219437   480713   219017   481043   218873   481157   218627   481589   217907   482213   217697   482387   208379   491639   208337   491783   208217   491867   208037   492053   205937   480503   156347    41357   163733   461693   245087   506873    74873   491219   302459   389057   249089   577427   272003   696413
   696617   271967   577517   248909   389117   302417   491333    74699   506963   245039   461843   538367    35267   352949   155087   544937   155027   545063   154619   545483   154247   545933   154067   546053   153743   546317   153437   546599   153287   546869   153113   546947   152909   547223   152777   547487   151643   544259   664739   161639   238163   454967   193043   625307   208673   397589   310889   451097   122489   428039     3389
     3347   428177   122477   451103   310733   398063   208667   625319   193013   454973   516437   147347   352193    46103   654047    45953   654509    45413   654629    45263   654827    45083   655043    44777   655373    44357   655727    44249   655847    44123   656063    43853   656429    43487   656603    43397   656687    42227   653819   552659   183569   245033   506993    74687   491339   301943   389273   248903   577529   271829   696659
   696887   271703   577613   248609   389447   301877   491417    74609   507029   244403   174653   359027   170369   530063   169919   530093   169823   530237   169709   530339   169493   530549   169409   530693   169199   531143   168803   531263   168719   531863   168029   531983   167729   532373   167627   532523   167267   532757   159857   529229   525353   455603   192977   625397   208589   398129   310559   451397   122393   428303     3119
     2957   428369   122267   451523   310439   398213   208577   625409   508349   627383   353459   244667   455513   244379   455789   244157   456149   243839   456767   243197   457139   242729   457367   242603   457553   242447   457607   242309   457913   241979   458123   241817   458327   241643   458543   241343   458669   241259   458879   238709   455219    72623   191657    74597   491429   301793   389567   248483   577739   271637   697049
   697127   271517   577799   247997   389723   301703   491537   625643   184409   172553   264167   435893   264083   435947   263909   436157   263723   436439   263399   436739   262853   437273   262649   437363   262313   437753   262187   437867   261977   438047   261773   438419   261563   438989   260999   439133   260807   439253   260717   439463   440039   435653   515597    74363   208469   398303   310283   452009   122207   428489     2879
     2789   428639   122069   452159   310223   398357   492377    62627   351929   199403   500693   199049   501029   198929   501173   198719   501317   198623   501503   198413   501659   198179   502043   197927   502247   197597   502499   197453   502847   197123   502973   197003   503207   196739   503297   196583   503483   196187   503963   195863   504197   195737   500519   637379   207629   301649   389783   247847   577937   271367   697217
   697373   271163   577979   247613   389819   408719   477899   355643    83009   617249    82619   617447    82469   617657    82307   617843    81953   618257    81737   618329    81629   618437    81299   618833    81077   619187    80039   620033    79907   620117    79847   620183    79769   620393    79427   620639    79349   620777    79193   621017    78977   621113    75407   616943   222107   291287   310187   452393   122027   428843     2633
     2609   429083   121889   452453   307283   280949    71909   217409   482687   217253   482837   216617   483773   216179   484067   215927   484283   215399   484613   215279   484733   215153   485063   214883   485417   214559   485543   214439   486053   213887   486179   213713   486407   213557   486539   213329   486797   213173   486977   212999   487133   212579   487637   492629   482507   419057   392723   247553   578117   270923   697397
   697457   270659   578309   245759   454379   354317   309929   390107   309797   390407   309503   390527   309359   390737   309137   391067   308933   391283   308639   391487   308327   391757   308117   392087   307583   392477   307337   392837   307079   393059   306749   393299   306533   393587   306377   393677   306209   393857   306029   394007   305933   394157   305783   394367   303713   389957   245627   454247   121697   429347     2549
     2423   429413   121523   640589   281579   319127   380909   319049   381323   318629   381533   318377   381659   318299   382037   317903   382229   317453   382643   317279   382847   317123   382919   316937   383099   316859   383153   316703   383429   316373   383813   316097   383969   315977   384107   315893   384203   315779   384407   315569   384479   315407   384737   315179   385079   385127   380837    59417   578483   270593   697583
   697673   260849   566723   156467   258119   442019   257867   442319   257639   442487   257489   442733   257189   442829   256967   443117   256877   443249   256643   443489   256169   443873   256019   444029   255917   444167   255713   444347   255467   444623   255329   444767   255173   444869   255077   444953   254987   445229   254699   445799   254039   446003   253919   446273   253607   446657   449363   441569   133283   439157     2333
   348209   581729   353567   132347   567719   132059   568097   131639   568643   131297   568877   130817   569237   130589   569663   130259   569927   129959   570113   129593   570419   129539   570497   129497   570587   129347   570719   129263   570887   128987   571037   128873   571679   128159   571853   128033   572027   127913   572303   127649   572399   127583   572519   127373   572843   127139   572903   126143   567569   118277   351797
   338543   199853   280589   419423   280547   419597   280253   419777   279977   420149   279689   420593   279407   420677   279269   420803   279029   421103   278843   421397   278489   421643   278279   421943   277919   422249   277643   422369   277547   422759   277217   423053   276833   423179   276707   423413   276503   423557   276389   423713   276257   423869   275999   424019   275969   424169   275783   424433   427967   419303   361463
   356093    11273   688763    11117   688979    10973   689267    10613   689693    10139   689873    10103   690119     9629   690419     9539   690509     9473   690629     9137   691037     8807   691337     8663   691409     8573   691463     8423   691637     8297   691763     8219   691919     8009   692099     7757   692333     7607   692423     7547   692753     7079   692963     6917   693137     6857   693179     6689   693353     2927   688637
