   116993   583139   116639   583469   116483   583619   116279   583733   116009   584027   115853   584183   115757   584279   115613   584417   115343   584873   115127   584993   114689   585413   114419   585677   114269   585839   114143   585917   113969   586073   113657   586493   113417   586679   113213   586979   112919   587219   112589   587429   112403   587669   112253   587987   111893   588173   111767   588347   111623   597929   338279
   588509    40283   659843    39953   660119    39869   660167    39779   660347    39503   660563    39323   660887    39113   660899    39089   660983    38903   661139    38747   661439    38459   661553    38393   661673    38327   661769    38183   662357    37529   662513    37313   662789    37139   662957    36857   663239    36599   663539    36353   663713    36269   663797    36137   664043    35897   664253    35603   664847   347099   111497
   111323   664583   249089   451097   248903   451397   248483   452009   247847   452393   247553   452597   247193   453107   246809   453293   246689   453797   246173   454109   245759   454253   245627   454823   245087   454967   245033   455219   244667   455513   244403   455627   244217   455849   243857   456167   243239   456809   242867   457277   242639   457403   242453   457559   242399   457697   242093   241817   562283    35423   588683
   588737    35393   458027    18749   681293    18587   681563    18329   681719    18233   682049    17747   682277    17669   682427    17333   682679    16703   683357    16553   683477    16493   683687    16229   683783    16217   683819    16097   683933    16067   684119    15767   684269    15359   684773    15149   684869    15083   684989    14897   685247    14669   685367    14369   685679    14033   686009   348419   241979   664613   111269
   111263   664667   241883   686039    74027   626033    73943   626147    73847   626333    73643   626393    73529   626489    73379   626963    73019   627083    72623   627953    71993   628097    71879   628139    71789   628373    71333   628679    71249   628877    71069   629009    70667   629417    70439   629807    70163   629927    70067   629987    69899   630197    69653   630467    69317   632483   345749    13967   458123    35339   588743
   588779    35327   458327    13907   630803    65147   634979    65003   635087    64667   635507    64439   635603    64157   635939    64037   636149    63743   636287    63647   636407    63533   636533    63467   636563    63353   636809    63059   637067    62927   637283    62687   637379    62597   637499    62477   637709    62219   637817    61703   638423    61553   638459    61343   639053   347813    69203   686099   241679   664679   111227
   111053   664739   241643   686177    69143   638999   334877   365213   334637   365513   334379   365759   333929   366227   333737   366287   333713   366383   333539   366683   333023   367019   332729   367307   332447   367613   332273   367823   332117   368099   331889   368453   331277   368789   330983   369119   330653   369419   330359   369659   330047   370133   329789   371999   346223    61007   630863    13829   458363    35267   588953
   588977    34883   458543    13553   631013    60923   370613   197123   502973   197003   503207   196739   503297   196583   503483   196187   503963   195863   504197   195737   504479   195479   504563   195413   504599   195389   504677   195077   504953   195023   505073   194867   505187   194729   505283   194687   505523   194087   505949   194027   506147   193793   508709   346043   329393   639083    68993   686453   241463   665123   111029
   110819   665267   241343   686519    68819   639137   329387   506327   314879   385193   314807   385379   314603   385493   314399   385739   314213   385817   314129   385943   313889   386153   313727   386369   313517   387017   312929   387227   312743   387269   312677   387623   312089   387977   311897   388259   311603   388727   311183   389057   310889   309797   426893   193679   370619    60869   631187    13487   458663    34739   589187
   589409    34703   458669    13367   631229    60737   370673   193649   389273    23789   676253    23747   676337    23633   676469    23417   676649    23327   676727    23087   676943    23039   676979    22859   677309    22619   677639    22349   677813    22079   678077    21803   678407    21569   678599    21347   678779    21017   679067    20879   691433   336059   310733   506357   329333   639269    68777   686639   241337   665303   110597
   110567   665507   241259   686669    68699   639563   329123   506537   310559   679157     8969   691199     8669   691343     8597   691463     8423   691637     8297   691763     8219   691919     8009   692099     7757   692333     7607   692423     7547   692753     7079   692963     6917   693137     6857   693179     6689   693353     6569   694367   347957    20849   389447   193469   370883    60443   631307    13337   458747    34499   589439
   589529    34457   458879    13217   631409    60317   371087   193433   389567    20543   693533   282167   417863   282059   417953   281933   418079   281849   418169   281807   418259   281717   418337   281663   418427   281339   418709   281243   418799   281117   419057   280859   419189   280703   419417   280583   419459   280409   278903   490019     6473   679463   310439   506573   328919   639689    68597   686789   241127   665549   110477
   110129   665603   241049   686843    68477   639713   328829   506843   310283   679607     6329   419753   157769   542447   157523   542579   157259   542873   157019   542999   156719   543299   156623   543539   156347   543887   155783   544259   155087   544937   155027   545063   154619   545483   154247   545933   154067   552917   341777   280253   693677    20399   389723   193163   371177    60293   631529    13163   458957    34403   589877
   590123    34283   458993    13127   631559    60167   371339   193133   389783    20297   693683   280229   546053   270509   429563   270407   429677   270323   429719   270209   430019   269663   430427   269573   430487   269237   430823   269057   431363   268637   431399   268493   431567   268403   431663   268199   432449   348209   153953   419777     6323   679709   310223   506873   328667   639839    68447   686879   241013   665723   109883
   109517   665747   240959   686897    68147   639857   328619   506963   310187   679823     6317   420029   153743   431993   336029   364127   335813   364313   335669   364373   335507   364883   335009   374789   325187   374987   324977   375113   324773   375359   324593   375449   324497   375533   324437   320009   394643   268013   546263   279977   693689    20183   389819   193043   371387    60149   631859    13109   459047    34259   590489
   590537    34217   459113    13043   632123    59999   371417   193013   389957    20177   693743   279857   546317   267863   375707   320609   379703   320219   379853   320027   380189   319679   380333   319589   380459   319169   380879   319097   380957   318683   381377   318473   381629   318347   382919   347873   324299   432143   153689   420149     6263   679829   310049   506993   328589   640007    67883   686963   240893   665789   109469
   109433   666143   240797   686969    67853   640049   328379   507029   309929   679859     6197   420317   153437   432149   323957   381707   249923   450209   249779   450257   249593   450473   249503   450557   249419   450677   249287   450899   237053   463283   236573   463457   236219   464963   347933   318299   376049   267857   546569   279689   693809    20147   390077   192977   371627    59957   632153    13037   459209    33863   590573
   590609    33773   459383    12983   632273    59879   371633   192887   390107    20123   694019   279413   546599   267803   376127   317969   463919   129263   570887   128987   571037   128873   571679   128159   571853   128033   572027   127913   572303   127649   572399   127583   577043   344363   236087   382037   323879   432203   153407   420593     5987   679883   309899   507119   328373   640127    67733   687023   240623   666233   109397
   109379   666437   240257   687083    67709   640259   328343   507329   309599   680027     5927   420599   153287   432287   323699   382103   235877   572519   228869   471209   228707   471389   228539   471749   228203   471893   228077   472133   227537   472643   227207   472847   349043   127487   464129   317903   376307   267719   546719   279407   694079    19979   390407   192677   371663    59747   632297    12923   459749    33569   590627
   590753    33479   459803    12899   632327    59699   371897   192407   390503    19793   694193   279329   546869   267647   376469   317777   464213   127373   472817   297083   403037   296909   403163   296753   403499   296249   403877   296117   403979   295517   409817   344039   227189   572633   235793   382229   323537   432359   153137   420677     5813   680213   309503   507599   328109   640307    67679   687107   240203   666527   109253
   109139   666647   239933   687317    67559   640589   328067   507743   309479   680297     5783   420737   153113   432413   323249   382553   235679   572843   227147   404693   294149   405947   293603   406499   293459   406649   293147   406907   292517   408713   348443   295313   472859   127163   464327   317453   376757   267593   546893   279269   694223    19709   390527   192263   371939    59417   632447    12689   460073    33359   590867
   591089    33149   460127    12647   632459    59393   372023   192053   390647    19553   694313   279203   546947   267569   377147   317363   464447   127139   473453   295187   407579   217793   482309   217619   482507   217409   482687   217253   485417   347033   292427   404819   226553   572867   235559   382643   322859   432437   153059   420803     5693   680453   309359   507953   327983   640613    67547   687359   239879   666857   108917
   108893   666983   239849   687437    67307   640649   327869   508037   309269   680633     5657   420977   152909   432527   322709   382727   235523   572903   226487   404969   292367   483389   102953   597209   102653   597419   102533   601067   346187   216617   407639   295037   473519   127103   464483   317279   377297   267479   547097   279029   694349    19373   390737   191969   372137    59357   632699    12569   460157    33023   591113
   591137    32993   460373    12413   632717    59273   372167   191903   390869    19013   694487   278843   547223   267419   377543   317159   464699   127079   473579   294659   407723   216233   597599   213827   486293   213599   212579   623717   102407   483773   292283   405347   226427   572927   235307   382847   322463   432587   152783   421163     5519   680993   309137   508103   327839   640733    67289   687593   239633   667013   108869
   108497   667019   239597   687683    66809   640847   327827   508223   308939   681047     5483   421397   152777   432989   322319   382883   235013   572969   226409   405497   292223   483827   102329   486449   287387   270539   492083   213557   597677   216179   407783   294509   473597   127037   464993   317123   377687   267017   547229   278609   694523    18959   391067   191783   372179    59159   633197    12323   460409    32987   591509
   591659    32579   460463    12269   633209    59063   372269   191747   391073    18917   694619   278489   547487   266957   378023   316937   464999   126827   473723   294479   407969   215939   597689   488723   554699   350003   145307   211283   102317   484067   292037   405527   226283   573179   235007   383069   321983   433049   152519   421517     5387   681089   308933   508259   327737   640943    66797   687737   239543   667427   108347
   108263   667577   239417   687767    66749   641093   327707   508349   308723   681137     5087   421643   152429   433073   321413   383099   234917   573263   226217   405659   291869   484079   100733   484727   207923   429467   412619   215279   599273   215927   408137   294347   473789   126743   465089   316907   378593   266933   547577   278363   694919    18869   391283   191657   372299    58913   633257    12239   460589    32429   591743
   591827    32363   460619    12227   633377    58727   372377   191507   391367    18839   694997   278279   547583   266927   378683   316859   465173   126359   473999   294317   408173   485447   594899    76289   213713   486407   487427   486179   105107   214559   291833   405689   226007   573647   234833   383147   321323   433079   152423   421727     5009   681167   308639   508499   327629   641279    66629   687779   239387   667643   108179
   107873   667697   239333   687809    66533   641327   327317   508559   308519   689867     5003   421943   152363   433319   321227   383153   234713   573863   225989   405827   423869   210347   353819   102797   597353   102587   597473    98939   597053   489659   276137   294179   474017   126143   465293   316853   378779   266687   547643   278063   695003    10139   391487   191447   372689    58679   633473    12197   460673    32309   592133
   592139    32237   460709    12113   633497    58427   372797   191189   391679    10133   695069   277919   547709   266633   378929   316703   465407   126107   474029   406883   272549   352973   217697   482387   217499   482597   217319   482753   214589   482213   427457   293123   225977   573899   234599   383303   321077   433373   152297   422087     4937   689873   308327   508817   327209   641579    66509   687893   239297   667769   107867
   107717   667817   239087   688067    66383   641639   327203   508973   308249   689903     4919   422249   152219   433673   321053   383429   234587   574109   475037   284819   351563   294059   406403   293507   406547   293357   406859   293099   407489   291293   405857   415187   224969   125897   465419   316577   378953   266333   547787   277757   695087    10103   391757   191033   372803    58367   633623    11939   460919    32189   592289
   592307    32057   460937    11933   633629    58217   373007   190979   391889     9887   695117   277643   547817   266159   379163   316373   465809   596009   221327   355967   296969   403097   296843   403253   296507   403757   296129   403889   296027   404489   290189   402923   478679   103997   234197   383633   320843   433847   152189   422363     4889   690119   308117   509027   326999   641789    66377   688073   239069   667949   107699
   107357   668033   239027   688097    66239   641813   326663   509297   307919   690377     4799   422369   152183   433877   320699   383813   465917    95783   350963   228797   471299   228617   471467   228257   471803   228113   471929   227873   472469   227363   472799   227159   471137   604223   234089   316193   379307   266129   547823   277637   695207     9629   392087   190709   373343    58193   633767    11909   460979    31973   592649
   592727    31847   461147    11867   633833    58109   373349   190613   392423     9587   695327   277547   548003   266117   379319   393857   217169   355643   129119   571019   128969   571133   128327   571847   128153   571973   127979   572093   127703   572357   127607   572423   122963   570743   482837   306149   320687   433889   152003   422459     4679   690419   307583   509393   326657   641897    66173   688139   238859   668159   107279
   107243   668609   238709   688217    66083   642197   326147   509429   307529   690467     4637   422759   151967   434249   320339   300857   352073   249797   450227   249749   450413   249533   450503   249449   450587   249329   450719   249107   462953   236723   463433   236549   463787   235043   450083   399149   379667   265757   548039   277247   695369     9539   392477   190577   373859    57809   633923    11789   461297    31397   592763
   592973    31319   461333    11783   634013    57773   373943   190529   392669     9497   695777   277217   548069   434303   410903   352133   320303   379787   320153   379979   319817   380327   319673   380417   319547   380837   319127   380909   319049   381323   318629   381533   318377   381659   317087   379397   289103   265703   151937   422789     4229   690509   307337   509477   326063   642233    65993   688223   238673   668687   107033
   106823   668699   238499   688637    65927   642419   325943   509603   307283   690533     4139   423053   548363   259823   305363   335879   364193   335693   364337   335633   364499   335123   364997   325217   374819   325019   375029   324893   375233   324647   375413   324557   375509   324473   375569   379997   363977   440183   151643   276953   695867     9473   392723   190403   374063    57587   634079    11369   461507    31307   593183
   593387    31259   461609    11273   634169    57383   374117   190313   392837     9377   695873   276257   138617   351797   270443   429599   270329   429683   270287   429797   269987   430343   269579   430433   269519   430769   269183   430949   268643   431369   268607   431513   268439   431603   268343   431807   267557   429497   561389   423749     4133   690629   307169   509693   325889   642623    65837   688733   238397   668747   106619
   106487   668813   238313   688763    65699   642737   325883   509723   307079   690869   351479   559883   358229   157559   542483   157427   542747   157133   542987   157007   543287   156707   543383   156467   543659   156119   544223   155747   544919   155069   544979   154943   545387   154523   545759   154073   545939   147089   542237   140123   348527     9137   392927   190283   374123    57269   634307    11243   461693    31193   593519
   593573    31139   461843    11117   634373    57173   374333   190097   393059     1667   342569   209987   282143   417947   282053   418073   281927   418157   281837   418199   281747   418289   281669   418343   281579   418667   281297   418763   281207   418889   280949   419147   280817   419303   280589   419423   280547   419597   421103   417839   357437   698339   306947   509909   325673   642833    65633   688889   238163   668867   106433
   106373   669023   237857   688979    65609   642899   325607   510077   393473   671357   352049     8807   691337     8663   691409     8543   691583     8369   691709     8243   691787     8087   691997     7907   692249     7673   692399     7583   692459     7253   692927     7043   693089     6869   693149     6827   693317     6653   693437     5639   691037    28649   306533   189929   374399    57107   634397    11027   462149    30983   593633
   593903    30977   462239    10973   634649    57059   374687   520763   377393   363947    23753   676259    23669   676373    23537   676589    23357   676679    23279   676919    23063   676967    23027   677147    22697   677387    22367   677657    22193   677927    21929   678203    21599   678437    21407   678659    21227   678989    20939   679127     8573   676217   322613   179243   325319   642947    65357   689033   237767   669029   106103
   106019   669113   237563   689267    65327   643043   377129   169769   273113   314813   385199   314627   385403   314513   385607   314267   385793   314189   385877   314063   386117   313853   386279   313637   386489   312989   387077   312779   387263   312737   387329   312383   387917   312029   388109   311747   388403   311279   388823   310949   389117   390209   385127   530237   322877    56963   634679    10739   462443    30893   593987
   593993    30839   462719    10613   634793   644747   311687   353963   197033   503003   196799   503267   196709   503423   196523   503819   196043   504143   195809   504269   195527   504527   195443   504593   195407   504617   195329   504929   195053   504983   194933   505139   194819   505277   194723   505319   194483   505919   194057   505979   193859   506213   191297   502883   388319    55259    65213   689393   237287   669167   106013
   105983   669329   237233   689693   634943    46889   353783   334793   365369   334493   365627   334247   366077   333779   366269   333719   366293   333623   366467   333323   366983   332987   367277   332699   367559   332393   367733   332183   367889   331907   368117   331553   368729   331217   369023   330887   369353   330587   369647   330347   369959   329873   370217   328007   365129   653117    65063    10313   462773    30677   594023
   594107    30593   462827   350039    54377   352193    65027   635003    64919   635339    64499   635567    64403   635849    64067   635969    63857   636263    63719   636359    63599   636473    63473   636539    63443   636653    63197   636947    62939   637079    62723   637319    62627   637409    62507   637529    62297   637787    62189   638303    61583   638453    61547   638663    60953   634859   645629   349967   237179   669413   105899
   105557   669659   462863   341507   354257    73973   626063    73859   626159    73673   626363    73613   626477    73517   626627    73043   626987    72923   627383    72053   628013    71909   628127    71867   628217    71633   628673    71327   628757    71129   628937    70997   629339    70589   629567    70199   629843    70079   629939    70019   630107    69809   630353    69539   630689    67523   625979   358499   237143    30347   594449
   594569    29867   440177   351587    18713   681419    18443   681677    18287   681773    17957   682259    17729   682337    17579   682673    17327   683303    16649   683453    16529   683513    16319   683777    16223   683789    16187   683909    16073   683939    15887   684239    15737   684647    15233   684857    15137   684923    15017   685109    14759   685337    14639   685637    14327   685973    13997   681257   259829   670139   105437
   605477   659513   137723   248909   451103   248609   451523   247997   452159   247613   452453   247409   452813   246899   453197   246713   453317   246209   453833   245897   454247   245753   454379   245183   454919   245039   454973   244787   455339   244493   455603   244379   455789   244157   456149   243839   456767   243197   457139   242729   457367   242603   457553   242447   457607   242309   457913   458189   450917    40493    94529
    74897   352907    40163   660053    39887   660137    39839   660227    39659   660503    39443   660683    39119   660893    39107   660917    39023   661103    38867   661259    38567   661547    38453   661613    38333   661679    38237   661823    37649   662477    37493   662693    37217   662867    37049   663149    36767   663407    36467   663653    36293   663737    36209   663869    35963   664109    35753   664403    35159   659723   625109
   361727   116867   583367   116537   583523   116387   583727   116273   583997   115979   584153   115823   584249   115727   584393   115589   584663   115133   584879   115013   585317   114593   585587   114329   585737   114167   585863   114089   586037   113933   586349   113513   586589   113327   586793   113027   587087   112787   587417   112577   587603   112337   587753   112019   588113   111833   588239   111659   588383   102077   583013
