   119429   580763   119087   581099   118673   581549   118409   581663   118277   581753   118163   582017   117839   582173   117797   582227   117497   582563   117329   582737   117239   582887   117023   583013   116867   583367   116537   583523   116387   583727   116273   583997   115979   584153   115823   584249   115727   584393   115589   584663   115133   584879   115013   585317   114593   585587   114329   585737   114167   586589   346349
   585863    42533   657497    42467   657707    42227   657809    42179   657983    41927   658127    41759   658277    41687   658379    41603   658487    41399   658649    41189   659159    40829   659423    40493   659723    40163   660053    39887   660137    39839   660227    39659   660503    39443   660683    39119   660893    39107   660917    39023   661103    38867   661259    38567   661547    38453   661613    38333   662693   346547   114143
   114089   661679   251003   449117   250853   449303   250673   449363   250343   449699   250199   449963   249923   450209   249779   450257   249593   450473   249503   450557   249419   450677   249287   450899   249089   451097   248903   451397   248483   452009   247847   452393   247553   452597   247193   453107   246809   453293   246689   453797   246173   454109   245759   454253   245627   454823   245087   456809   344153    38327   585917
   586037    38237   454967    21347   678989    20939   679127    20849   679463    20399   679709    20183   679829    20147   679883    19979   680213    19709   680453    19373   680993    18959   681089    18869   681167    18749   681293    18587   681563    18329   681719    18233   682049    17747   682277    17669   682427    17333   682679    16703   683357    16553   683477    16493   683687    16229   687107   344207   245039   661769   113969
   113933   661823   245033   683783    76289   623723    75797   624233    75659   624467    75527   624599    75323   624737    75209   624839    75029   625103    74897   625133    74699   625319    74609   625409    74489   625643    74093   625979    73973   626063    73859   626159    73673   626363    73613   626477    73517   626627    73043   626987    72923   627383    72053   628013    71909   628757   347933    16223   454973    38183   586073
   586349    37649   455219    16217   628127    67523   632699    67289   633197    66797   633257    66629   633473    66509   633623    66377   633767    66173   633923    65993   634079    65837   634307    65633   634649    65327   634793    65147   634943    65027   635003    64919   635339    64499   635567    64403   635849    64067   635969    63857   636263    63719   636359    63599   641093   342647    71879   683789   244787   662357   113657
   113513   662477   244667   683819    71867   636473   337793   362309   337349   362693   337283   363017   336887   363149   336827   363317   336437   363767   336059   363977   335879   364193   335693   364337   335633   364499   335123   364997   334877   365213   334637   365513   334379   365759   333929   366227   333737   366287   333713   366383   333539   366683   333023   332447   382553    63533   628139    16187   455339    37529   586493
   586679    37493   455513    16097   628217    63473   367019   199487   500603   199313   500957   198977   501077   198833   501287   198689   501383   198503   501593   198347   501827   197963   502079   197759   502409   197507   502553   197159   502883   197033   503003   196799   503267   196709   503423   196523   503819   196043   504143   195809   504269   195527   504599   347957   332987   636533    71789   683909   244493   662513   113327
   113213   662789   244403   683933    71633   636539   332729   504527   316907   383147   316853   383303   316577   383633   316193   383909   316037   384029   315899   384113   315803   384227   315599   384437   315527   384599   315269   384827   314927   385127   314813   385199   314627   385403   314513   385607   314267   385793   314189   385877   314063   386369   348443   195479   367277    63467   628373    16073   455603    37217   586793
   586979    37139   455627    16067   628673    63443   367307   195443   386117    26237   673817    25889   674159    25733   674363    25523   674537    25307   674759    25169   674879    24977   675083    24809   675239    24659   675413    24413   675827    24083   675929    24029   676217    23753   676259    23669   676373    23537   676649    23327   698273   327209   313889   504563   332699   636563    71333   683939   244379   662867   113027
   112919   662957   244217   684119    71327   636653   332393   504593   313853   676727    11783   688637    11273   688763    11117   688979    10973   689393    10313   689867    10133   689903     9887   690377     9587   690467     9497   690533     9377   690869     8969   691199     8669   691343     8597   691433     8543   691583     8369   691787   347873    23279   386153   195413   367613    63353   628679    15887   455789    37049   587087
   587219    36857   455849    15767   628877    63197   367733   195389   386279    23087   691709   285113   415109   284819   415517   284483   415559   284429   415949   283859   416243   283607   416543   283133   417089   282833   417239   282713   417617   282383   417719   282167   417863   282059   417953   281933   418079   281849   279689   486539     8297   676919   313727   504617   332273   636809    71129   684239   244157   663149   112787
   112589   663239   243857   684269    71069   636947   332183   504677   313517   676943     8243   418169   159737   540377   159623   540389   159569   540599   159293   540773   159227   540989   158909   541349   158567   541469   158429   541613   158243   541817   157889   542183   157799   542237   157559   542483   157427   544979   346553   281837   691763    23063   386489   195329   367823    63059   628937    15737   456149    36767   587417
   587429    36599   456167    15359   629009    62939   367889   195077   387017    23039   691919   281807   542747   272927   427103   272759   427403   272567   427457   272477   427913   272039   427997   272003   428039   271829   428303   271637   428489   271367   428843   270923   429347   270593   429467   270509   429677   348407   157259   418199     8087   676967   312989   504929   332117   637067    70997   684647   243839   663407   112577
   112403   663539   243239   684773    70667   637079   331907   504953   312929   676979     8009   418259   157133   429563   338993   361337   338573   361463   338369   361727   338237   361793   338207   361973   338027   362099   337859   371999   327983   372167   327827   372269   327707   372377   327317   320699   391067   270443   542873   281747   691997    23027   387077   195053   368099    62927   629339    15233   456767    36467   587603
   587669    36353   457139    15149   629417    62723   368117   195023   387227    22859   692099   281717   542987   270407   372803   324557   375509   324473   375569   324299   376049   323879   376469   323249   377129   322859   377297   322613   377543   322319   378023   321413   378683   321227   317087   409817   327203   429599   157019   418289     7907   677147   312779   504983   331889   637283    70589   684857   242867   663653   112337
   112253   663713   242729   684869    70439   637319   331553   505073   312743   677309     7757   418337   157007   429683   326999   378953   253607   446657   253247   447107   252887   447137   252827   447683   251939   448367   251609   448829   251099   460409   239543   460589   239333   236549   560639   321053   373007   270323   542999   281669   692249    22697   387263   194933   368453    62687   629567    15137   457277    36293   587753
   587987    36269   457367    15083   629807    62627   368729   194867   387269    22619   692333   281663   543287   270287   373343   320843   460709   132347   567719   132059   568097   131639   568643   131297   568877   130817   569237   130589   569663   130259   569927   129959   576683   342239   239297   379163   326663   429719   156719   418343     7673   677387   312737   505139   331277   637379    70199   684923   242639   663737   112019
   111893   663797   242603   684989    70163   637409   331217   505187   312677   677639     7607   418427   156707   429797   326657   379319   239087   570113   232079   468059   231893   468473   231479   468647   231323   468737   231107   468953   230969   469439   230393   470417   348077   129893   460919   320687   373349   270209   543299   281579   692399    22367   387329   194819   368789    62597   629843    15017   457403    36209   588113
   588173    36137   457553    14897   629927    62507   369023   194729   387623    22349   692423   281339   543383   269987   373859   320609   460937   129593   469649   301463   398759   301073   399137   300857   399197   300779   399263   300317   399887   300023   403097   346187   230357   570413   239069   379397   326147   430019   156623   418667     7583   677657   312383   505277   330983   637499    70079   685109   242453   663869   111833
   111767   664043   242447   685247    70067   637529   330887   505283   312089   677813     7547   418709   156467   430343   326063   379667   239027   570419   230213   399989   297953   402197   297707   402383   297503   402923   296969   403163   296753   404969   347513   300017   469793   129587   460979   320339   373943   269663   543539   281297   692459    22193   387917   194723   369119    62477   629939    14759   457559    35963   588239
   588347    35897   457607    14669   629987    62297   369353   194687   387977    22079   692753   281243   543659   269579   374063   320303   461147   129539   470207   299807   403499   221603   478679   221219   478913   221069   479147   219983   487637   341777   296507   400199   229799   570467   238859   379703   325943   430427   156347   418763     7253   677927   312029   505319   330653   637709    70019   685337   242399   664109   111659
   111623   664253   242309   685367    69899   637787   330587   505523   311897   678077     7079   418799   156119   430433   325889   379787   238709   570497   229763   400559   296249   480047   106013   594023   105899   594449   105437   595157   349043   219959   403757   299447   470243   129509   461297   320219   374117   269573   543887   281207   692927    21929   388109   194483   369419    62219   630107    14639   457697    35753   588383
   588509    35603   457913    14369   630197    62189   369647   194087   388259    21803   692963   281117   544223   269519   374123   320153   461333   129497   470279   299363   403877   219839   594617   217793   482309   217619   482507   349787   105389   480167   296129   400643   229727   570509   238673   379853   325883   430487   155783   418889     7043   678203   311747   505919   330359   637817    69809   685637   242093   664403   111497
   111323   664583   241979   685679    69653   638303   330347   505949   311687   678407     6917   419057   155747   430769   325673   379979   238499   570587   229553   400859   296117   480209   105107   482597   290657   202409   556943   217409   594899   219797   403889   299147   470453   129419   461507   320027   374333   269237   544259   280949   693089    21599   388319   194057   369659    61703   630353    14327   458027    35423   588683
   588737    35393   458123    14033   630467    61583   369959   194027   388403    21569   693137   280859   544919   269183   374399   320009   461609   129347   470597   299063   403979   219707   595073   486407   616289   350003    83717   213599   104933   480299   296027   400943   229409   570659   238397   379997   325607   430823   155087   419147     6869   678437   311603   505979   330047   638423    69539   685973   241883   664613   111269
   111263   664667   241817   686009    69317   638453   329873   506147   311279   678599     6857   419189   155069   430949   325319   380189   238313   570719   229343   401069   295517   480317   104729   212999   143063   497597   409349   487007   595277   219689   404489   298937   470663   129287   461693   319817   374687   269057   544937   280817   693149    21407   388727   193859   370133    61553   630689    13997   458189    35339   588743
   588779    35327   458327    13967   630803    61547   370217   193793   388823    12413   693179   280703   545063   268643   374819   319679   461843   129263   470783   298589   404693   484853   593519   350219   217697   482387   217499   482213   106487   215153   295313   401417   229223   570743   238163   380327   325187   431363   154943   419303     6827   687593   311183   506213   329789   638459    69203   686039   241679   664679   111227
   111053   664739   241643   686099    69143   638663   329393   506327   310949   687683     6689   419417   154619   431369   325019   380333   237857   570887   229139   401957   406883   205223   350963   105983   594107   105557   594569   104849   593993   494783   293123   298049   470867   129119   462149   319673   374987   268637   545387   280589   693317    12323   389057   193679   370613    61343   630863    13907   458363    35267   588953
   588977    35159   458543    13829   631013    61007   370619   193649   389117    12269   693353   280583   545483   268607   375029   319589   462239   128987   471137   401993   288773   358229   221327   478787   221093   478937   220859   480023   212369   478403   411233   298013   228869   571019   237767   380417   324977   431399   154523   419423     6653   687737   310889   506357   329387   638999    68993   686177   241463   664847   111029
   110819   665123   241343   686453    68819   639053   329333   506537   310733   687767     6569   419459   154247   431513   324893   380459   237563   571037   228077   291509   352493   297809   402299   297623   402503   297083   403037   296843   403253   295037   402053   408497   471929   128969   462443   319547   375113   268493   545759   280547   693437    12239   389273   193469   370673    60953   631187    13553   458663    34883   589187
   589409    34739   458669    13487   631229    60923   370883   193433   389447    12227   693533   280409   545933   268439   375233   319169   462719   128033   467297   353819   301247   398933   300869   399149   300809   399227   300743   399689   300119   399983   296909   398543   232709   571973   237287   380837   324773   431567   154073   419597     6473   687779   310559   506573   329123   639083    68777   686519   241337   665267   110597
   110567   665303   241259   686639    68699   639137   328919   506843   310439   687809     6329   419753   154067   431603   324647   380879   470303   561419   351929   231947   468113   231533   468527   231359   468683   231269   468899   231053   469037   230567   469613   229589   467927   138587   229703   319127   375359   268403   545939   280253   693677    12197   389567   193163   371087    60869   631307    13367   458747    34703   589439
   589529    34499   458879    13337   631409    60737   371177   193133   389723    12113   693683   280229   546053   268343   375413   309599   425189   357767   132287   567947   131909   568367   131363   568709   131129   569189   130769   569417   130343   569747   130079   570047   123323   567659   274817   390407   324593   431663   153953   419777     6323   687893   310283   506873   328829   639269    68597   686669   241127   665507   110477
   110129   665549   241049   686789    68477   639563   328667   506963   310223   688067     6317   420029   153743   431807   376307   445799   139367   253349   446759   252899   447119   252869   447179   252323   448067   251639   448397   251177   448907   239597   460463   239417   460673   463457   446399   254207   323699   268199   546263   279977   693689    11939   389783   193043   371339    60443   631529    13217   458957    34457   589877
   590123    34403   458993    13163   631559    60317   371387   193013   389819    11933   693743   279857   546317   431993   351587   290189   324497   375533   324437   375707   323957   376127   323537   376757   322877   377147   322709   377393   322463   377687   321983   378593   321323   378779   382919   375449   348419   268013   153689   420149     6263   688073   310187   506993   328619   639689    68447   686843   241013   665603   109883
   109517   665723   240959   686879    68147   639713   328589   507029   310049   688097     6197   420593   152783   262733   308939   338669   361433   338543   361637   338279   361769   338213   361799   338033   361979   337907   362147   328007   372023   327839   372179   327737   372299   327629   372689   379307   361013   437273   547223   279413   693809    11909   389957   192977   371417    60293   631859    13127   459047    34283   590489
   590537    34259   459113    13109   632123    60167   371627   192887   390077    11867   694019   426287   539129   351599   272903   427247   272603   427439   272549   427529   272093   427967   272009   428003   271967   428177   271703   428369   271517   428639   271163   429083   270659   429413   270539   429497   270329   427079   160877   273719     5987   688139   309929   507119   328379   639839    67883   686897   240893   665747   109469
   109433   665789   240797   686963    67853   639857   328373   507329   309899   688217   372137   405497   353453   159629   540383   159617   540437   159407   540713   159233   540779   159017   541097   158657   541439   158537   541577   158393   541763   158189   542117   157823   542207   157769   542447   157523   542579   155027   540269   294509   327869    11789   390107   192677   371633    60149   632153    13043   459209    34217   590573
   590609    33863   459383    13037   632273    59999   371663   192407   390209     5009   321077   213467   284897   415187   284489   415523   284447   415577   284057   416147   283763   416399   283463   416873   282917   417173   282767   417293   282389   417623   282287   417839   282143   417947   282053   418073   281927   418157   420317   414893   378929   694997   309797   507599   328343   640007    67733   686969   240623   666143   109397
   109379   666233   240257   687023    67709   640049   328109   507743   390869   667697   352133    11369   688733    11243   688889    11027   689033    10613   689693    10139   689873    10103   690119     9629   690419     9539   690509     9473   690629     9137   691037     8807   691337     8663   691409     8573   691463     8423   691637     8219   688223    32309   309137   192263   371897    59957   632297    12983   459749    33773   590627
   590753    33569   459803    12923   632327    59879   371939   513899   302417   372797    26189   674117    25847   674273    25643   674483    25469   674699    25247   674837    25127   675029    24923   675197    24767   675347    24593   675593    24179   675923    24077   675977    23789   676253    23747   676337    23633   676469    23357   676679     1733   673769   397589   186107   328067   640127    67679   687083   240203   666437   109253
   109139   666527   239933   687317    67559   640259   325217   178349   351563   316859   383153   316703   383429   316373   383813   316097   383969   315977   384107   315893   384203   315779   384407   315569   384479   315407   384737   315179   385079   314879   385193   314807   385379   314603   385493   314399   385739   314213   385817   314129   385943   313637   383099   521657   374789    59747   632447    12689   460073    33479   590867
   591089    33359   460127    12647   632459   640943   400307   352049   199403   500693   199049   501029   198929   501173   198719   501317   198623   501503   198413   501659   198179   502043   197927   502247   197597   502499   197453   502847   197123   502973   197003   503207   196739   503297   196583   503483   196187   503963   195863   504197   195737   504479   195407   500519   299699    59063    67547   687359   239879   666647   108917
   108893   666857   239849   687437   634397    45959   317453   337697   362657   337313   362723   336989   363119   336857   363179   336689   363569   336239   363947   336029   364127   335813   364313   335669   364373   335507   364883   335009   365129   334793   365369   334493   365627   334247   366077   333779   366269   333719   366293   333623   366467   333323   366983   367559   362213   654047    65609    12569   460157    33149   591113
   591137    33023   460373    10739    56963   357359    67307   632717    66809   633209    66749   633377    66533   633497    66383   633629    66239   633833    66083   634013    65927   634169    65699   634373    65357   634679    65213   634859    65063   634979    65003   635087    64667   635507    64439   635603    64157   635939    64037   636149    63743   636287    63647   636407    58913   632483   643043   689267   239633   666983   108869
   108497   667013   460619   676589   352073    76283   624209    75773   624347    75539   624479    75407   624683    75269   624797    75167   624977    74903   625109    74873   625307    74687   625397    74597   625517    74363   625913    74027   626033    73943   626147    73847   626333    73643   626393    73529   626489    73379   626963    73019   627083    72623   627953    71993   628097    71249   623717    23417   239387    32993   591509
   591659   668687   225023   355799    21017   679067    20879   679157    20543   679607    20297   679823    20177   679859    20123   680027    19793   680297    19553   680633    19013   681047    18917   681137    18839   681257    18713   681419    18443   681677    18287   681773    17957   682259    17729   682337    17579   682673    17327   683303    16649   683453    16529   683513    16319   683777    12899   678659   474983    31319   108347
   595613    21227   355853   250889   449153   250703   449333   250643   449663   250307   449807   250043   450083   249797   450227   249749   450413   249533   450503   249449   450587   249329   450719   249107   450917   248909   451103   248609   451523   247997   452159   247613   452453   247409   452813   246899   453197   246713   453317   246209   453833   245897   454247   245753   454379   245183   454919   243197   449003   678779   104393
    92669   353459    42509   657539    42299   657779    42197   657827    42023   658079    41879   658247    41729   658319    41627   658403    41519   658607    41357   658817    40847   659177    40583   659513    40283   659843    39953   660119    39869   660167    39779   660347    39503   660563    39323   660887    39113   660899    39089   660983    38903   661139    38747   661439    38459   661553    38393   661673    37313   657473   607337
   353657   119243   580919   118907   581333   118457   581597   118343   581729   118253   581843   117989   582167   117833   582209   117779   582509   117443   582677   117269   582767   117119   582983   116993   583139   116639   583469   116483   583619   116279   583733   116009   584027   115853   584183   115757   584279   115613   584417   115343   584873   115127   584993   114689   585413   114419   585677   114269   585839   113417   580577
