   129509   570509   129419   570659   129287   570743   129119   571019   128969   571133   128327   571847   128153   571973   127979   572093   127703   572357   127607   572423   127487   572633   127163   572867   127103   572927   127037   573179   126743   573647   126143   573899   125897   574289   125639   574619   125339   574703   125207   574913   124979   575087   124853   575213   124703   575429   124493   575573   124427   583997   339137
   575669    52889   647147    52817   647333    52553   647477    52517   647627    52313   647747    52253   647783    51977   648107    51767   648257    51713   648677    51287   648803    50849   649217    50723   649379    50549   649619    50363   649799    50177   649877    50069   650183    49529   650483    49463   650813    49019   651017    48767   651473    48497   651767    48197   652229    47513   652499    47339   653507   346187   124337
   124139   652727   262643   437693   262253   437819   262139   438029   261959   438233   261587   438443   261017   439007   260873   439157   260807   439253   260717   439463   260339   439799   259967   440177   259823   440339   259499   440849   259019   441029   258827   441263   258563   441479   258449   441563   258437   441887   257987   442139   257687   442367   257519   442517   257273   442817   257177   255239   535019    47279   575867
   576119    47093   443039    30347   669869    30119   669947    29867   670217    29663   670577    29423   670619    29333   670763    29153   670877    28817   671303    28649   671603    28289   671729    28229   672059    27779   672317    27449   672767    27179   672863    26987   673157    26813   673223    26759   673313    26393   673619    26357   673667    26237   673817    25889   674159    25733   676943   345263   256967   652913   123887
   123803   653117   256889   674363    86993   613163    86837   613253    86579   613607    86369   613763    86117   614153    85829   614387    85523   614693    85247   615137    84737   615473    84509   615539    84449   615599    84389   615743    84239   615827    84137   616073    83903   616229    83717   616367    83597   616529    83459   616589    83219   616799    83177   616943    83009   624479   339749    25643   443117    46889   576203
   576287    46853   443129    25523   617249    77849   622493    77477   622637    77213   623057    76679   623717    76283   624209    75773   624347    75539   624599    75323   624737    75209   624839    75029   625103    74897   625133    74699   625319    74609   625409    74489   625643    74093   625979    73973   626063    73859   626159    73673   626363    73613   626477    73517   626987   347057    82757   674483   256877   653153   123719
   123707   653357   256757   674537    82619   626627   349919   350093   349793   350219   349553   350663   349043   351179   348527   351563   348419   351599   348353   351797   348077   352049   347933   352133   347813   352493   347099   352973   346553   353459   346439   353657   346259   353783   346139   353963   345749   354317   345473   354677   345227   355037   344957   341339   361799    73379   617387    25469   443249    46649   576299
   576683    46643   443363    25307   617447    73043   355463   208577   491537   208379   491639   208337   491783   208217   491867   208037   492053   207947   492083   207629   492413   207443   492629   207287   492893   206993   493067   206897   493127   206813   493403   206543   493523   206399   493733   206153   493937   206039   493973   206027   494069   205913   205223   637529   344543   626963    82559   674699   256643   653363   123323
   122963   653777   256517   674759    82469   627083   344363   494387   328343   371897   328067   371999   327983   372137   327839   372179   327737   372299   327629   372689   327209   372803   326999   373343   326657   373859   326063   374063   325889   374123   325673   374399   325319   374789   325187   374987   324977   375113   324773   375359   324593   321077   402053   205619   355643    72923   617537    25247   443489    46229   577043
   577067    46187   443837    25169   617657    72623   355679   205487   375449    35963   664109    35753   664403    35423   664613    35339   664679    35267   664847    34883   665267    34703   665507    34457   665603    34283   665747    34217   666143    33773   666437    33479   666647    33149   666983    32993   667019    32429   667643    32309   683303   332729   324557   494519   344327   627383    82349   674837   256169   653819   122939
   122609   653903   256133   674879    82307   627953   344243   494609   324497   667769    20147   679883    19979   680213    19709   680453    19373   680993    18959   681089    18869   681167    18749   681293    18587   681563    18329   681719    18233   682049    17747   682277    17669   682427    17333   682679    16649   683453    16493   692753   339257    32237   375509   205397   355763    72053   617699    25127   443873    46103   577397
   577427    45959   443987    24977   617843    71993   355799   205319   375533    32189   683687   299147   400943   298937   401417   298049   401993   297809   402299   297623   402503   297083   403037   296909   403163   296753   403499   296249   403877   296117   403979   295517   404693   295187   404969   294659   405497   294479   294317   459383    16319   667817   324473   494687   344207   628013    82163   675029   256019   654047   122579
   122489   654053   255977   675083    81953   628097   344153   494699   324437   667949    16229   405659   172373   527699   172217   527909   171869   528299   171383   528707   171077   529049   170777   529637   169943   530087   169913   530183   169769   530297   169667   530513   169457   530597   169313   530807   168863   539507   340169   294347   683777    32057   375569   205307   355853    71909   618053    24923   444029    45953   577517
   577529    45497   444089    24809   618257    71879   355967   205157   375707    31973   683783   294179   531203   281933   418079   281849   418169   281807   418259   281717   418337   281663   418427   281339   418709   281243   418799   281117   419057   280859   419189   280703   419417   280583   419459   280409   280229   488723   168803   405827    16223   668033   324299   494849   344039   628127    81749   675197   255917   654509   122477
   122393   654593   255839   675239    81737   628139   343913   494873   323957   668159    16217   405857   168743   419753      887   699197      719   699323      569   699443      557   699527      467   699557      389   699767       59   699953        5   350039   339839   360593   338993   361337   338573   361769   698507   280253   531263   294149   683789    31847   376049   205133   356093    71867   618269    24767   444167    45413   577613
   577739    45377   444293    24659   618329    71789   356219   205103   376127    31397   683819   294059   531287   279977   361463   336059   363977   335879   364193   335693   364337   335633   364499   335123   364997   334877   365213   334637   365513   334379   365759   333929   366227   333737   329123   386279   338543   420029   168719   405947    16187   668609   323879   494903   343787   628217    81677   675347   255713   654629   122267
   122207   654743   255659   675413    81629   628373   343313   494987   323699   668687    16097   406403   168143   420149   338369   366287   264437   435647   264353   435839   264113   435923   264059   436097   263849   436283   263567   436607   263267   437153   262733   437357   250889   250307   547577   333719   361637   279857   531863   293603   683909    31319   376307   205019   356693    71633   618377    24593   444347    45263   577799
   577937    45179   444539    24413   618437    71333   356933   204887   376469    31307   683933   293507   531977   279689   361793   333623   449303   143999   556487   143243   556943   142979   557033   142949   557273   142697   557537   142433   557789   142019   558203   141719   601379   305369   250703   366383   338213   420317   168029   406499    16073   668699   323537   495119   343073   628673    81569   675593   255467   654827   122069
   122027   654923   255383   675827    81299   628679   343037   495149   323249   668747    16067   406547   168023   420593   338033   366467   250673   558497   243197   457139   242729   457367   242603   457553   242447   457607   242309   457913   241979   458123   241817   241343   565919   141509   449333   333539   361973   279413   531983   293459   683939    31259   376757   204857   356969    71327   618707    24179   444623    45083   577979
   578117    44963   444677    24083   618833    71249   357107   204557   377129    31193   684119   293357   532277   279407   361979   333023   449363   141443   458327   311687   388403   311279   388823   310949   389117   310733   389447   310439   389723   310223   409823   329393   241679   558563   250643   366983   338027   420599   167729   406649    15887   668813   322877   495449   342899   628757    81173   675923   255329   655043   121889
   121697   655229   255173   675929    81077   628877   342659   495563   322859   668867    15767   406859   167633   420677   337907   367019   250343   558827   241643   389819   309269   391067   308933   391283   308639   391487   308327   391757   308117   276707   464447   310187   458363   141179   449663   332987   362099   279329   532373   293147   684239    31139   377147   204443   357347    71129   618929    24077   444833    44777   578309
   578399    44633   444869    24029   619187    71069   357353   204437   377297    30983   684269   293123   532379   279269   362147   332699   449807   140939   458543   310049   392087   231479   468647   231323   468737   231107   468953   230969   228203   590609   307919   389957   241463   559067   250199   367307   337859   420737   167627   406883    15737   669023   322709   495569   342653   628937    80819   675977   255137   655373   121607
   121553   655649   255077   676217    80039   629009   342647   495629   322613   669029    15359   406907   167483   420803   337793   367559   250043   559277   241337   390077   307583   469439   116993   583139   116639   583469   116483   661259   272039   230567   392423   309929   458669   140729   449963   332447   362213   279203   532523   293099   684647    30977   377393   204377   357359    70997   619967    23789   444929    44357   578453
   578483    44279   444953    23753   620033    70667   357437   204359   377543    30893   684773   292517   532739   279029   362309   332393   450083   140663   458747   309899   392477   230393   583619   228257   471893   228077   224579   597209   116387   469613   307529   390107   241259   559343   249923   367613   337697   420977   167267   407489    15233   669113   322463   495647   342569   629339    79973   676253   255053   655727   121523
   121469   655757   254987   676259    79907   629417   342497   495707   322319   669167    15149   407579   167249   421103   337349   367733   249797   559367   241127   390209   307337   469649   116279   472133   303683   265193   481133   227873   583727   230357   392669   309797   458879   140639   450209   332273   362657   278903   532757   292427   684857    30839   377687   204299   357509    70589   620099    23747   445019    44249   578537
   578603    44159   445229    23669   620117    70439   357593   204233   378023    30677   684869   292367   532907   278843   362693   332183   450227   140477   458957   309599   392723   230213   583733   472799   527453   350003   172553   227207   116273   469793   307283   390407   241049   559529   249779   367823   337313   421163   167099   407639    15137   669329   321983   495773   342413   629567    79889   676337   254777   655847   121403
   121313   655883   254699   676373    79847   629807   342347   495899   321413   669413    15083   407723   167087   421397   337283   367889   249749   559583   241013   390503   307169   470207   584663   474029   218873   434813   396323   225977   115343   229799   392837   309503   458993   140423   450257   332117   362723   278609   532919   292283   684923    30593   378593   204107   357659    70199   620159    23633   445307    44123   578693
   578777    43943   445799    23537   620183    70163   357767   204059   378683    21569   684989   292223   533033   278489   363017   331907   450413   140339   459047   309479   392927   471137    36767   102797   228113   471929   475427   471749   663239   228869   307079   390527   240959   559667   249593   368099   336989   421517   166973   407783    15017   678437   321323   495947   342239   629843    79823   676469   254207   656063   121229
   121007   656153   254039   676589    79769   629927   342197   495959   321227   678599    14897   407969   166703   421643   336887   368117   249533   559673   240893   390647   306329   468113   427967   116867   583367   116537   583523    38747   583013   231893   393677   309359   459113   140333   450473   331889   363119   278363   533303   292037   685109    21407   378779   204047   357809    70079   620237    23417   445967    43853   578999
   579107    43577   446003    23357   620393    70067   358079   204023   378953    21347   685247   291869   533327   278279   363149   331553   450503   140297   459209   390869   506573   109397   231359   468683   231269   468899   231053   469037   471803   468527   193433   309137   240797   559709   249503   368453   336857   421727   166679   408137    14759   678659   321053   495983   341927   629939    79613   676649   254003   656429   120899
   120767   656519   253919   676679    79427   629987   341777   496007   320843   678779    14669   408173   166643   421943   336827   368729   249449   559799   219839   286589   235559   308939   391073   308723   391367   308519   391679   308249   391889   423299   390737   413417   480167   140207   450557   331277   363179   278063   533363   291833   685337    21227   379163   203999   358229    70019   620579    23327   446087    43487   579239
   579503    43403   446273    23279   620639    69899   358277   203843   379307    20939   685367   291743   533549   277919   363317   331217   450587   560837   694079   370613   311603   388727   311183   389057   310889   389273   310559   389567   310283   389783   290183   388319     5927   139169   249419   368789   336689   422087   166457   408263    14639   679067   320699   496163   341729   630107    79367   676727   253733   656603   120503
   120473   656609   253607   676919    79349   630197   341507   496343   320687   679127    14369   408437   166259   422249   336437   369023   455789    91397   134087   242867   457277   242639   457403   242453   457559   242399   457697   242093   458027   241883   458189   458663   456809   608609   244217   330983   363569   277757   533747   291569   685637    20879   379319   203663   358499    69809   620657    23087   446399    43397   579533
   579707    43319   446657    23039   620777    69653   358703   203579   379397    20849   685679   291509   533837   277643   363767   319049   427529   394637   143519   556763   143063   557027   142973   557057   142733   557309   142469   557573   142217   557987   141803   558287    98627   556007   272477   380957   336239   422363   166169   408497    14327   679157   320609   496427   341303   630353    79229   676967   253349   656687   120299
   120293   656783   253247   676979    79193   630467   341273   496889   320339   679463    14033   408563   166043   422369   687767   413807   152429   264359   435653   264167   435893   264083   435947   263909   436157   263723   436439   263399   436739   262853   437273   262649   449117   449699   435569   286199    12239   277637   533963   291443   685973    20543   379667   203117   358733    69539   620813    23027   446759    43223   579713
   579773    43067   447107    22859   621017    69317   358979   203057   379703    20399   686009   291293   533993   423179   697397   313727   336029   364127   335813   364313   335669   364373   335507   364883   335009   365129   334793   365369   334493   365627   334247   366077   333779   366269   370883   363947     2609   276827   166013   408713    13997   679607   320303   496949   341027   630689    78989   677147   252899   656939   120233
   119747   656993   252887   677309    78977   630803   340979   497117   320219   679709    13967   408719   535727   412457     1499      809   699287      683   699437      563   699449      479   699539      449   699617      239   699947       53   700001   349967   360167   339413   361013   338669   361433   338237   699119   287549   164279   291287   686039    20297   379787   202889   359027    69203   621029    22697   447119    43013   580259
   580373    42989   447137    22619   621113    69143   359069   202667   379853    20183   686099   409379   149627   211283   281927   418157   281837   418199   281747   418289   281669   418343   281579   418667   281297   418763   281207   418889   280949   419147   280817   419303   280589   419423   280547   419597   419777   418073   550379   290627    13907   679823   320153   497339   340937   630863    78893   677387   252869   657017   119633
   119627   657233   252827   677639    78779   631013   340877   497597   320027   679829   366683   393797   359837   172307   527789   172097   528137   171707   528623   171299   528929   170957   529229   170369   530063   169919   530093   169823   530237   169709   530339   169493   530549   169409   530693   169199   531143   160499   527633   306209   333323    20177   379979   202409   359129    68993   621227    22367   447179    42773   580379
   580577    42737   447683    22349   621353    68819   359147   202403   379997    16529   317969   240623   299063   401069   298589   401957   298013   402197   297707   402383   297503   402923   296969   403097   296843   403253   296507   403757   296129   403889   296027   404489   295313   404819   295037   405347   294509   405527   405689   400859   382037   683477   320009   497603   340859   631187    78653   677657   252323   657269   119429
   119243   657323   251939   677813    78479   631229   340709   497663   316907   661139   360749    20123   680027    19793   680297    19553   680633    19013   681047    18917   681137    18839   681257    18713   681419    18443   681677    18287   681773    17957   682259    17729   682337    17579   682673    17327   683357    16553   683513     7253   679859    38867   383099   202343   359297    68777   621527    22193   448067    42683   580763
   580919    42533   448367    22079   621833    68699   359357   497957   429347   367277    35897   664253    35603   664583    35393   664667    35327   664739    35159   665123    34739   665303    34499   665549    34403   665723    34259   665789    33863   666233    33569   666527    33359   666857    33023   667013    32987   667577    32363   667697    16703   664043   270659   202049   340649   631307    78173   677927   251639   657473   119087
   118907   657497   251609   678077    78137   631409   338279   484853   297953   328109   371939   328007   372023   327869   372167   327827   372269   327707   372377   327317   372797   327203   373007   326663   373349   326147   373943   325943   374117   325883   374333   325607   374687   325217   374819   325019   375029   324893   375233   324647   375413   378929   371663   215153   361727    68597   621869    21929   448397    42509   581099
   581333    42467   448829    21803   622073   635849   366293    62477   208469   491627   208367   491669   208223   491789   208139   491969   207953   492059   207923   492377   207593   492563   207377   492719   207113   493013   206939   493109   206879   493193   206603   493463   206483   493607   206273   493853   206069   493967   206033   493979   205937   494093   494783   491429   333713    64157    77933   678203   251177   657539   118673
   118457   657707   251099   678407    77003    54539   338207   349913   350213   349787   350453   349343   350963   348827   351479   348443   351587   348407   351653   348209   351929   347957   352073   347873   352193   347513   352907   347033   353453   346547   353567   346349   353747   346223   353867   346043   354257   345689   354533   345329   354779   344969   355049   358667   350087   645467   623003    21599   448907    42299   581549
   581597    42227   449003    21017   606113   352949    77513   622529    77369   622793    76949   623327    76289   623723    75797   624233    75659   624467    75407   624683    75269   624797    75167   624977    74903   625109    74873   625307    74687   625397    74597   625517    74363   625913    74027   626033    73943   626147    73847   626333    73643   626393    73529   626489    73019   622157    93893   678989   251003   657779   118409
   118343   657809   449153   667427   360257    86843   613169    86753   613427    86399   613637    86243   613889    85853   614177    85619   614483    85313   614759    84869   615269    84533   615497    84467   615557    84407   615617    84263   615767    84179   615869    83933   616103    83777   616289    83639   616409    83477   616547    83417   616787    83207   616829    83063   616997    75527   613013    32579   250853    42197   581663
   581729    42179   426233   354743    30137   669887    30059   670139    29789   670343    29429   670583    29387   670673    29243   670853    29129   671189    28703   671357    28403   671717    28277   671777    27947   672227    27689   672557    27239   672827    27143   673019    26849   673193    26783   673247    26693   673613    26387   673649    26339   673769    26189   674117    25847   674273    23063   669659   273773   657827   118277
   587669   645839   164987   262313   437753   262187   437867   261977   438047   261773   438419   261563   438989   260999   439133   260849   439199   260753   439289   260543   439667   260207   440039   259829   440183   259667   440507   259157   440987   258977   441179   258743   441443   258527   441557   258443   441569   258119   442019   257867   442319   257639   442487   257489   442733   257189   442829   444767   437363    54167   112337
    93419   353819    52859   647189    52673   647453    52529   647489    52379   647693    52259   647753    52223   648029    51899   648239    51749   648293    51329   648719    51203   649157    50789   649283    50627   649457    50387   649643    50207   649829    50129   649937    49823   650477    49523   650543    49193   650987    48989   651239    48533   651509    48239   651809    47777   652493    47507   652667    46499   647117   606587
   360869   129497   570587   129347   570719   129263   570887   128987   571037   128873   571679   128159   571853   128033   572027   127913   572303   127649   572399   127583   572519   127373   572843   127139   572903   127079   572969   126827   573263   126359   573863   126107   574109   125717   574367   125387   574667   125303   574799   125093   575027   124919   575153   124793   575303   124577   575513   124433   575579   116009   570497
