   122609   577427   122489   577529   122393   577739   122207   577937   122027   578117   121697   578399   121553   578483   121469   578603   121313   578777   121007   579107   120767   579503   120473   579707   120293   579773   119747   580373   119627   580577   119243   580919   118907   581333   118457   581597   118343   581729   118253   581843   117989   582167   117833   582209   117779   582509   117443   582677   117269   584183   345749
   582767    45953   654509    45413   654629    45263   654827    45083   655043    44777   655373    44357   655727    44249   655847    44123   656063    43853   656429    43487   656603    43397   656687    43223   656939    43013   657017    42773   657269    42683   657473    42509   657539    42299   657779    42197   657827    42023   658079    41879   658247    41729   658319    41627   658403    41519   658607    41357   660899   345227   117239
   117119   658817   255467   444623   255329   444767   255173   444869   255077   444953   254987   445229   254699   445799   254039   446003   253919   446273   253607   446657   253247   447107   252887   447137   252827   447683   251939   448367   251609   448829   251099   449003   250889   449153   250703   449333   250643   449663   250307   449807   250043   450083   249797   450227   249749   450413   249533   249107   547487    41189   582887
   582983    40847   450503    24029   676217    23753   676259    23669   676373    23537   676589    23357   676679    23279   676919    23063   676967    23027   677147    22697   677387    22367   677657    22193   677927    21929   678203    21599   678437    21407   678659    21227   678989    20939   679127    20849   679463    20399   679709    20183   679829    20147   679883    19979   680213    19709   690467   337697   249503   659159   117023
   116993   659177   249449   680453    79973   620099    79889   620159    79823   620237    79613   620579    79367   620657    79229   620813    78989   621029    78893   621227    78653   621527    78173   621869    77933   622157    77513   622529    77369   622793    77003   623057    76679   623717    76283   624209    75773   624347    75539   624479    75407   624683    75269   624797    75167   626489   346139    19553   450557    40829   583013
   583139    40583   450587    19373   624977    70439   629807    70163   629927    70067   629987    69899   630197    69653   630467    69317   630803    69143   631013    68819   631229    68699   631409    68477   631559    68147   632123    67853   632273    67709   632327    67559   632459    67523   632699    67289   633197    66797   633257    66629   633473    66509   633623    66377   634169   347057    75029   680633   249419   659423   116867
   116639   659513   249329   680993    74903   633767   341507   358667   341303   358733   341027   359027   340937   359129   340859   359297   340649   359837   339839   360257   339413   360749   339137   361013   338669   361433   338543   361637   338279   361769   338213   361799   338033   361979   337907   362147   337793   362657   337313   362723   336989   363119   336857   336059   374819    66239   625103    19013   450677    40493   583367
   583469    40283   450719    18959   625109    66173   363179   203663   496427   203117   496949   202889   497339   202409   497603   202343   497729   202049   498053   201797   498557   201359   498803   200867   499283   200657   499397   200513   499523   200357   499853   200063   499973   199853   500333   199637   500483   199487   500603   199313   500957   198977   501383   347513   336827   633833    74897   681047   249287   659723   116537
   116483   659843   249089   681089    74873   633923   336689   501077   320303   379787   320153   379979   320009   380189   319679   380333   319589   380459   319169   380879   319097   380957   318683   381377   318473   381629   318347   381707   317969   382103   317777   382553   317363   382727   317159   382883   317087   383069   316907   383147   316853   383303   348407   198929   363317    66083   625133    18917   450917    40163   583523
   583619    39953   451097    18869   625307    65993   363569   198833   383429    29387   670673    29243   670853    29129   671189    28703   671357    28403   671717    28277   671777    27947   672227    27689   672557    27239   672827    27143   673019    26849   673193    26783   673247    26693   673613    26387   673649    26237   673817    25889   695069   327317   316577   501173   336437   634013    74699   681137   248909   660053   116387
   116279   660119   248903   681167    74687   634079   336239   501287   316373   674159    13829   686453    13487   686639    13337   686789    13163   686879    13109   686963    13037   687023    12923   687107    12689   687359    12569   687593    12323   687737    12239   687779    12197   687893    11939   688073    11909   688139    11789   690869   346259    25847   383633   198719   363767    65927   625319    18839   451103    39887   583727
   583733    39869   451397    18749   625397    65699   363977   198689   383813    25733   688223   290039   410117   289763   410279   289319   410903   288839   411233   288527   411617   288227   412067   287933   412133   287849   412193   287549   412619   287057   413033   286763   413417   286469   413579   286199   414053   285827   282167   480317    11783   674273   316193   501317   336029   634307    74609   681257   248609   660137   116273
   116009   660167   248483   681293    74597   634373   335879   501503   316097   674363    11369   414467   164039   536147   163733   536699   162593   537587   162263   537749   161957   538127   161807   538367   161453   538697   161267   539009   160967   539129   160739   539309   160499   539633   160367   539663   160319   540149   347813   285539   688637    25643   383909   198503   364127    65633   625409    18713   451523    39839   583997
   584027    39779   452009    18587   625517    65609   364193   198413   383969    25523   688733   285377   539837   275969   424169   275783   424433   275459   424559   275339   424967   275003   425189   274709   425309   274583   425489   274457   425603   274223   425819   274103   425987   273929   426233   273719   428489   346553   160169   414629    11273   674483   316037   501593   335813   634397    74489   681419   247997   660227   115979
   115853   660347   247847   681563    74363   634649   335693   501659   315977   674537    11243   414779   160163   426353   342899   357347   342653   357359   342569   357509   342413   357659   342239   357809   341927   358229   341729   367889   331907   368117   331553   368729   331217   369023   330887   321077   387329   273653   539843   285227   688763    25469   384029   198347   364313    65357   625643    18443   452159    39659   584153
   584249    39503   452393    18329   625913    65327   364337   198179   384107    25307   688889   285113   540167   273617   369353   328067   371999   327983   372137   327839   372179   327737   372299   327629   372797   327203   373007   326663   373349   326147   373943   325943   374117   325883   374789   348353   330653   426389   159839   414893    11117   674699   315899   501827   335669   634679    74093   681677   247613   660503   115757
   115727   660563   247553   681719    74027   634793   335633   502043   315893   674759    11027   415109   159833   426737   330587   374333   256967   443117   256877   443249   256643   443489   256169   443873   256019   444029   255917   444167   255713   444347   242639   457403   242453   241013   565973   325673   369419   273269   540173   284897   688979    25247   384113   197963   364373    65213   625979    18287   452453    39443   584279
   584393    39323   452597    18233   626033    65147   364499   197927   384203    25169   689033   284819   540233   273233   369647   325607   457559   136559   563543   136343   563813   135647   564407   135389   564653   135209   564917   135017   565337   134489   565589   134369   592307   322463   242447   374399   330359   426773   159773   415187    10973   674837   315803   502079   335507   634859    73973   681773   247409   660683   115613
   115589   660887   247193   682049    73943   634943   335123   502247   315779   674879    10739   415517   159737   426893   330347   374687   242399   565667   235877   464213   235679   464447   235523   464699   235043   464993   235007   465089   234833   465293   234599   468527   346223   134339   457607   325319   369659   273113   540269   284489   689267    25127   384227   197759   364883    65063   626063    17957   452813    39119   584417
   584663    39113   453107    17747   626147    65027   364997   197597   384407    24977   689693   284483   540377   272933   370133   325019   457697   134219   465419   304349   396203   303767   396293   303683   396413   303497   396533   303377   396713   303119   402053   344039   234587   565787   242309   374987   329873   427073   159629   415523    10313   675029   315599   502409   335009   634979    73859   682259   246899   660893   115343
   115133   660917   246809   682277    73847   635003   334877   502499   315569   675083    10139   415559   159623   427079   329789   375029   242093   565793   234197   396953   301943   398213   301703   398357   301583   398543   301247   398933   300869   400199   348443   303053   465809   134213   457913   324977   370217   272927   540383   284447   689867    24923   384437   197507   365129    65003   626159    17729   453197    39089   584873
   584879    39023   453293    17669   626333    64919   365213   197453   384479    24809   689873   284429   540389   272903   370613   324893   458027   134087   465917   302969   399149   224579   475583   224327   475697   224129   475973   223919   476477   349343   300857   397037   234089   565919   241979   375113   329393   427103   159617   415577    10133   675197   315527   502553   334793   635087    73673   682337   246713   660983   115127
   115013   661103   246689   682427    73643   635339   334637   502847   315407   675239    10103   415949   159569   427247   329387   375233   241883   566057   234029   397259   300809   476183   109517   590537   109433   590609   109379   590753   349793   223823   399197   302747   465977   133949   458123   324773   370619   272759   540437   284057   689903    24767   384599   197159   365369    64667   626363    17579   453317    38903   584993
   585317    38867   453797    17333   626393    64499   365513   197123   384737    24659   690119   283859   540599   272603   370673   324647   458189   133733   466247   302723   399227   223757   590867   221807   478259   221603   221093   607253   109139   476249   300779   397283   233759   566273   241817   375359   329333   427403   159407   416147     9887   675347   315269   502883   334493   635507    73613   682673   246209   661139   114689
   114593   661259   246173   682679    73529   635567   334379   502973   315179   675593     9629   416243   159293   427439   329123   375413   241679   566567   233489   397427   300743   476369   108917   478679   294347   141179   614483   221327   591089   223637   399263   302579   466517   133439   458327   324593   370883   272567   540713   283763   690377    24413   384827   197033   365627    64439   626477    17327   453833    38747   585413
   585587    38567   454109    16703   626627    64403   365759   197003   385079    24179   690419   283607   540773   272549   371087   324557   458363   133283   466649   302573   399689   223577   591113   480023   670139   350003    29867   219983   108893   476429   300317   397433   233357   566723   241643   375449   328919   427457   159233   416399     9587   675827   314927   503003   334247   635603    73379   683303   245897   661439   114419
   114329   661547   245759   683357    73043   635849   333929   503207   314879   675923     9497   416543   159227   427529   328829   375509   241343   567053   232823   397493   300023   476513   604997   476753    85523   558827   405659   223253    95009   223493   399983   302513   467183   132953   458663   324497   371177   272477   540779   283463   690509    24083   385127   196799   366077    64157   626963    16649   454247    38459   585677
   585737    38453   454253    16553   626987    64067   366227   196739   385193    24077   690533   283133   540989   272093   371339   324473   458669   132947   467297   302459   399989   223403    94397    92753   221747   478403   478913   478199   605609   476603   300017   397547   232709   567059   241337   375533   328667   427913   159017   416873     9473   675929   314813   503267   333779   635939    73019   683453   245753   661553   114269
   114167   661613   245627   683477    72923   635969   333737   503297   314807   684989     9377   417089   158909   427967   328619   375569   241259   567143   232607   397589   418289   474983   350213   109469   590573   109397   590627   109253   590489   225023   281717   302417   467399   132863   458747   324437   371387   272039   541097   282917   690629    15017   385199   196709   366269    64037   627083    16529   454379    38393   585839
   585863    38333   454823    16493   627383    63857   366287   196583   385379    14897   691037   282833   541349   272009   371417   324299   458879   132749   467507   398129   278609   350663   224423   475679   224309   475877   224033   476087   223529   475427   421397   301877   232499   567257   241127   375707   328589   427997   158657   417173     8969   685109   314627   503423   333719   636149    72623   683513   245183   661673   114143
   114089   661679   245087   683687    72053   636263   333713   503483   314603   685247     8807   417239   158567   428003   328379   376049   241049   567383   469037   294149   351563   301793   398303   301649   398423   301463   398759   301073   399137   299807   398063   405857   230969   132623   458957   323957   371627   272003   541439   282767   691199    14759   385403   196523   366293    63743   627953    16319   454919    38327   585917
   586037    38237   454967    16229   628013    63719   366383   196187   385493    14669   691337   282713   541469   271967   371633   323879   459047   572519   225167   355967   303803   396239   303713   396323   303593   396509   303473   396629   303293   396887   297953   395657   474839   127487   240959   376127   328373   428039   158537   417293     8669   685337   314513   503819   333623   636287    71993   683777   245039   661769   113969
   113933   661823   245033   683783    71909   636359   333539   503963   314399   685367     8663   417617   158429   428177   328343   376307   460073    96749   353783   235793   464327   235559   464483   235307   464963   235013   464999   234917   465173   234713   465407   231479   464129   603257   239933   323699   371663   271829   541577   282389   691343    14639   385607   196043   366467    63647   628097    16223   454973    38183   586073
   586349    37649   455219    16217   628127    63599   366683   195863   385739    14369   691409   282383   541613   271703   371897   389057   440849   377543   136463   563663   136193   564359   135599   564617   135353   564797   135089   564989   134669   565517   134417   565637   107699   563447   259157   310949   328109   428303   158393   417623     8597   685637   314267   504143   333323   636407    71879   683789   244787   662357   113657
   113513   662477   244667   683819    71867   636473   333023   504197   314213   685679     8573   417719   158189   428369   300119   305783   134033   256889   443129   256757   443363   256517   443837   256133   443987   255977   444089   255839   444293   255659   457367   242603   457553   458993   443039   394223   399887   271637   541817   282287   691433    14327   385793   195809   366983    63533   628139    16187   455339    37529   586493
   586589    37493   455513    16097   628217    63473   367019   195737   385817    14033   691463   282143   542117   271163   423179   351653   328007   372023   327869   372167   327827   372269   327707   372377   327209   372803   326999   373343   326657   373859   326063   374063   325889   374123   325217   371939   276827   428843   157889   417863     8543   685973   314189   504269   332987   636533    71789   683909   244493   662513   113417
   113327   662693   244403   683933    71633   636539   332729   504479   314129   686009     8423   417947   542999   422087   312677   342659   357353   342647   357437   342497   357593   342347   357767   342197   358079   341777   358277   332117   368099   331889   368453   331277   368789   330983   369119   378929   357107   277919   157007   282059   691583    13997   385877   195527   367277    63467   628373    16073   455603    37313   586679
   586793    37217   455627    16067   628673    63443   367307   195479   385943    13967   691637   281927   149399   353453   275837   424223   275573   424547   275447   424667   275039   425003   274817   425297   274697   425423   274517   425549   274403   425783   274187   425903   274019   426077   273773   426287   271517   424037   550607   418079     8369   686039   314063   504527   332699   636563    71333   683939   244379   662789   113213
   113027   662867   244217   684119    71327   636653   332447   504563   313889   686099   387263   541763   352193   163859   536273   163307   537413   162419   537743   162257   538049   161879   538199   161639   538553   161309   538739   160997   539039   160877   539267   160697   539507   160373   539639   160343   539687   159857   535967   158243   312743    13907   386117   195443   367559    63353   628679    15887   455789    37139   586979
   587087    37049   455849    15767   628757    63197   367613   195413   386153    10613   305267   219689   289889   410243   289727   410687   289103   411167   288773   411479   288389   411779   287939   412073   287873   412157   287813   412457   287387   412949   286973   413243   286589   413537   286427   413807   285953   414179   417839   409967   394739   689393   313853   504593   332393   636809    71249   684239   244157   662957   112919
   112787   663149   243857   684269    71129   636947   332273   504599   389783   653117   353747    13553   686519    13367   686669    13217   686843    13127   686897    13043   686969    12983   687083    12899   687317    12647   687437    12413   687683    12269   687767    12227   687809    12113   688067    11933   688097    11867   688217     9137   686177    46889   310223   195407   367733    63059   628877    15737   456149    36857   587219
   587417    36767   456167    15359   628937    62939   367823   194867   303287   372689    29333   670763    29153   670877    28817   671303    28649   671603    28289   671729    28229   672059    27779   672317    27449   672767    27179   672863    26987   673157    26813   673223    26759   673313    26393   673619    26357   673769    26189   674117     4937   670619   396719   505139   332183   637067    71069   684647   243839   663239   112589
   112577   663407   243239   684773    70997   637079   330047   495947   351599   320219   379853   320027   379997   319817   380327   319673   380417   319547   380837   319127   380909   319049   381323   318629   381533   318377   381659   318299   382037   317903   382229   317453   382643   317279   382847   317123   382919   316937   383099   316859   383153   316703   379703   204059   369959    62927   629009    15233   456767    36599   587429
   587603    36467   456809    15149   629339   664739   388259   352493   203579   496889   203057   497117   202667   497597   202403   497663   202277   497957   201953   498209   201449   498647   201203   499139   200723   499349   200609   499493   200483   499649   200153   499943   200033   500153   199673   500369   199523   500519   199403   500693   199049   501029   198623   496343   311747    35267    70667   684857   243197   663539   112403
   112337   663653   242867   684869   629417    26339   325187   341339   358703   341273   358979   340979   359069   340877   359147   340709   359357   340169   360167   339749   360593   339257   360869   338993   361337   338573   361463   338369   361727   338237   361793   338207   361973   338027   362099   337859   362213   337349   362693   337283   363017   336887   363149   363947   358499   673667    70589    15137   457139    36353   587669
   587753    36293   457277    15083    59393   352949    70199   629843    70079   629939    70019   630107    69809   630353    69539   630689    69203   630863    68993   631187    68777   631307    68597   631529    68447   631859    67883   632153    67733   632297    67679   632447    67547   632483    67307   632717    66809   633209    66749   633377    66533   633497    66383   633629    65837   629567   640613   684923   242729   663713   112253
   112019   663737   241463   666437   353867    79907   620117    79847   620183    79769   620393    79427   620639    79349   620777    79193   621017    78977   621113    78779   621353    78479   621833    78137   622073    77849   622493    77477   622637    77213   623003    76949   623327    76289   623723    75797   624233    75659   624467    75527   624599    75323   624737    75209   624839    73517   620033    33569   458543    36269   587987
   588113   663797   646307   362309    23789   676253    23747   676337    23633   676469    23417   676649    23327   676727    23087   676943    23039   676979    22859   677309    22619   677639    22349   677813    22079   678077    21803   678407    21569   678599    21347   678779    21017   679067    20879   679157    20543   679607    20297   679823    20177   679859    20123   680027    19793   680297     9539   675977    53699    36209   111893
   588239    24593   152519   255383   444677   255239   444833   255137   444929   255053   445019   254777   445307   254207   445967   254003   446087   253733   446399   253349   446759   252899   447119   252869   447179   252323   448067   251639   448397   251177   448907   251003   449117   250853   449303   250673   449363   250343   449699   250199   449963   249923   450209   249779   450257   249593   450473   450899   444539   675413   111767
    99347   354779    45497   654593    45377   654743    45179   654923    44963   655229    44633   655649    44279   655757    44159   655883    43943   656153    43577   656519    43403   656609    43319   656783    43067   656993    42989   657233    42737   657323    42533   657497    42467   657707    42227   657809    42179   657983    41927   658127    41759   658277    41687   658379    41603   658487    41399   658649    39107   654053   600659
   354257   122579   577517   122477   577613   122267   577799   122069   577979   121889   578309   121607   578453   121523   578537   121403   578693   121229   578999   120899   579239   120503   579533   120299   579713   120233   580259   119633   580379   119429   580763   119087   581099   118673   581549   118409   581663   118277   581753   118163   582017   117839   582173   117797   582227   117497   582563   117329   582737   115823   577397
