    12269   687767    12227   687809    12113   688067    11933   688097    11867   688217    11783   688637    11273   688763    11117   688979    10973   689267    10613   689693    10139   689873    10103   690119     9629   690419     9539   690509     9473   690629     9137   691037     8807   691337     8663   691409     8573   691463     8423   691637     8297   691763     8219   691919     8009   692099     7757   692333     7607   694019   345749
   692423   281717   418337   281663   418427   281339   418709   281243   418799   281117   419057   280859   419189   280703   419417   280583   419459   280409   419753   280229   420029   279857   420317   279413   420599   279329   420737   279203   420977   278903   421163   278609   421517   278363   421727   278063   422087   277757   422363   277637   422459   277247   422789   276953   423173   276827   423299   276593   276449   494699     7583
     7547   423503   134087   565973   133949   566273   133439   566723   132953   567059   132863   567257   132623   567569   132347   567719   132059   568097   131639   568643   131297   568877   130817   569237   130589   569663   130259   569927   129959   570113   129593   570419   129539   570497   129497   570587   129347   570719   129263   570887   128987   571037   128873   571679   128159   571853   128033   572903   346259   276503   692459
   692753   276389   572027   259823   440339   259499   440849   259019   441029   258827   441263   258563   441479   258449   441563   258437   441887   257987   442139   257687   442367   257519   442517   257273   442817   257177   443039   256889   443129   256757   443363   256517   443837   256133   443987   255977   444089   255839   444293   255659   444539   255383   444677   255239   444833   255137   446087   346223   127979   423617     7253
     7079   423713   127913   444929   320687   379397   320339   379703   320219   379853   320027   379997   319817   380327   319673   380417   319547   380837   319127   380909   319049   381323   318629   381533   318377   381659   318299   382037   317903   382229   317453   382643   317279   382847   317123   382919   316937   383099   316859   383153   316703   383429   316373   383813   316097   314399   417089   255077   572093   276293   692927
   692963   276257   572303   255053   383969   311747   388319   311603   388727   310949   389117   310733   389447   310439   389723   310223   389819   310049   390077   309899   390209   309599   390503   309479   390647   309269   390869   308939   391073   308723   391367   308519   391679   308249   391889   307919   392423   307529   392669   307283   392837   307079   393059   306749   302459   438233   316037   444953   127703   423749     7043
     6917   423869   127649   445019   315977   393299   219437   480713   219017   481043   218873   481157   218627   481589   217907   482213   217697   482387   217499   482597   217319   482753   217169   483389   216233   483827   215939   484079   215723   484607   215393   484727   215273   484853   214943   485123   214589   485447   214463   485567   213953   486119   213827   213467   620579   306707   384029   254987   572357   276137   693089
   693137   275999   572399   254777   384107   306533   486293    84137   616073    83903   616229    83717   616367    83597   616529    83459   616589    83219   616799    83177   616943    83009   617249    82619   617447    82469   617657    82307   617843    81953   618257    81737   618329    81629   618437    81299   618833    81077   619187    80039   620033    79907   620183   347873   213713   393473   315899   445229   127607   424007     6869
     6857   424019   127583   445307   315893   393587   213599   620117   200723   499349   200609   499493   200483   499649   200153   499943   200033   500153   199673   500369   199523   500519   199403   500693   199049   501029   198929   501173   198719   501317   198623   501503   198413   501659   198179   502043   197927   502247   197597   502499   197453   197159   653819    79889   486407   306419   384113   254699   572423   275987   693149
   693179   275969   572519   254207   384203   306377   486449    79847   502883   265739   434297   265703   434387   265547   434813   265157   434927   264899   435179   264749   435263   264443   435569   264359   435653   264167   435893   264083   435947   263909   436157   263723   436439   263399   436739   262853   437273   262649   437363   262313   245039   541469   197123   620159   213557   393629   315803   445799   127487   424037     6827
     6689   424169   127373   445967   315779   393677   213329   620237   197033   437753   247409   452813   246899   453197   246713   453317   246209   453833   245897   454247   245753   454379   245183   454919   245033   455219   244667   455513   244403   455627   244217   455849   243857   456167   243239   456809   242867   457277   242639   242399   563543   262253   502973    79769   486677   306329   384227   254039   572633   275837   693317
   693353   275783   572843   254003   384407   306209   486797    79613   503003   262187   457403   172883   527129   172673   527399   172553   527489   172373   527699   172217   527909   171869   528299   171383   528707   171077   529049   170777   529637   169943   530087   169913   530183   169769   530297   169667   530513   169457   530693   348443   242603   437819   197003   620393   213209   393797   315599   446003   127163   424223     6653
     6569   424433   127139   446273   315569   393857   213173   620639   196799   437867   242453   530597    48533   651509    48239   651809    47777   652493    47507   652667    47279   652913    46889   653153    46649   653363    46499   653777    46103   654047    45953   654509    45413   654629    45263   654827    45083   659159   344039   169409   457553   262139   503207    79367   486833   306149   384437   253733   572867   275573   693437
   693533   275459   572927   253607   384479   306029   486977    79349   503267   261977   457559   169199   655043   157799   542237   157559   542483   157427   542747   157133   542987   157007   543287   156707   543383   156467   543659   156119   544223   155747   544919   155069   544979   154943   545387   154523   547097   346187    44963   530807   242447   438029   196739   620657   213029   393977   315527   446399   127079   424547     6473
     6329   424559   127037   446657   315407   394007   212999   620777   196709   438047   242309   531143    44777   545759   221603   478679   221219   478913   221069   479147   219959   480167   219797   480299   219689   480329   219587   480503   209639   490859   209039   491129   208787   491339   208589   492629   347099   154247   655229   168863   457697   261959   503297    79229   487007   305999   384599   253349   572969   275447   693677
   693683   275339   573179   253247   384737   305933   487133    79193   503423   261587   457913   168803   655373   154073   491429   206897   493127   206813   493403   206543   493523   206399   493853   206069   493967   206033   493979   205937   494093   205619   494519   205397   494687   205223   495563   348419   208577   545933    44633   531203   242093   438419   196583   620813   212873   394073   315269   446759   126827   424667     6323
     6317   424967   126743   447107   315179   394157   212579   621017   196523   438443   241979   531263    44357   545939   208469   494849   137399   562613   137303   563117   136649   563447   136343   563813   135647   564407   135389   564653   135209   564989   134489   565589   134369   578603   336029   205157   491537   154067   655649   168743   458027   261563   503483    78989   487427   305849   384827   252899   573263   275039   693689
   693743   275003   573647   252887   385079   305783   487637    78977   503819   261017   458189   168719   655727   153953   491627   205133   565667    23747   676337    23633   676469    23417   676649    23327   676727    23087   676943    23039   676979    22859   677309    22619   685637   341273   134339   494873   208379   546053    44279   531287   241817   438989   196187   621029   212369   394223   314927   447119   126359   425003     6263
     6197   425189   126143   447137   314879   394367   212297   621113   196043   439133   241679   531863    44249   546263   208367   494903   134219   677639   117023   583013   116867   583367   116537   583523   116387   583727   116273   583997   115979   584153   115823   585863   347513    22367   565787   205103   491639   153743   655757   168143   458327   260873   503963    78893   487709   305639   385127   252869   573863   274817   693809
   694079   274709   573899   252827   385193   305597   487889    78779   504143   260849   458363   168029   655847   153689   491669   205019   565793    22349   584249   184727   515357   184577   515519   184409   515873   184013   516209   183713   516323   183569   179573   686177   115757   677657   134213   494987   208337   546317    44159   531977   241643   439157   195863   621227   212117   394409   314813   447179   126107   425297     5927
     5813   425309   125897   447683   314807   394523   211997   621353   195809   439199   241463   531983    44123   546569   208223   495119   122609   677813   115727   516617   182639   517403   182549   517469   182453   517589   182387   517877   182057   519257   348353   183389   584279    22193   577397   204887   491783   153437   655883   168023   458543   260807   504197    78653   488009   305483   385199   252323   574109   274697   694193
   694223   274583   574289   251939   385379   305477   488057    78479   504269   260753   458663   167729   656063   153287   491789   204857   577427    22079   584393   183383   518249   105983   594107   105557   594569   105389   594899   104933   595247   349343   181757   516623   115613   677927   122579   495149   208217   546719    43943   532277   241343   439253   195737   621527   211949   394529   314627   448067   125717   425423     5783
     5693   425489   125639   448367   314603   394637   211493   621833   195527   439289   241337   532373    43853   546869   208139   495449   122489   678077   115589   516689   181619   595157     2069   697967     2027   698273     1709   699449   348527   104849   518387   183317   584417    21929   577517   204557   491867   153137   656153   167633   458669   260717   504479    78173   488513   305369   385403   251639   574367   274517   694313
   694349   274457   574619   251609   385493   305363   488573    78137   504527   260543   458747   167627   656429   153113   491969   204437   577529    21803   584663   183167   518597   104729   698339   102587   597473   102407   613169   334379     1667   595277   181409   516839   115343   678203   122477   495569   208037   546893    43577   532379   241259   439463   195479   621869   211433   394643   314513   448397   125387   425549     5657
     5639   425603   125339   448829   314267   394739   211403   622073   195443   439667   241127   532523    43487   546947   207953   495629   122393   678407   115133   516947   181277   595313     1619   597677   177383   633767   238859   102329   698387   104693   518729   183059   584873    21599   577613   204377   492053   153059   656519   167483   458879   260339   504563    77933   488603   305267   385739   251177   574667   274403   694367
   694487   274223   574703   251099   385793   305219   488633    77849   504593   260207   458957   167267   656603   152783   492059   204359   577799    21569   584879   183047   518807   104459   698393   102107   411479   350003   288527   597899     1613   595547   181199   516959   115127   678437   122207   495647   207947   547223    43403   532739   241049   439799   195413   622157   211373   394787   314213   448907   125303   425783     5519
     5483   425819   125207   449003   314189   395027   211319   622493   195407   440039   241013   532757    43397   547229   207923   495707   122069   678599   115013   517073   181193   595613      449   582017   461147    66239   522623   117989   699557   104393   518813   182933   584993    21407   577937   204299   492083   152777   656609   167249   458993   259967   504599    77513   488687   304979   385817   251003   574799   274187   694523
   694619   274103   574913   250889   385877   304937   488723    77477   504617   259829   459047   167099   656687   152519   492377   204233   577979    21347   585317   182927   519227   606527   697673   365627   102533   597599    86837   597419     2333    93479   180779   517079   114689   678659   122027   495773   207629   547487    43319   532907   240959   440177   195389   622529   211283   395069   314129   449117   125093   425903     5387
     5087   425987   124979   449153   314063   395159   211247   622637   195329   450677   240893   532919    43223   547577   207593   495899   121889   678779   114593   517217   522839    91583   351479     2039   697979     1733   698297      557   697937   608423   177167   182789   585413    21227   578117   204107   492413   152429   656783   167087   459113   249329   504677    77369   488759   304847   385943   250853   575027   274019   694919
   694997   273929   575087   250703   386117   304763   488909    77213   504929   249287   459209   166973   656939   152423   492563   204059   578309    21017   585587   520103   173933   350663   105899   594449   105437   594617   105107   595073   104759   594023   526073   179903   114419   678989   121697   495947   207443   547583    43067   533033   240797   450719   195077   622793   211097   395243   313889   449303   124919   426077     5009
     5003   426233   124853   449333   313853   395453   210827   623003   195053   450917   240623   533303    43013   547643   207287   495959   121607   679067   585917   514313   351653   182603   517457   182537   517553   182417   517619   182129   517949   180749   517367   185693   114089    20939   578399   204047   492719   152363   656993   166703   459383   249089   504953    77003   489179   304553   386153   250673   575153   273773   695003
   695069   273719   575213   250643   386279   304349   489197    76949   504983   248909   459749   166679   657017   152297   492893   204023   578453    18443   109469    13829   184649   515429   184487   515597   184133   515993   183797   516293   183683   516437   520433   515279   590537   681563   121553   495983   207113   547709    42989   533327   240257   451097   195023   623057   210809   395657   313727   449363   124793   426287     4937
     4919   426353   124703   449663   313637   396203   210599   623327   194933   451103   240203   533363    42773   547787   206993   496007   578537   670583   352493   116993   583139   116639   583469   116483   583619   116279   583733   116009   584027   115853   584183   114143   582983    29423   121469   203999   493013   152219   657233   166643   459803   248903   505073    76679   489407   303803   386369   250343   575303   273653   695087
   695117   273617   575429   250307   386489   303767   489449    76289   505139   248609   460073   166457   657269   152189   493067   513419   103913   358733    23669   676373    23537   676589    23357   676679    23279   676919    23063   676967    23027   677147    22697   677387    14369   676259   596093   186587   206939   547817    42737   533549   239933   451397   194867   623717   210557   396239   313517   449699   124577   426389     4889
     4799   426737   124493   449807   312989   396293   210527   623723   194819   451523   239879   533747    42683   547823   493733   182519   363977   137393   562703   136889   563357   136559   563663   136193   564359   135599   564617   135353   564797   135017   565517   134417   565637   121403   562607   517487   206273   152183   657323   166259   460127   248483   505187    76283   489479   303713   387017   250199   575513   273269   695207
   695327   273233   575573   250043   387077   303683   489539    75797   505277   247997   460157   166169   657473   151883   189437   351587   206879   493193   206603   493463   206483   493607   206153   493937   206039   493973   206027   494069   205913   494387   205487   494609   205319   494783   204443   493109   510569   548123    42533   533837   239849   452009   194729   624209   210467   396323   312929   449963   124433   426773     4679
     4637   426893   124427   450083   312779   396413   210347   624233   194723   452159   239633   533963   657779   539843   352907   221327   478787   221093   478937   220859   480047   219839   480209   219707   480317   219677   480419   219503   490367   209147   490967   208877   491219   208667   491417   207377   478403   160163    42227   166043   460373   247847   505283    75773   489659   303593   387227   249923   575579   273113   695369
   695777   272933   575669   249797   387263   303497   489689    75659   505319   247613   460409   539687    31397   353819   157769   542447   157523   542579   157259   542873   157019   542999   156719   543299   156623   543539   156347   543887   155783   544259   155087   544937   155027   545063   154619   545483   152909   542207   668609   160319   239597   452393   194687   624347   210317   396509   312743   450209   124337   427073     4229
     4139   427079   124139   450227   312737   396533   210263   624467   194483   452453   238163   153407   355967    48497   651767    48197   652229    47513   652499    47339   652727    47093   653117    46853   653357    46643   653507    46229   653903    45959   654053    45497   654593    45377   654743    45179   654923    40847   651473   546599   461843   247553   505523    75539   489743   303473   387269   249779   575867   272927   695867
   695873   272903   576119   249749   387329   303377   489833    75527   505919   241883   669029   351563   172877   527333   172607   527453   172517   527633   172307   527789   172097   528137   171707   528623   171299   528929   170957   529229   170369   530063   169919   530093   169823   530237   169709   530339   169493   530549   169313   527123    30977   458123   194087   624479   210173   396629   312677   450257   123887   427103     4133
     4127   427247   123803   450413   312383   396713   209987   624599   507119   634307   136463   247193   453107   246809   453293   246689   453797   246173   454109   245759   454253   245627   454823   245087   454973   244787   455339   244493   455603   244379   455789   244157   456149   243839   456767   243197   457139   242729   457367   457607   452597    65699   192887    75407   490019   303293   387623   249593   576203   272759   695879
   695927   272603   576287   249533   387917   303287   490169    75323   491333   158537   265709   434303   265619   434459   265193   434849   265079   435107   264827   435257   264743   435563   264437   435647   264353   435839   264113   435923   264059   436097   263849   436283   263567   436607   263267   437153   262733   437357   262643   437693   454967   434267   208673   624683   209837   396719   312089   450473   123719   427403     4079
     4007   427439   123707   450503   312029   396887   490463   615743    46187   200657   499397   200513   499523   200357   499853   200063   499973   199853   500333   199637   500483   199487   500603   199313   500957   198977   501077   198833   501287   198689   501383   198503   501593   198347   501827   197963   502079   197759   502409   197507   502553   502847   499283    84263   209543   303119   387977   249503   576299   272567   695999
   696077   272549   576683   249449   388109   300869   472859   352133    83933   616103    83777   616289    83639   616409    83477   616547    83417   616787    83207   616829    83063   616997    82757   617387    82559   617537    82349   617699    82163   618053    81749   618269    81677   618377    81569   618707    81173   618929    80819   619967    79973   620099    79823   615869   227147   399137   311897   450557   123323   427457     3929
     3923   427529   122963   450587   388823   480023    79427   219293   480989   218963   481133   218849   481379   218417   482099   217793   482309   217619   482507   217409   482687   217253   482837   216617   483773   216179   484067   215927   484283   215399   484613   215279   484733   215153   485063   214883   485417   214559   485543   214439   486053   213887   486179   486539   480569   219983   311183   249419   577043   272477   696083
   696239   272093   577067   249107   371387   261773   311687   388403   311279   389057   310889   389273   310559   389567   310283   389783   310187   389957   309929   390107   309797   390407   309503   390527   309359   390737   309137   391067   308933   391283   308639   391487   308327   391757   308117   392087   307583   392477   307337   392723   307169   392927   306947   393257   397547   388259   328619   450899   122939   427913     3767
     3593   427967   122267   439007   282917   320609   379667   320303   379787   320153   379979   320009   380189   319679   380333   319589   380459   319169   380879   319097   380957   318683   381377   318473   381629   318347   381707   317969   382103   317777   382553   317363   382727   317159   382883   317087   383069   316907   383147   316853   383303   316577   383633   316193   383909   385607   379319   260999   577739   272039   696413
   696617   271829   564917   353783   259667   440507   259157   440987   258977   441179   258743   441443   258527   441557   258443   441569   258119   442019   257867   442319   257639   442487   257489   442733   257189   442829   256967   443117   256877   443249   256643   443489   256169   443873   256019   444029   255917   444167   255713   444347   255467   444623   255329   444767   255173   444869   253919   440183   135089   428177     3389
     1823   565337   353747   134033   566057   133733   566567   133283   567053   132947   567143   132749   567383   132437   567659   132287   567947   131909   568367   131363   568709   131129   569189   130769   569417   130343   569747   130079   570047   129893   570413   129587   570467   129509   570509   129419   570659   129287   570743   129119   571019   128969   571133   128327   571847   128153   571973   127103   565919   134669   698183
   686897   205307   281669   418343   281579   418667   281297   418763   281207   418889   280949   419147   280817   419303   280589   419423   280547   419597   280253   419777   279977   420149   279689   420593   279407   420677   279269   420803   279029   421103   278843   421397   278489   421643   278279   421943   277919   422249   277643   422369   277547   422759   277217   423053   276833   423179   276707   423413   423557   418289    13109
   354257    12239   687779    12197   687893    11939   688073    11909   688139    11789   688223    11369   688733    11243   688889    11027   689033    10739   689393    10313   689867    10133   689903     9887   690377     9587   690467     9497   690533     9377   690869     8969   691199     8669   691343     8597   691433     8543   691583     8369   691709     8243   691787     8087   691997     7907   692249     7673   692399     5987   687737
