   131129   569189   130769   569417   130343   569747   130079   570047   129893   570413   129587   570467   129509   570509   129419   570659   129287   570743   129119   571019   128969   571133   128327   571847   128153   571973   127979   572093   127703   572357   127607   572423   127487   572633   127163   572867   127103   572927   127037   573179   126743   573647   126143   573899   125897   574289   125639   574619   125339   575087   346547
   574703    53939   646157    53813   646307    53609   646859    53117   646913    53069   647033    52967   647069    52889   647147    52817   647333    52553   647477    52517   647627    52313   647747    52253   647783    51977   648107    51767   648257    51713   648677    51287   648803    50849   649217    50723   649379    50549   649619    50363   649799    50177   649877    50069   650183    49529   650483    49463   652499   345473   125303
   125207   650813   264083   435947   263909   436157   263723   436439   263399   436739   262853   437273   262649   437363   262313   437753   262187   437867   261977   438047   261773   438419   261563   438989   260999   439133   260849   439199   260753   439289   260543   439667   260207   440039   259829   440183   259667   440507   259157   440987   258977   441179   258743   441443   258527   441557   258443   257639   531203    49193   574799
   574913    49019   441569    31397   668687    31307   668747    31193   668867    30977   669113    30839   669329    30593   669659    30137   669887    30059   670139    29789   670343    29429   670583    29387   670673    29243   670853    29129   671189    28703   671357    28403   671717    28277   671777    27947   672227    27689   672557    27239   672827    27143   673019    26849   673193    26783   674837   346043   258437   650987   125093
   124979   651017   258119   673247    88037   611999    87869   612173    87743   612377    87623   612497    87293   612923    86993   613163    86837   613253    86579   613607    86369   613763    86117   614153    85829   614387    85523   614693    85247   615137    84737   615473    84509   615539    84449   615599    84389   615743    84239   615827    84137   616073    83903   616229    83717   616829   346553    26759   441887    48989   575027
   575153    48767   442019    26693   616367    78989   621029    78893   621227    78479   621833    78137   622073    77849   622493    77477   622637    77213   623003    76949   623327    76289   623723    75797   624233    75659   624467    75527   624599    75323   624737    75209   624839    75029   625103    74897   625133    74699   625319    74609   625409    74489   625643    74093   636407   337283    83639   673313   257987   651239   124853
   124793   651473   257867   673613    83597   625979      563   699449      479   699539      449   699617      239   699947       53   700001   349967   350087   349913   350213   349787   350453   349343   350963   348827   351479   348443   351587   348407   351653   348209   351929   347957   352073   347873   352193   347513   352907   347057   352973   346439   353657   346259   341027   360593    74027   616409    26393   442139    48533   575213
   575303    48497   442319    26387   616529    73973   353783   210173   490019   209837   490367   209543   490859   209039   491129   208787   491333   208667   491417   208577   491537   208379   491639   208337   491783   208217   491867   208037   492053   207947   492083   207629   492413   207443   492629   207287   492893   206993   493067   206897   493127   206813   198347   642947   346223   626033    83477   673619   257687   651509   124703
   124577   651767   257519   673649    83459   626063   346187   493403   329789   370613   329387   370673   329123   371087   328829   371339   328619   371417   328379   371633   328343   371897   328067   371999   327983   372137   327839   372179   327737   372299   327629   372689   327209   372803   326999   373343   326657   373859   326063   374063   325889   324647   396887   206603   353819    73943   616547    26357   442487    48239   575429
   575513    48197   442517    26339   616589    73859   353867   206543   374123    37313   662789    37139   662957    36857   663239    36599   663539    36353   663713    36269   663797    36137   664043    35897   664253    35603   664583    35393   664667    35327   664739    35159   665123    34739   665303    34499   665549    34403   665723    34259   677147   336989   325883   493463   346139   626147    83417   673667   257489   651809   124493
   124433   652229   257273   673769    83219   626159   345749   493523   325673   665789    21569   678599    21347   678779    20939   679127    20849   679463    20399   679709    20183   679829    20147   679883    19979   680213    19709   680453    19373   680993    18959   681089    18869   681167    18749   681293    18587   681677    18287   691637   338237    34217   374333   206483   354257    73847   616787    26237   442733    47777   575573
   575579    47513   442817    26189   616799    73673   354317   206399   374399    33863   681773   300809   399227   300743   399689   300119   399983   300017   400199   299699   400559   299363   400859   299063   401069   298589   401957   298013   402053   297809   402299   297623   402503   297083   403037   296909   403163   296753   290489   460409    18233   666143   325607   493607   345689   626333    83207   673817   257189   652493   124427
   124337   652667   257177   674117    83063   626363   345329   493733   325319   666233    17957   403499   173699   526649   173297   526733   173267   526829   172883   527129   172673   527399   172553   527489   172373   527699   172217   527909   171869   528299   171383   528707   171077   529049   170777   529637   169943   540173   338369   296507   682049    33773   374687   206273   354677    73643   616943    25889   442829    47339   575669
   575867    47279   443039    25847   616997    73613   354743   206153   374789    33569   682259   296249   530087   283133   417089   282833   417239   282713   417617   282383   417719   282167   417863   282059   417953   281933   418079   281849   418169   281807   418259   281717   418337   281663   418427   281339   278279   489449   169919   403757    17747   666437   325217   493853   345263   626393    83009   674159   256967   652727   124139
   123887   652913   256889   674273    82757   626477   345227   493937   325187   666527    17729   403877   169913   418709     1613   698447     1523   698507     1439   698723     1277   698903      953   699059      929   699119      809   699287      683   699437   341507   358667   341303   358733   340979   338213   369959   281297   530093   296129   682277    33479   374819   206069   354779    73529   617249    25733   443117    47093   576119
   576203    46889   443129    25643   617387    73517   355037   206039   374987    33359   682337   296117   530183   281243   359069   337793   362309   337349   362693   336887   363149   336689   363569   336239   363977   335879   364193   335693   364337   335633   364499   335123   364997   334877   333719   380459   340937   418763   169823   403889    17669   666647   325019   493967   344969   626489    82619   674363   256877   653117   123803
   123719   653153   256757   674483    82559   626627   344957   493973   324977   666857    17579   403979   169769   418799   340859   365213   265619   434459   265193   434849   265079   435107   264827   435257   264743   435563   264437   435647   264353   435839   264113   447107   252887   249449   535529   334793   359147   281207   530237   296027   682427    33149   375029   206033   355049    73379   617447    25523   443249    46853   576287
   576299    46649   443363    25469   617537    73043   355463   206027   375113    33023   682673   295517   530297   281117   359297   334637   447137   145307   554747   145253   554969   144887   555167   144719   555593   144323   555707   143999   556487   143243   556943   142979   586679   319049   252869   365369   340709   418889   169709   404489    17333   666983   324893   493979   344543   626963    82469   674537   256643   653357   123707
   123323   653363   256517   674699    82349   626987   344363   494069   324773   667013    17327   404693   169667   419057   340649   365513   252827   557033   244787   455339   244493   455603   244379   455789   244157   456149   243839   456767   243197   457139   242729   473789   331889   142973   447179   334493   359357   280949   530339   295313   682679    32993   375233   205937   355643    73019   617657    25307   443489    46643   576683
   577043    46499   443837    25247   617699    72923   355679   205913   375413    32987   683303   295187   530513   280859   359837   334379   447683   142949   457367   312929   387227   312743   387269   312677   387623   312089   387977   311897   388259   311687   310889   426773   242639   557057   252323   365627   340169   419147   169493   404819    16703   667019   324593   494093   344327   627083    82307   674759   256169   653507   122963
   122939   653777   256133   674879    82163   627383   344243   494387   324557   667427    16649   404969   169457   419189   339839   365759   251939   557273   242603   388403   310049   390077   309899   390407   309503   390527   309359   390737   309137   308939   431399   311603   457403   142733   448067   334247   360167   280817   530549   295037   683357    32579   375449   205619   355763    72623   617843    25127   443873    46229   577067
   577397    46187   443987    24977   618053    72053   355799   205487   375509    32429   683453   294659   530597   280703   360257   333929   448367   142697   457553   311279   391073   232607   467507   232457   467699   232109   467903   232079   229553   588113   308933   388727   242453   557309   251639   366077   339749   419303   169409   405347    16553   667577   324497   494519   344207   627953    81953   675029   256019   653819   122609
   122579   653903   255977   675083    81749   628013   344153   494609   324473   667643    16529   405497   169313   419417   339257   366227   251609   557537   242447   388823   308723   468059   117797   582227   117497   582563   117329   642419   290189   231947   391283   311183   457559   142469   448397   333779   360749   280589   530693   294509   683477    32363   375533   205397   355853    71993   618257    24923   444029    46103   577427
   577517    45959   444089    24809   618269    71909   355967   205319   375569    32309   683513   294479   530807   280583   360869   333737   448829   142433   457607   310949   391367   231893   582737   229589   470597   229343   222107   598379   117269   468113   308639   389057   242399   557573   251177   366269   339137   419423   169199   405527    16493   667697   324437   494687   344039   628097    81737   675197   255917   654047   122489
   122477   654053   255839   675239    81677   628127   343913   494699   324299   667769    16319   405659   168863   419459   338993   366293   251099   557789   242309   389273   308519   468473   117239   470783   305219   149717   595073   229223   582767   231533   391487   310733   457697   142217   448907   333713   361013   280547   531143   294347   683687    32237   375707   205307   356093    71879   618329    24767   444167    45953   577529
   577613    45497   444293    24659   618377    71867   356219   205223   376049    32189   683777   294317   531263   280409   361337   333623   449003   142019   457913   310439   391679   231479   582887   470867   639857   350003    60149   229139   117119   468527   308327   389567   242093   557987   251003   366383   338669   419597   168743   405689    16229   667817   323957   494783   343787   628139    81629   675347   255713   654509   122393
   122267   654593   255659   675413    81569   628217   343313   494849   323879   667949    16223   405827   168719   419753   338573   366467   250853   558203   241979   389723   308249   468647   101957   477149   104933   550289   394787   222857   598049   231359   391757   310283   458027   141803   449153   333539   361433   280253   531287   294179   683783    32057   376127   205157   356693    71789   618437    24593   444347    45413   577739
   577799    45377   444539    24413   618707    71633   356933   205133   376307    31973   683789   294149   531863   280229   361463   333323   449303   141719   458123   310223   391889   469793   537587   101627   229409   470663   477899   470417   162419   230213   308117   389783   241883   558287   250703   366683   338543   419777   168143   405857    16217   668033   323699   494873   343073   628373    81299   675593   255467   654629   122207
   122069   654743   255383   675827    81173   628673   343037   494903   323537   668159    16187   405947   168029   420029   338279   366983   250673   558497   241817   389819   307079   467183   409817   117779   582509   117443   582677    57587   582209   232823   392927   310187   458189   141509   449333   333023   361727   279977   531977   294059   683819    31847   376469   205103   356969    71333   618833    24179   444623    45263   577937
   577979    45179   444677    24083   618929    71327   357107   205019   376757    23027   683909   293603   531983   279857   361799   332987   449363   141443   458327   390209   472799   111893   232499   467549   232307   467897   232103   467927   470453   467399   227207   309797   241679   558563   250643   367019   338207   420149   168023   406403    16097   676979   323249   494987   342899   628679    81077   675923   255329   654827   122027
   121889   654923   255239   675929    80819   628757   342659   495119   322877   677309    16073   406499   167729   420317   338033   367277   250343   558827   459113   384737   268607   309929   390107   309599   390503   309479   390647   309269   390869   391067   389957   315269   240893   141179   449663   332729   361973   279689   532277   293507   683933    22697   377129   204887   357347    71249   619187    24077   444767    45083   578117
   578309    44963   444833    24029   619967    71129   357353   204857   377147    22619   683939   293459   532373   279413   361979   332699   449699   560639   219983   273233   312779   387263   312737   387329   312383   387917   312029   388109   311747   388319   389117   387077   480023   139367   250307   367307   338027   420593   167633   406547    16067   677387   322859   495149   342653   628877    80039   675977   255173   655043   121697
   121607   655229   255137   676217    79973   628937   342647   495449   322709   677639    15887   406649   167627   420599   337907   367559   450257   104729   368117   244667   455513   244403   455627   244217   455849   243857   456167   243239   456809   242867   457277   226217   455219   595277   249749   332447   362099   279407   532379   293357   684119    22367   377297   204557   357359    71069   620033    23789   444869    44777   578399
   578453    44633   444929    23753   620099    70997   357437   204443   377393    22349   684239   293147   532523   279329   362147   310559   420977   380957   145259   554753   145037   555119   144839   555287   144413   555683   144299   556007   143519   556763   143063   557027   113327   554699   279029   389447   337859   420677   167483   406859    15767   677657   322613   495563   342569   629009    79907   676253   255077   655373   121553
   121523   655649   255053   676259    79889   629339   342497   495569   322463   677813    15737   406883   167267   420803   363947   415559   164477   265547   434813   265157   434927   264899   435179   264749   435263   264443   435569   264359   435653   264167   435893   252899   447119   450557   434387   284447   336059   279203   532739   293123   684269    22193   377543   204437   357509    70667   620117    23747   444953    44357   578483
   578537    44279   445019    23669   620159    70589   357593   204377   377687    22079   684647   293099   532757   422459   694019   319547   337697   362657   337313   363119   336857   363317   336437   363767   336029   364127   335813   364313   335669   364373   335507   364883   335009   365129   366287   362213     5987   277547   167249   406907    15359   677927   322319   495629   342413   629417    79847   676337   254987   655727   121469
   121403   655757   254777   676373    79823   629567   342347   495647   321983   678077    15233   407489   532907   414053   330047     1559   698483     1499   698567     1283   698729     1103   699053      947   699077      887   699197      719   699323      569   358499   341339   358703   341273   359027   361793   698393   285953   167099   292517   684773    21929   378023   204359   357659    70439   620183    23633   445229    44249   578603
   578693    44159   445307    23537   620237    70199   357767   204299   378593    21803   684857   407723   150239   210557   282917   417173   282767   417293   282389   417623   282287   417839   282143   417947   282053   418073   281927   418157   281837   418199   281747   418289   281669   418343   281579   418667   421727   416873   549767   292283    15149   678203   321413   495707   342239   629807    79769   676469   254699   655847   121313
   121229   655883   254207   676589    79613   629843   342197   495773   321323   678407   363179   396509   361637   173357   526709   173273   526739   173177   527123   172877   527333   172607   527453   172517   527633   172307   527789   172097   528137   171707   528623   171299   528929   170957   529229   170369   530063   159833   526307   303497   336827    21599   378683   204233   357809    70163   620393    23417   445799    44123   578777
   578999    43943   445967    23357   620579    70079   358079   204107   378779    21017   319679   239597   300779   399263   300317   399887   300023   399989   299807   400307   299447   400643   299147   400943   298937   401417   298049   401993   297953   402197   297707   402383   297503   402923   296969   403097   296843   403253   409517   399197   380327   678989   321227   495899   341927   629927    79427   676649   254039   656063   121007
   120899   656153   254003   676679    79367   629939   341777   495947   319817   660563   361769    21407   678659    21227   679067    20879   679157    20543   679607    20297   679823    20177   679859    20123   680027    19793   680297    19553   680633    19013   681047    18917   681137    18839   681257    18713   681419    18329   681719     8369   678437    39443   380189   204059   358229    70067   620639    23327   446003    43853   579107
   579239    43577   446087    23279   620657    70019   358277   498209   420737   363017    37217   662867    37049   663149    36767   663407    36467   663653    36293   663737    36209   663869    35963   664109    35753   664403    35423   664613    35339   664679    35267   664847    34883   665267    34703   665507    34457   665603    34283   665747    22859   662693   279269   201797   341729   629987    79349   676727   253919   656429   120767
   120503   656519   253733   676919    79229   630107   359129   489743   303119   329393   370619   329333   370883   328919   371177   328667   371387   328589   371627   328373   371663   328109   371939   328007   372023   327869   372167   327827   372269   327707   372377   327317   372797   327203   373007   326663   373349   326147   373943   325943   374117   375359   370217   210263   340877    69899   620777    23087   446273    43487   579503
   579533    43403   446399    23063   620813    68993   694997    57059   209987   490169   209639   490463   209147   490967   208877   491219   208673   491339   208589   491429   208469   491627   208367   491669   208223   491789   208139   491969   207953   492059   207923   492377   207593   492563   207377   492719   207113   493013   206939   493109   206879   493193   501659   489833     5009   631013    79193   676943   253607   656603   120473
   120299   656609   253349   676967    78653   611459   339413      557   699527      467   699557      389   699767       59   699953        5   350039   349919   350093   349793   350219   349553   350663   349043   351179   348527   351563   348419   351599   348353   351797   348077   352049   347933   352133   347813   352493   347099   352949   347033   353567   346349   353747   358979   699443    88547   621353    23039   446657    43397   579707
   579713    43319   446759   681563   611189   362723    78977   621113    78779   621527    78173   621869    77933   622157    77513   622529    77369   622793    77003   623057    76679   623717    76283   624209    75773   624347    75539   624479    75407   624683    75269   624797    75167   624977    74903   625109    74873   625307    74687   625397    74597   625517    74363   625913    63599   621017    88817    18443   253247   656687   120293
   120233   656783   449117     7547   353453    88007   612137    87833   612263    87629   612383    87509   612713    87083   613013    86843   613169    86753   613427    86399   613637    86243   613889    85853   614177    85619   614483    85313   614759    84869   615269    84533   615497    84467   615557    84407   615617    84263   615767    84179   615869    83933   616103    83777   616289    83177   611969   692459   250889    43223   579773
   580259   656939   424037   353963    31319   668699    31259   668813    31139   669029    30893   669167    30677   669413    30347   669869    30119   669947    29867   670217    29663   670577    29423   670619    29333   670763    29153   670877    28817   671303    28649   671603    28289   671729    28229   672059    27779   672317    27449   672767    27179   672863    26987   673157    26813   673223    25169   668609   275969    43067   119747
   597929    30983   168803   264059   436097   263849   436283   263567   436607   263267   437153   262733   437357   262643   437693   262253   437819   262139   438029   261959   438233   261587   438443   261017   439007   260873   439157   260807   439253   260717   439463   260339   439799   259967   440177   259823   440339   259499   440849   259019   441029   258827   441263   258563   441479   258449   441563   442367   435923   669023   102077
    89849   354533    53849   646193    53699   646397    53147   646889    53093   646937    52973   647039    52937   647117    52859   647189    52673   647453    52529   647489    52379   647693    52259   647753    52223   648029    51899   648239    51749   648293    51329   648719    51203   649157    50789   649283    50627   649457    50387   649643    50207   649829    50129   649937    49823   650477    49523   650543    47507   646067   610157
   353459   130817   569237   130589   569663   130259   569927   129959   570113   129593   570419   129539   570497   129497   570587   129347   570719   129263   570887   128987   571037   128873   571679   128159   571853   128033   572027   127913   572303   127649   572399   127583   572519   127373   572843   127139   572903   127079   572969   126827   573263   126359   573863   126107   574109   125717   574367   125387   574667   124919   568877
