   130589   569663   130259   569927   129959   570113   129593   570419   129539   570497   129497   570587   129347   570719   129263   570887   128987   571037   128873   571679   128159   571853   128033   572027   127913   572303   127649   572399   127583   572519   127373   572843   127139   572903   127079   572969   126827   573263   126359   573863   126107   574109   125717   574367   125387   574667   125303   574799   125093   584417   337697
   575027    53813   646307    53609   646859    53117   646913    53069   647033    52967   647069    52889   647147    52817   647333    52553   647477    52517   647627    52313   647747    52253   647783    51977   648107    51767   648257    51713   648677    51287   648803    50849   649217    50723   649379    50549   649619    50363   649799    50177   649877    50069   650183    49529   650483    49463   650813    49019   654923   343313   124979
   124919   651017   263909   436157   263723   436439   263399   436739   262853   437273   262649   437363   262313   437753   262187   437867   261977   438047   261773   438419   261563   438989   260999   439133   260849   439199   260753   439289   260543   439667   260207   440039   259829   440183   259667   440507   259157   440987   258977   441179   258743   441443   258527   441557   258443   441569   258119   245897   543287    48989   575087
   575153    48767   442019    31307   668747    31193   668867    30983   669029    30893   669167    30677   669413    30347   669869    30119   669947    29867   670217    29663   670577    29423   670619    29333   670763    29153   670877    28817   671303    28649   671603    28289   671729    28229   672059    27779   672317    27449   672767    27179   672863    26987   673193    26783   673247    26693   674117   347033   257987   651239   124853
   124793   651473   257867   673613    88007   612137    87833   612263    87629   612383    87509   612713    87083   613013    86843   613169    86753   613427    86399   613637    86243   613889    85853   614177    85619   614483    85313   614759    84869   615269    84533   615497    84467   615557    84407   615617    84263   615767    84179   615869    83933   616103    83777   616289    83639   617447   347513    26393   442139    48533   575213
   575303    48497   442319    26387   616409    78893   621227    78653   621527    78173   621869    77933   622157    77513   622529    77369   622793    77003   623057    76679   623717    76283   624209    75773   624347    75539   624479    75407   624683    75269   624797    75167   624977    74903   625109    74873   625307    74687   625397    74597   625517    74363   625913    74027   632699   340709    83597   673619   257687   651509   124703
   124577   651767   257639   673649    83477   626033      467   699557      389   699767       59   699953        5   350039   349919   350093   349793   350219   349553   350663   349043   351179   348527   351563   348419   351599   348353   351797   348077   352049   347933   352133   347813   352907   347057   353453   346547   353567   346349   353747   346223   353819   346139   357659   693689    73973   616529    26357   442367    48239   575429
   575513    48197   442487    26339   616547    73943   353963   209987   490169   209639   490463   209147   490967   208877   491219   208673   491339   208589   491429   208469   491627   208367   491669   208223   491789   208139   491969   207953   492059   207923   492377   207593   492563   207377   492719   207113   493013   206939   493109   206879   493193   206603   201359   640589   346043   626063    83459   673667   257519   651809   124493
   124433   652229   257489   673769    83417   626147   345749   493463   329393   370619   329333   370883   328919   371177   328667   371387   328589   371627   328373   371663   328109   371939   328007   372023   327869   372167   327827   372269   327707   372377   327317   372797   327203   373007   326663   373349   326147   373943   325943   374117   325883   325319   397493   206543   354257    73859   616589    26237   442517    47777   575573
   575579    47513   442733    26189   616787    73847   354317   206483   374333    37217   662867    37049   663149    36767   663407    36467   663653    36293   663737    36209   663869    35963   664109    35753   664403    35423   664613    35339   664679    35267   664847    34883   665267    34703   665507    34457   665603    34283   665747    34217   678659   335693   325673   493523   345689   626159    83219   673817   257273   652493   124427
   124337   652499   257189   674159    83207   626333   345473   493607   325607   666143    21227   679067    20879   679157    20543   679607    20297   679823    20177   679859    20123   680027    19793   680297    19553   680633    19013   681047    18917   681137    18839   681257    18713   681419    18443   681677    18287   681773    17957   689693   340859    33863   374399   206399   354533    73673   616799    25847   442817    47507   575669
   575867    47339   442829    25733   616829    73643   354677   206273   374789    33773   682259   300743   399689   300119   399983   300017   400199   299699   400559   299363   400859   299063   401069   298589   401957   298013   402053   297809   402299   297623   402503   297083   403037   296909   403163   296753   403499   296249   295037   456149    17747   666233   325217   493733   345329   626363    83177   674273   257177   652667   124139
   123887   652727   256967   674363    83063   626393   345263   493853   325187   666437    17729   403877   173273   526739   173177   527123   172877   527333   172607   527453   172517   527633   172307   527789   172097   528137   171707   528623   171299   528929   170957   529229   170369   530063   169919   530093   169823   539639   338369   296129   682277    33569   374819   206153   354743    73613   616943    25643   443039    47279   576119
   576203    47093   443117    25523   616997    73529   354779   206069   374987    33479   682337   296117   530237   282917   417173   282767   417293   282389   417623   282287   417839   282143   417947   282053   418073   281927   418157   281837   418199   281747   418289   281669   418343   281579   418667   281297   271517   496343   169769   403889    17669   666527   325019   493937   345227   626477    83009   674483   256889   652913   123803
   123719   653117   256877   674537    82757   626489   344969   493967   324977   666647    17579   403979   169709   418763     1439   698723     1277   698903      953   699059      929   699119      809   699287      569   699443      557   699527   341273   358979   340979   359069   340877   359357   340169   339749   369023   281243   530297   296027   682427    33359   375029   206039   355037    73517   617249    25469   443129    46889   576287
   576299    46853   443249    25307   617387    73379   355049   206033   375113    33149   682673   295517   530339   281207   360167   337283   363017   336887   363149   336827   363317   336437   363767   336029   364127   335813   364337   335633   364499   335009   365129   334793   365369   334493   288839   425309   339839   418799   169667   404489    17333   666857   324893   493973   344957   626627    82619   674699   256757   653153   123707
   123323   653357   256643   674759    82469   626963   344543   493979   324773   666983    17327   404693   169493   418889   339413   365627   265547   434813   265157   434927   264899   435257   264743   435563   264437   435647   264353   435839   264113   435923   264059   447119   252869   245753   539039   334379   360593   281117   530513   295313   682679    33023   375233   206027   355463    73043   617537    25247   443363    46649   576683
   577043    46643   443489    25169   617657    73019   355643   205937   375359    32993   683303   295187   530549   280949   360749   334247   447179   145037   555119   144839   555287   144413   555683   144299   556007   143519   556763   143063   557027   142973   557057   142733   587603   318629   252827   365759   339257   419057   169457   404819    16703   667013   324647   494069   344363   626987    82349   674837   256517   653363   122963
   122939   653507   256169   674879    82307   627083   344327   494093   324593   667019    16649   405347   169409   419147   339137   366077   252323   557309   244667   455513   244403   455627   244217   455849   243839   456767   243197   457139   242729   457367   242603   239069   567059   142697   447683   333929   360869   280859   530597   294659   683357    32987   375413   205913   355679    72923   617699    25127   443837    46499   577067
   577397    46229   443873    24977   617843    72623   355763   205619   375449    32579   683453   294509   530693   280817   361013   333779   448067   142469   457553   312743   387269   312677   387623   312089   387977   311747   388319   311603   388727   311183   308519   429563   242453   557537   251939   366227   338993   419189   169313   405497    16553   667427   324557   494387   344243   627383    82163   675029   256133   653777   122609
   122579   653819   256019   675083    81953   627953   344207   494519   324497   667577    16529   405527   169199   419303   338669   366269   251639   557573   242447   389057   309929   390209   309599   390503   309479   390647   309269   390869   308939   290627   449963   310949   457559   142433   448367   333737   361337   280703   530807   294479   683477    32429   375509   205487   355799    72053   618053    24923   443987    46187   577427
   577517    46103   444029    24809   618257    71993   355853   205397   375533    32363   683513   294347   531143   280589   361433   333719   448397   142217   457607   310889   391073   232109   467903   232079   468059   231893   468473   231479   231053   586979   308933   389117   242399   557789   251609   366287   338573   419417   168863   405659    16493   667643   324473   494609   344153   628013    81749   675197   255977   653903   122489
   122477   654047   255917   675239    81737   628097   344039   494687   324437   667697    16319   405689   168803   419423   338543   366293   251177   557987   242309   389273   308723   468647   117269   582767   117119   582983   116993   600983   331907   231359   391283   310733   457697   142019   448829   333713   361463   280583   531203   294317   683687    32309   375569   205319   355967    71909   618269    24767   444089    45959   577529
   577613    45953   444167    24659   618329    71879   356093   205307   375707    32237   683777   294179   531263   280547   361727   333623   448907   141803   457913   310559   391367   231323   583139   228869   471209   228707   228257   592973   116867   468683   308639   389447   242093   558203   251099   366383   338279   419459   168743   405827    16229   667769   324299   494699   343913   628127    81677   675347   255839   654053   122393
   122267   654509   255713   675413    81629   628139   343787   494783   323957   667949    16223   405857   168719   419597   338237   366467   251003   558287   241979   389567   308327   468737   116639   471389   304979   235307   509723   228617   583367   231269   391679   310439   458027   141719   449003   333539   361769   280409   531287   294149   683783    32057   376049   205223   356219    71867   618377    24593   444293    45497   577739
   577799    45413   444347    24413   618437    71789   356933   205157   376127    31973   683789   294059   531863   280253   361793   333323   449117   141509   458123   310283   391757   231107   583469   475427   554747   350003   145259   224579   116537   468899   308249   389723   241883   558497   250889   366683   338213   419753   168143   405947    16217   668033   323879   494849   343073   628217    81569   675593   255659   654593   122207
   122069   654629   255467   675827    81299   628373   343037   494873   323699   668159    16187   406403   168029   419777   338207   366983   250853   558563   241817   389783   308117   469037   583733   467297   190283   464699   395027   232709   116273   230969   391889   310223   458189   141443   449153   333023   361799   280229   531977   293603   683819    31847   376307   205133   356969    71633   618707    24179   444539    45377   577937
   577979    45263   444623    24083   618833    71333   357107   205103   376469    31397   683909   293507   531983   279977   361973   332987   449303   141179   458327   310187   392087   469793    97673   107033   228797   471299   471749   471137   602333   230213   307919   389819   241679   558827   250703   367019   338033   420029   168023   406499    16097   668609   323537   494903   342899   628673    81173   675923   255383   654743   122027
   121889   654827   255329   675929    81077   628679   342659   494987   323249   668687    16073   406547   167729   420149   338027   367277   250673   559067   241643   389957   292037   466247   368099   117239   582887   117023   583013    99023   582737   233759   407969   310049   458363   140939   449333   332729   361979   279857   532277   293459   683933    31319   376757   205019   357347    71327   618929    24077   444677    45179   578117
   578309    44963   444767    24029   619187    71249   357353   204887   377129    22697   683939   293357   532373   279689   362099   332699   449663   140729   458543   309899   506573   113027   232103   467927   231947   468113   231533   468527   468953   467897   193433   390107   241463   559277   250343   367307   337907   420317   167633   406649    16067   677309   322877   495119   342653   628757    80819   675977   255239   655043   121697
   121607   655229   255173   676217    80039   628877   342647   495149   322859   677387    15887   406859   167627   420593   337859   367559   250307   559343   460373   467399   250043   309797   390407   309503   390527   309359   390737   309137   391067   409379   390077   232607   239633   140663   449699   332447   362147   279413   532379   293147   684119    22619   377147   204857   357359    71129   619967    23789   444833    44777   578399
   578453    44633   444869    23753   620033    71069   357437   204557   377297    22349   684239   293123   532523   279407   362213   332393   449807   559583   453797   270443   312737   387329   312383   387917   312029   388259   311687   388403   311279   388823   391487   387263   246209   140423   250199   367613   337793   420599   167483   406883    15767   677657   322709   495449   342569   628937    79973   676253   255137   655373   121553
   121523   655649   255077   676259    79907   629009   342497   495563   322613   677813    15737   406907   167267   420677   337349   367733   241049   106019   132947   244493   455603   244379   455789   244157   456167   243239   456809   242867   457277   242639   457403   460937   455339   593987   458957   332273   362657   279329   532739   293099   684269    22193   377393   204443   357509    70997   620099    23747   444929    44357   578483
   578537    44279   444953    23669   620117    70667   357593   204437   377543    22079   684647   292517   532757   279269   362693   382919   634079   381377   144887   555167   144719   555593   144323   555707   143999   556487   143243   556943   142979   557033   142949   557273   112403   554969    65927   317087   337313   420737   167249   407489    15359   677927   322463   495569   342413   629339    79889   676337   255053   655727   121469
   121403   655757   254987   676373    79847   629417   342239   495629   322319   678077    15233   407579   167099   420803   363947   388109   160967   265193   434849   265079   435107   264749   435263   264443   435569   264359   435653   264167   435893   264083   435947   252887   447137   454253   434459   311897   336059   279203   532907   292427   684773    21929   377687   204377   357767    70589   620159    23633   445019    44249   578603
   578693    44159   445229    23537   620183    70439   357809   204359   378023    21803   684857   292367   532919   421727   692399   274697   336989   363119   336857   363179   336689   363569   336239   363977   335879   364193   335669   364373   335507   364997   334877   365213   334637   365513   411167   362723     7607   278279   167087   407639    15149   678203   321983   495647   342197   629567    79823   676469   254777   655847   121313
   121229   655883   254699   676589    79769   629807   341927   495707   321413   678407    15137   407723   166043   421943   330983     1283   698729     1103   699053      947   699077      887   699197      719   699437      563   699449      479   358733   341027   359027   340937   359129   340649   359837   360257   698567   278063   533963   292283   684869    21599   378593   204299   358079    70199   620237    23417   445307    44123   578777
   578999    43943   445799    23357   620393    70163   358229   204233   378683    21569   684923   288227   517403   203663   282833   417239   282713   417617   282383   417719   282167   417863   282059   417953   281933   418079   281849   418169   281807   418259   281717   418337   281663   418427   281339   418709   428489   417089   182603   411779    15083   678437   321323   495773   341777   629843    79613   676649   254207   656063   121007
   120899   656153   254039   676679    79427   629927   341729   495899   321227   678599   364883   511487   361637   173267   526829   172883   527129   172673   527399   172553   527489   172373   527699   172217   527909   171869   528299   171383   528707   171077   529049   170777   529637   169943   530087   169913   530183   160367   526733   188519   335123    21407   378779   204107   358277    70079   620579    23327   445967    43853   579107
   579239    43577   446003    23279   620639    70067   358499   204059   378929   678989   320609   243857   300317   399887   300023   399989   299807   400307   299447   400643   299147   400943   298937   401417   298049   401993   297953   402197   297707   402383   297503   402923   296969   403097   296843   403253   296507   403757   404969   399263   379397    21017   321077   495947   341507   629939    79367   676727   254003   656429   120767
   120503   656519   253919   676919    79349   630107   341339   495959   320219     1559   359147    20939   679127    20849   679463    20399   679709    20183   679829    20147   679883    19979   680213    19709   680453    19373   680993    18959   681089    18869   681167    18749   681293    18587   681563    18329   681719    18233   682049    10313   678779   698447   379787   204047   358667    69899   620657    23087   446087    43487   579503
   579533    43403   446273    23063   620777    69809   358703   499283   421103   364313    37139   662957    36857   663239    36599   663539    36353   663713    36269   663797    36137   664043    35897   664253    35603   664583    35393   664667    35327   664739    35159   665123    34739   665303    34499   665549    34403   665723    34259   665789    21347   662789   278903   200723   341303   630197    79229   676943   253733   656603   120473
   120299   656609   253607   676967    79193   630353   687779   486797   302513   329387   370673   329123   371087   328829   371339   328619   371417   328379   371633   328343   371897   328067   371999   327983   372137   327839   372179   327737   372299   327629   372689   327209   372803   326999   373343   326657   373859   326063   374063   325889   374123   374687   370613   213209    12227    69653   620813    23039   446399    43397   579707
   579713    43319   446657    23027   621017   640847   699323    59417   209837   490367   209543   490859   209039   491129   208787   491333   208667   491417   208577   491537   208379   491639   208337   491783   208217   491867   208037   492053   207947   492083   207629   492413   207443   492629   207287   492893   206993   493067   206897   493127   206813   493403   498647   490019      683    59159    78989   676979   253349   656687   120293
   120233   656783   253247   677147   621029    42467     6317      449   699617      239   699947       53   700001   349967   350087   349913   350213   349787   350453   349343   350963   348827   351479   348443   351587   348407   351653   348209   351929   347957   352073   347873   352193   347099   352949   346553   353459   346439   353657   346259   353783   346187   353867   342347   699539   657539    78977    22859   446759    43223   579773
   580259    43067   447107    22367    70019   359297    78779   621353    78479   621833    78137   622073    77849   622493    77477   622637    77213   623003    76949   623327    76289   623723    75797   624233    75659   624467    75527   624599    75323   624737    75209   624839    75029   625103    74897   625133    74699   625319    74609   625409    74489   625643    74093   625979    67307   621113   629987   677639   252899   656939   119747
   119633   656993   449363   667817   352493    87869   612173    87743   612377    87623   612497    87293   612923    86993   613163    86837   613253    86579   613607    86369   613763    86117   614153    85829   614387    85523   614693    85247   615137    84737   615473    84509   615539    84449   615599    84389   615743    84239   615827    84137   616073    83903   616229    83717   616367    82559   611999    32189   250643    43013   580373
   580379   658487   435179   352973    31259   668813    31139   669023    30977   669113    30839   669329    30593   669659    30137   669887    30059   670139    29789   670343    29429   670583    29387   670673    29243   670853    29129   671189    28703   671357    28403   671717    28277   671777    27947   672227    27689   672557    27239   672827    27143   673019    26813   673223    26759   673313    25889   668699   264827    41519   119627
   119429    26849   156719   263849   436283   263567   436607   263267   437153   262733   437357   262643   437693   262253   437819   262139   438029   261959   438233   261587   438443   261017   439007   260873   439157   260807   439253   260717   439463   260339   439799   259967   440177   259823   440339   259499   440849   259019   441029   258827   441263   258563   441479   258449   441563   258437   441887   454109   436097   673157   580577
   559883   356693    53699   646397    53147   646889    53093   646937    52973   647039    52937   647117    52859   647189    52673   647453    52529   647489    52379   647693    52259   647753    52223   648029    51899   648239    51749   648293    51329   648719    51203   649157    50789   649283    50627   649457    50387   649643    50207   649829    50129   649937    49823   650477    49523   650543    49193   650987    45083   646193   140123
   362309   130343   569747   130079   570047   129893   570413   129587   570467   129509   570509   129419   570659   129287   570743   129119   571019   128969   571133   128327   571847   128153   571973   127979   572093   127703   572357   127607   572423   127487   572633   127163   572867   127103   572927   127037   573179   126743   573647   126143   573899   125897   574289   125639   574619   125339   574703   125207   574913   115589   569417
