   142433   557789   142019   558203   141719   558497   141443   558827   140939   559277   140663   559367   140477   559583   140339   559673   140297   559799   140123   560039   139883   560297   139547   560597   139367   560837   139133   560897   139067   561047   138923   561359   138629   561389   138587   561599   138239   561797   138197   561947   137999   562283   137699   562409   137567   562607   137393   562703   136889   565517   344243
   563357    63353   636809    63059   637067    62927   637283    62687   637379    62597   637499    62477   637709    62219   637817    61703   638423    61553   638459    61343   638999    60953   639083    60869   639269    60443   639689    60293   639839    60149   640007    59957   640127    59747   640307    59417   640613    59357   640733    59159   640943    58913   641279    58679   641579    58367   641789    58193   644669   344363   136649
   136559   641897   273233   426893   272933   427079   272903   427247   272603   427439   272549   427529   272093   427967   272009   428003   271967   428177   271703   428369   271517   428639   271163   429083   270659   429413   270539   429497   270443   429599   270329   429683   270287   429797   269987   430343   269579   430433   269519   430769   269183   430949   268643   431369   268607   431513   268439   266927   512537    58109   563447
   563543    57809   431603    41357   658817    40847   659177    40583   659513    40283   659843    39953   660119    39869   660167    39779   660347    39503   660563    39323   660887    39113   660899    39089   660983    38903   661139    38747   661439    38459   661553    38393   661673    38327   661769    38183   662357    37529   662513    37313   662789    37139   662957    36857   663239    36599   668747   342497   268403   642197   136463
   136343   642233   268343   663539    97967   602087    97673   602453    97463   602627    97367   602999    96959   603149    96797   603227    96749   603563    96059   603989    95783   604259    95393   604727    95273   604787    95177   604997    94889   605393    94529   605543    94433   605609    94169   606083    93893   606323    93563   606449    93503   606527    93419   606743    93047   608303   346187    36467   431663    57773   563663
   563813    57587   431807    36353   607049    88793   611459    88523   611543    88169   611927    88037   611999    87869   612173    87743   612377    87623   612497    87293   612923    86993   613163    86837   613253    86579   613607    86369   613763    86117   614153    85829   614483    85313   614759    84869   615269    84533   615497    84467   615557    84407   615617    84263   620579   342899    92957   663653   268199   642419   136193
   135647   642623   268013   663713    92849   615767     7583   692459     7253   692927     7043   693089     6869   693149     6827   693317     6653   693437     6473   693677     6323   693689     6263   693809     5987   694079     5813   694223     5693   694349     5639   694487     5483   694619     5087   694997     5003   695069     4919   695117     4799   695327     4637   695873   348077    84239   607157    36293   431993    57383   564359
   564407    57269   432143    36269   607253    84179   695777   221747   478403   221327   478787   221093   478937   220859   480023   219959   480167   219797   480299   219689   480329   219587   480503   219437   480713   219017   481043   218873   481157   218627   481589   217907   482213   217697   482387   217499   482597   217319   482753   217169   483389   216233   484727   346259     4229   615827    92753   663737   267863   642737   135599
   135389   642833   267857   663797    92699   615869     4139   483827   341027   359027   340937   359129   340859   359297   340649   359837   339839   360257   339413   360749   339137   361013   338669   361433   338543   361637   338279   361769   338213   361799   338033   361979   337907   362147   337793   362309   337349   362693   337283   363017   336887   366227   344969   216179   695867    84137   607307    36209   432149    57173   564617
   564653    57107   432203    36137   607337    83933   695879   215939   363149    46229   653819    46103   654047    45953   654509    45413   654629    45263   654827    45083   655043    44777   655373    44357   655727    44249   655847    44123   656063    43853   656429    43487   656603    43397   656687    43223   656939    43013   657017    42773   675197   330047   336857   484067     4127   616073    92669   663869   267803   642899   135353
   135209   642947   267719   664043    92657   616103     4079   484079   336827   657269    30677   669413    30347   669869    30119   669947    29867   670217    29663   670577    29423   670619    29333   670763    29153   670877    28817   671303    28649   671717    28277   671777    27947   672227    27689   672557    27239   672827    27143   673247   347813    42737   363179   215927   695927    83903   607349    35963   432287    57059   564797
   564917    56963   432359    35897   607517    83777   695999   215723   363317    42683   673019   310187   389957   309929   390107   309797   390407   309503   390527   309359   390737   309137   391067   308933   391283   308639   391487   308327   391757   308117   392087   307583   392477   307337   392723   307169   392927   306947   394523   347057    26987   657323   336689   484283     4007   616229    92489   664109   267647   643043   135089
   135017   643199   267593   664253    92387   616289     3929   484607   336437   657473    26849   393257   183383   516689   183167   516947   183047   517073   182927   517217   182639   517403   182549   517469   182519   517553   182417   517619   182129   517949   181757   518387   181409   518729   181199   518813   180779   180419   687893   306749   673157    42533   363569   215399   696077    83717   607619    35753   432413    56807   564989
   565337    56633   432437    35603   607769    83639   696083   215393   363767    42509   673193   306707   519257   296129   403889   296027   404489   295313   404819   295037   405497   294479   405659   294317   405827   294149   405947   293603   406499   293459   406649   293147   406883   293099   407489   292427   282383   472859   180749   393299    26813   657497   336239   484613     3923   616367    92237   664403   267569   643373   134669
   134417   643463   267557   664583    91733   616409     3767   484733   336059   657539    26783   393473   180647   407639     8669   691343     8597   691433     8543   691583     8369   691709     8243   691787     8087   691997     7757   692333     7607   698567     1283   698903      953   699059      929   355679   686639   292367   519359   306533   673223    42467   363947   215273   696239    83597   608273    35423   432449    56543   565589
   565637    56453   432527    35393   608423    83477   696413   215153   363977    42299   673313   306419   519383   292283   699119   349787   350453   349343   350963   348827   351479   348443   351587   348407   351797   347957   352073   347873   352493   347099   352973   346553   353459   346439   329789   372269      887   407723   180623   393587    26693   657707   336029   484853     3593   616529    91583   664613   267479   643553   134369
   134339   643589   267419   664667    91577   616547     3389   485063   335879   657779    26393   393629   180497   407783      809   353657   274697   425423   274517   425549   274403   425783   274187   425903   274019   426077   273773   426287   273653   426389   273269   435947   263909   262853   513419   346349   699197   292223   519509   306377   673613    42227   364127   214943   696617    83459   608429    35339   432587    56417   565667
   565787    56123   432989    35327   608609    83417   696659   214883   364193    42197   673619   306329   520067   292037   699287   346223   436157   155087   544937   155027   545063   154619   545483   154247   545933   154067   546053   153743   546317   153437   546599   153287   553583   342569   263849   353783      719   407969   179939   393677    26387   657809   335813   485123     3347   616589    91397   664679   267017   643883   134219
   134213   643919   266957   664739    91373   616787     3119   485417   335693   657827    26357   393797   179903   408137      683   353867   263723   546869   256889   443129   256757   443363   256517   443837   256133   443987   255977   444089   255839   444293   255659   253733   539843   153137   436283   346139   699323   291869   520103   306209   673649    42179   364313   214589   696887    83219   608633    35267   433049    56087   565793
   565919    55997   433073    35159   608843    83207   697049   214559   364337    42023   673667   306149   520193   291833   699437   346043   436439   153113   444539   322859   377297   322613   377543   322319   378023   321413   378683   321227   378929   321053   386153   341927   255467   546893   263567   353963      569   408173   179813   393857    26339   657983   335669   485447     2957   616799    91163   664847   266933   644009   134087
   134033   644057   266687   665123    91019   616829     2927   485543   335633   658079    26237   393977   179693   408263      563   354257   263267   546947   255383   379163   319817   380327   319673   380417   319547   380837   319127   380957   318683   312929   417719   320843   444623   153059   436739   345749   699443   291743   520313   306029   673769    41927   364373   214463   697079    83177   608987    34883   433319    55949   565973
   566057    55889   433373    34739   609143    83063   697127   214439   364499    41879   673817   305999   520349   291569   699449   345689   437273   152909   444677   320687   381377   244379   455789   244157   456149   243839   456767   243197   464447   341303   318629   379319   255329   547097   262733   354317      557   408437   179657   394007    26189   658127   335507   485567     2879   616943    90863   665267   266633   644117   133949
   133733   644519   266333   665303    90833   616997     2789   486053   335123   658247    25889   394073   179579   408497      479   354533   262649   547223   255239   379397   318473   457139   127979   572093   127703   572357   127607   593903   328379   242867   381533   320609   444767   152783   437357   345473   699527   291509   520427   305933   674117    41759   364883   213953   697217    83009   609173    34703   433673    55487   566273
   566567    55457   433847    34499   609359    82757   697373   213887   364997    41729   674159   305849   520433   291443   699539   345329   437363   152777   444833   320339   381629   242729   572423   241049   458993   240959   236087   572927   127583   457277   318377   379667   255173   547229   262643   354677      467   408563   179573   394157    25847   658277   335009   486119     2633   617249    90647   665507   266159   644549   133439
   133283   644747   266129   665549    90599   617387     2609   486179   334877   658319    25733   394223   179357   408713      449   354743   262313   547487   255137   379703   318347   457367   127487   459113   314813   276449   458747   240893   572519   242639   381659   320303   444869   152519   437693   345263   699557   291293   520649   305783   674273    41687   365129   213827   697397    82619   609407    34457   433877    55259   566723
   567053    55217   433889    34403   609533    82559   697457   213713   365213    41627   674363   305639   520679   291287   699617   345227   437753   152429   444929   320219   381707   242603   572633   239297   493937   350003   206069   460709   127373   457403   318299   379787   255077   547577   262253   354779      389   408719   179327   394367    25643   658379   334793   486293     2549   617447    90473   665603   266117   644789   132953
   132947   644843   265757   665723    90407   617537     2423   486407   334637   658403    25523   394409   179243   409007      239   355049   262187   547583   255053   379853   317969   457553   573179   683477   241259   423557   385193    16529   126827   242453   382037   320153   444953   152423   437819   344957   699767   290999   520763   305597   674483    41603   365369   213599   697583    82469   609599    34283   434249    55163   567059
   567143    55073   434267    34259   609743    82349   697673   213557   365513    41519   674537   305477   521153   290963   699947   344543   437867   152363   445019   320027   382103   242447   104693   127079   241013   459047   463919   458957   595313   457559   317903   379979   254987   547643   262139   355463       59   409043   178853   394529    25469   658487   334493   486449     2333   617657    90263   665747   265739   644933   132863
   132749   645023   265709   665789    90227   617699     2273   486539   334379   658607    25307   394637   178697   409337       53   355799   261977   547709   254777   379997   316097   447107   371627   127913   572303   127649   572399   106103   572027   252899   383909   320009   445229   152297   438029   344207   699953   290669   521309   305369   674699    41399   365627   213467   697733    82307   609779    34217   434297    54983   567257
   567383    54869   434303    33863   609803    82163   697877   213329   365759    31973   674759   305363   521363   290657   700001   344153   438047   152219   445307   319097   450227   358703   244217   455849   243857   456167   243239   456809   235559   455627   249779   380909   254699   547787   261959   355853        5   409349   178643   394643    25247   668033   334247   486677     2129   617843    90203   666143   265703   645137   132623
   132437   645233   265619   666233    90197   618053     2069   486797   333929   668159    25169   394739   178613   409379   349967   355967   261773   547817   446657   370619   282287   319679   380333   319589   380459   319169   380879   319049   381323   387077   380189   329387   253349   152189   438233   344039   350039   290627   521393   305267   674837    31847   366077   213209   697937    81953   609809    33773   434387    54773   567569
   567659    54623   434459    33569   609989    81749   697967   213173   366269    31397   674879   305219   521447   290489   350087   343913   438419   151883   441443   358079   322709   377393   322463   377687   321983   378593   321323   378779   321077   378953   313853   377147   258563   548123   261587   356093   349919   409517   178559   394787    25127   668609   333737   486833     2039   618257    90017   666437   265547   645383   132347
   132287   645443   265193   666527    89849   618269     2027   486977   333719   668687    24977   395027   178487   409817   349913   356219   259823   538199   160163   256877   443249   256643   443489   256169   443873   256019   444029   255917   444167   255713   444347   446273   443117   161807   440183   343787   350093   290189   521519   304979   675029    31319   366287   213029   697979    81737   610157    33479   434813    54563   567719
   567947    54539   434849    33359   610187    81677   698183   212999   366293    31307   675083   304937   521537   290183   350213   320699   591743   357437   155069   544979   154943   545387   154523   545759   154073   545939   153953   546263   153689   546569   153407   546719   146423   544919   108263   379307   349793   409823   178469   395069    24923   668699   333713   487007     1823   618329    89819   666647   265157   645467   132059
   131909   645503   265079   666857    89597   618377     1733   487133   333623   668813    24767   395159   178439   409967   348353   396629   186587   274583   425489   274457   425603   274223   425819   274103   425987   273929   426233   273719   426353   273617   426737   264059   436097   437153   425309   303377   351653   290039   521567   304847   675239    31193   366383   212873   698273    81629   610409    33149   434927    54503   568097
   568367    54377   435107    33023   610439    81569   698297   212579   366467    31139   675347   304763   521603   289727   679829   327737   349553   350663   349043   351179   348527   351563   348419   351599   348209   352049   347933   352133   347513   352907   347033   353453   346547   353567   370217   350219    20177   410279   178403   395243    24659   668867   333539   487427     1709   618437    89567   666983   264899   645629   131639
   131363   645683   264827   667013    89387   618707     1667   487637   333323   669023    24593   395453   524057   527789    13367     8663   691409     8573   691463     8423   691637     8297   691763     8219   691919     8009   692249     7673   692399     1439   698723     1103   699053      947   699077   344327   691337   172217   175949   304553   675413    30983   366683   212369   698339    81299   610619    32993   435179    54323   568643
   568709    54293   435257    32987   610703    81173   698387   212297   366983    30977   675593   397589   509909   227147   296117   403979   295517   404693   295187   404969   294509   405527   294347   405689   294179   405857   294059   406403   293507   406547   293357   406859   293123   406907   292517   407579   417623   403877   190097   302417    24413   669029   333023   487709     1619   618833    89303   667019   264749   645713   131297
   131129   645737   264743   667427    89273   618929     1613   487889   332987   669113   676649   294659    12113   183317   516839   183059   516959   182933   517079   182789   517367   182603   517457   182537   517487   182453   517589   182387   517877   182057   518249   181619   518597   181277   518807   181193   519227   519587   516623   405347    23357    30893   367019   212117   698393    81077   610733    32579   435263    54269   568877
   569189    54167   435563    32429   610817    80819   698447   211997   367277    28403    16649   352949   310049   390077   309899   390209   309599   390503   309479   390647   309269   390869   308939   391073   308723   391367   308519   391679   308249   391889   307919   392423   307529   392669   307283   392837   307079   393059   305483   389819   683357   671603   332729   488009     1559   619187    89189   667577   264443   645839   130817
   130769   646013   264437   667643    89087   619967     1523   488057   331553   646913   352193    30593   669659    30137   669887    30059   670139    29789   670343    29429   670583    29387   670673    29243   670853    29129   671189    28703   671357    28289   671729    28229   672059    27779   672317    27449   672767    27179   672863    26759   669329    53093   368453   211949   698483    80039   610919    32363   435569    53993   569237
   569417    53939   435647    32309   611069    79973   698507   488573   357353   369959    46187   653903    45959   654053    45497   654593    45377   654743    45179   654923    44963   655229    44633   655649    44279   655757    44159   655883    43943   656153    43577   656519    43403   656609    43319   656783    43067   656993    42989   657233    24809   653777   342653   211433     1499   620033    88937   667697   264359   646067   130589
   130343   646157   264353   667769    88817   620099     1277   199487   355037   340979   359069   340877   359147   340709   359357   340169   360167   339749   360593   339257   360869   338993   361337   338573   361463   338369   361727   338237   361793   338207   361973   338027   362099   337859   362213   337697   362657   337313   362723   336989   363119   333779   358979   500519   698729    79907   611189    32237   435653    53849   569663
   569747    53813   435839    32189   611207   634373   692099   353747   221603   478679   221219   478913   221069   479147   219983   480047   219839   480209   219707   480317   219677   480419   219503   480569   219293   480989   218963   481133   218849   481379   218417   482099   217793   482309   217619   482507   217409   482687   217253   482837   216617   483773   215279   478259     7907    65633    88799   667817   264167   646193   130259
   130079   646307   264113   667949   614387    51749   351929     7547   692753     7079   692963     6917   693137     6857   693179     6689   693353     6569   693533     6329   693683     6317   693743     6197   694019     5927   694193     5783   694313     5657   694367     5519   694523     5387   694919     5009   695003     4937   695087     4889   695207     4679   695369     4133   692423   648257    85619    32057   435893    53699   569927
   570047    53609   435923   669167    74597   357107    88547   611483    88463   611837    88079   611969    88007   612137    87833   612263    87629   612383    87509   612713    87083   613013    86843   613169    86753   613427    86399   613637    86243   613889    85853   614177    85523   614693    85247   615137    84737   615473    84509   615539    84449   615599    84389   615743    79427   611213   625409    30839   264083   646397   129959
   129893   646859   263399    16097   353819    97919   602333    97553   602543    97379   602639    97007   603047    96857   603209    96779   603257    96443   603947    96017   604223    95747   604613    95279   604733    95219   604829    95009   605117    94613   605477    94463   605573    94397   605837    93923   606113    93683   606443    93557   606503    93479   606587    93263   606959    91703   602039   683909   436607    53147   570113
   570413    52889   592139   357509    41189   659159    40829   659423    40493   659723    40163   660053    39887   660137    39839   660227    39659   660503    39443   660683    39119   660893    39107   660917    39023   661103    38867   661259    38567   661547    38453   661613    38333   661679    38237   661823    37649   662477    37493   662693    37217   662867    37049   663149    36767   663407    31259   658649   107867   647117   129593
   570659   633629   187469   273113   427073   272927   427103   272759   427403   272567   427457   272477   427913   272039   427997   272003   428039   271829   428303   271637   428489   271367   428843   270923   429347   270593   429467   270509   429563   270407   429677   270323   429719   270209   430019   269663   430427   269573   430487   269237   430823   269057   431363   268637   431399   268493   431567   433079   426773    66377   129347
   114143   355643    63197   636947    62939   637079    62723   637319    62627   637409    62507   637529    62297   637787    62189   638303    61583   638453    61547   638663    61007   639053    60923   639137    60737   639563    60317   639713    60167   639857    59999   640049    59879   640259    59699   640589    59393   640649    59273   640847    59063   641093    58727   641327    58427   641639    58217   641813    55337   636653   585863
   355763   142217   557987   141803   558287   141509   558563   141179   559067   140729   559343   140639   559529   140423   559667   140333   559709   140207   559883   139967   560123   139709   560459   139409   560639   139169   560873   139109   560939   138959   561083   138647   561377   138617   561419   138407   561767   138209   561809   138059   562007   137723   562307   137597   562439   137399   562613   137303   563117   134489   557573
