   147197   552899   147089   553073   146777   553463   146477   553583   146417   553733   146249   554207   145703   554417   145433   554699   145259   554753   145037   555119   144839   555287   144413   555683   144299   556007   143519   556763   143063   557027   142973   557057   142733   557309   142469   557573   142217   557987   141803   558287   141509   558563   141179   559067   140729   559343   140639   559529   140423   567143   339137
   559667    66509   633623    66377   633767    66173   633923    65993   634079    65837   634307    65633   634397    65357   634679    65213   634859    65063   634979    65003   635087    64667   635507    64439   635603    64157   635939    64037   636149    63743   636287    63647   636407    63533   636533    63467   636563    63353   636809    63059   637067    62927   637283    62687   637379    62597   637499    62477   653357   332117   140339
   140333   637709   276707   423413   276503   423557   276389   423713   276257   423869   275999   424019   275969   424169   275783   424433   275459   424559   275339   424967   275003   425189   274709   425309   274583   425489   274457   425603   274223   425819   274103   425987   273929   426233   273719   426353   273617   426737   273233   426893   272933   427079   272903   427247   272603   427439   272549   272093   503003    62297   559673
   559709    62219   427529    44633   655649    44279   655757    44159   655883    43943   656153    43577   656519    43403   656609    43319   656783    43067   656993    42989   657233    42737   657323    42533   657497    42467   657707    42227   657809    42179   657983    41927   658127    41759   658277    41687   658379    41603   658487    41399   658649    41189   659159    40829   659423    40493   660899   346439   272477   637787   140297
   140207   637817   272039   659723   102317   597803   102107   597929   101999   598049   101879   598379   101363   598727   101207   599069   100853   599273   100703   599513   100469   599603   100343   599693    99839   600239    99713   600317    99347   600689    99173   600857    99023   601043    98939   601079    98627   601487    98123   601949    97973   602039    97919   602333    97553   605117   345473    40283   427967    62189   559799
   559883    61703   427997    40163   602543    92669   607349    92489   607619    92237   608273    91703   608423    91577   608609    91373   608843    91019   609143    90833   609359    90599   609533    90407   609743    90227   609803    90197   609989    89849   610187    89597   610439    89387   610703    89273   610817    89087   611069    88817   611207    88793   611459    88523   612713   346187    97463   659843   272009   638303   140123
   139967   638423   272003   660053    97379   611543    11273   688763    11117   688979    10973   689267    10613   689693    10139   689873    10103   690119     9629   690419     9539   690509     9473   690629     9137   691037     8807   691337     8663   691409     8573   691463     8423   691637     8297   691763     8219   691919     8009   692099     7757   692333     7607   699539   340979    88463   602627    39953   428003    61583   560039
   560123    61553   428039    39887   602639    88169   692423   225167   474857   225089   474983   224969   475109   224717   475403   224579   475583   224327   475697   224129   475973   223919   476183   223757   476369   223577   476477   223493   476603   223367   476753   223247   477149   222713   477359   222329   477809   222149   477899   222059   477977   221849   478679   347813     7583   611837    97367   660119   271967   638453   139883
   139709   638459   271829   660137    97007   611927     7547   478199   346259   353783   346139   353963   345749   354317   345329   354743   345227   355037   344957   355463   344363   355679   344243   355799   344153   355967   343913   356219   343313   356933   343037   357107   342659   357353   342647   357437   342497   357593   342347   357767   342197   339839   366077   221807   692459    88079   602999    39869   428177    61547   560297
   560459    61343   428303    39839   603047    88037   692753   221747   358079    51287   648803    50849   649217    50723   649379    50549   649619    50363   649799    50177   649877    50069   650183    49529   650483    49463   650813    49019   651017    48767   651473    48497   651767    48197   652229    47513   652499    47339   652727    47093   666143   334637   341927   478259     7253   611969    96959   660167   271703   638663   139547
   139409   638999   271637   660227    96857   611999     7079   478403   341777   653117    34499   665549    34403   665723    34259   665789    33773   666437    33479   666647    33149   666983    32993   667019    32579   667577    32363   667697    32237   667817    32057   668033    31847   668609    31319   668699    31259   668813    31139   669413   347933    46889   358229   221603   692927    88007   603149    39779   428369    61007   560597
   560639    60953   428489    39659   603209    87869   692963   221219   358277    46853   669023   314513   385607   314267   385793   314189   385877   314063   386117   313853   386279   313637   386489   312989   387077   312779   387263   312737   387329   312383   387917   312029   388109   311747   388319   311603   388727   311183   304763   432449    30983   653153   341729   478787     7043   612137    96797   660347   271517   639053   139367
   139169   639083   271367   660503    96779   612173     6917   478913   341507   653363    30977   389057   187163   513047   186947   513137   186653   513419   186239   513899   185993   514049   185903   514187   185693   514523   185477   514637   185363   514739   185183   514853   185057   515279   184649   515429   184487   180623   683453   310949   669029    46643   358499   221093   693089    87833   603227    39503   428639    60923   560837
   560873    60869   428843    39443   603257    87743   693137   221069   358667    46499   669113   310889   515597   301463   398759   301073   399137   300857   399197   300779   399263   300317   399887   300023   399989   299807   400307   299447   400643   299147   400943   298937   401417   298049   401993   297953   414629   336059   184409   389117    30893   653507   341339   478937     6869   612263    96749   660563   271163   639137   139133
   139109   639269   270923   660683    96443   612377     6857   479147   341303   653777    30839   389273   184133   402197    12323   687737    12239   687779    12197   687893    11939   688073    11909   688139    11789   688223    11369   695327     4637   695777     4139   695879     4079   695999     3929   351587   687107   297809   515873   310733   669167    46229   358703   220859   693149    87629   603563    39323   429083    60737   560897
   560939    60443   429347    39119   603947    87623   693179   219983   358733    46187   669329   310559   515993   297707   696083     2027   698183     1733   698297     1667   698387     1613   698447     1523   698507     1439   698723     1277   698903      953   699059      929   699119      809   371999   676469     3923   402299   184013   389447    30677   653819   341273   480023     6827   612383    96059   660887   270659   639563   139067
   138959   639689   270593   660893    96017   612497     6689   480047   341027   653903    30347   389567   183797   402383     3767   699287   278843   421397   278489   421643   278279   421943   277919   422249   277643   422369   277547   422759   277217   423053   276833   423179   267647   255239   525809      719   696239   297623   516209   310439   669659    46103   358979   219959   693317    87509   603989    39113   429413    60317   561047
   561083    60293   429467    39089   604223    87083   693353   219839   359069    45959   669869   310283   516293   297503   696413      683   432413   159737   540377   159623   540389   159569   540599   159293   540773   159227   540989   158909   541349   158567   541469   158429   567053   323699   267593   699323     3593   402503   183713   389723    30137   654047   340937   480167     6653   612923    95783   660917   270539   639713   138923
   138647   639839   270509   660983    95747   613013     6569   480209   340877   654053    30119   389783   183683   402923     3389   699437   267569   541613   261563   438989   260999   439133   260849   439199   260753   439289   260543   439667   260207   440039   259829   441029   347957   158393   432437      569   696617   297083   516323   310223   669887    45953   359129   219797   693437    86993   604259    39023   429497    60167   561359
   561377    60149   429563    38903   604613    86843   693533   219707   359147    45497   669947   310187   516437   296969   696659      563   432527   158243   440183   327839   372179   327737   372299   327629   372689   327209   372803   326999   373343   326657   326147   396509   259823   541763   267479   699443     3347   403037   183569   389819    30059   654509   340859   480299     6473   613163    95393   661103   270443   639857   138629
   138617   640007   270407   661139    95279   613169     6329   480317   340709   654593    29867   389957   183389   403097     3119   699449   267419   541817   259667   373943   324977   375113   324773   375359   324593   375449   324497   375533   324437   378953   346349   326063   440339   158189   432587      557   696887   296909   516617   310049   670139    45413   359297   219689   693677    86837   604727    38867   429599    59999   561389
   561419    59957   429677    38747   604733    86753   693683   219677   359357    45377   670217   309929   516623   296843   697049      479   432989   157889   440507   325943   375707   249419   450677   249287   450899   249089   451097   248903   247997   552659   324299   374063   259499   542117   267017   699527     2957   403163   183383   390077    29789   654629   340649   480329     6323   613253    95273   661259   270329   640049   138587
   138407   640127   270323   661439    95219   613427     6317   480419   340169   654743    29663   390107   183317   403253     2927   699557   266957   542183   259157   374123   323957   451397   132623   567569   132347   567719   132059   568877   348827   248609   376049   325883   440849   157823   433049      449   697079   296753   516689   309899   670343    45263   359837   219587   693689    86579   604787    38567   429683    59879   561599
   561767    59747   429719    38459   604829    86399   693743   219503   360257    45179   670577   309797   516839   296507   697127      389   433073   157799   441179   325673   376127   248483   568097   245087   454967   245033   236219   568709   131909   451523   323879   374333   258827   542207   266933   699617     2879   403499   183167   390209    29429   654827   339749   480503     6263   613607    95177   661547   270287   640259   138239
   138209   640307   270209   661553    95009   613637     6197   480569   339413   654923    29423   390407   183059   403757     2789   699767   266927   542237   258743   374399   323249   452159   131639   455219   318377   234029   497603   244787   568367   247847   376757   325607   441263   157769   433079      239   697217   296249   516947   309599   670583    45083   360593   219437   693809    86369   604997    38453   429797    59699   561797
   561809    59417   430019    38393   605393    86243   694019   219293   360749    44963   670619   309503   516959   296129   697373       59   433319   157559   441443   325319   377129   247613   568643   458663   529229   350003   170777   241343   131363   452393   322877   374687   258563   542447   266687   699947     2633   403877   183047   390503    29387   655043   339257   480713     5987   613763    94613   661613   269987   640589   138197
   138059   640613   269663   661673    94529   613889     5927   480989   338993   655229    29333   390527   182933   403889     2609   699953   266633   542483   258527   374789   322859   452453   569927   459749   202403   465977   381629   240257   130079   247553   377147   325217   441479   157523   433373       53   697397   296117   517073   309479   670673    44777   361013   219017   694079    86117   605477    38333   430343    59393   561947
   562007    59357   430427    38327   605543    85853   694193   218963   361337    36137   670763   309359   517079   296027   697457        5   433673   157427   441557   325187   377297   455849   127913   131297   245039   454973   463787   454919   572093   244157   322709   374819   258449   542579   266333   700001     2549   403979   182927   390647    29243   663869   338669   481043     5813   614153    94463   661679   269579   640649   137999
   137723   640733   269573   661769    94433   614177     5783   481133   338573   664043    29153   390737   182789   404489     2423   350039   266159   542747   258443   374987   379667   445307   351179   132437   567659   132287   567947   131129   567383   254699   320339   325019   441563   157259   433847   349967   697583   295517   517217   309269   670853    35963   361433   218873   694223    85829   605573    38237   430433    59273   562283
   562307    59159   430487    38183   605609    85619   694313   218849   361463    35897   670877   309137   517367   295313   697673   349919   433889   157133   441569   323537   315407   147347   249329   450719   249107   450917   248909   451103   452009   450587   384599   376469   258437   542873   266117   350087     2333   404693   182639   390869    29129   664109   338543   481157     5693   614387    94397   661823   269519   640847   137699
   137597   640943   269237   662357    94169   614483     5657   481379   338369   664403    28817   391067   182603   404819     2273   350093   265757   542987   257639   420803   353657   324893   375233   324647   375413   324557   375509   324473   375569   321053   375029   279203   442367   157019   434249   349913   697733   295187   517403   308939   671189    35603   361637   218627   694349    85523   605837    37649   430769    59063   562409
   562439    58913   430823    37529   606083    85313   694367   218417   361727    35423   671303   308933   517457   295037   697877   349793   434267   545063   437819   303497   327827   372269   327707   372377   327317   372797   327203   373007   326663   373349   373859   372167   262187   154943   265739   350213     2129   404969   182549   391073    28703   664583   338279   481589     5639   614693    93923   662477   269183   641093   137567
   137399   641279   269057   662513    93893   614759     5519   482099   338237   664613    28649   391283   182537   405347     2069   351599   443129   126827   352049   261017   439007   260873   439157   260807   439253   260717   439463   260339   439799   259967   440177   258977   438443   573179   256877   348407   697937   294659   517469   308723   671357    35393   361769   217907   694487    85247   606113    37493   430949    58727   562607
   562613    58679   431363    37313   606323    84869   694523   217793   361793    35339   671603   308639   517487   294509   697967   686639   420317   376307   159629   540383   159617   540437   159407   540713   159233   540779   159017   541097   158657   541439   158537   541577   132953   540269   279689    13367     2039   405497   182519   391367    28403   664667   338213   482213     5483   615137    93683   662693   268643   641327   137393
   137303   641579   268637   662789    93563   615269     5387   482309   338207   664679    28289   391487   182453   405659   346547   686789   174197   278609   421517   278363   421727   278063   422087   277757   422363   277637   422459   277247   422789   276953   423173   276827   432359   444767   421163    13217   353459   294347   517553   308519   671717    35327   361799   217697   694619    84737   606443    37217   431369    58427   562703
   563117    58367   431399    37139   606449    84533   694919   217619   361973    35267   671729   308327   517589   414179   681257    23537     1823   698273     1709   698339     1619   698393     1559   698483     1499   698567     1283   698729     1103   699053      947   699077      887   699197   328007   697979    18749   285827   182417   391679    28277   664739   338033   482387     5087   615473    93557   662867   268607   641639   136889
   136649   641789   268493   662957    93503   615497     5009   482507   338027   664847    28229   391757   518249   266129    12899    12269   687767    12227   687809    12113   688067    11933   688097    11867   688217    11783   688637     4679   695369     4229   695867     4127   695927     4007   696077   348419   687683   433877   181757   308249   671777    35159   361979   217499   694997    84509   606503    37049   431513    58217   563357
   563447    58193   431567    36857   606527    84467   695003   217409   362099    34883   672059   392087   511703   363947   301247   398933   300869   399149   300809   399227   300743   399689   300119   399983   300017   400199   299699   400559   299363   400859   299063   401069   298589   401957   298013   402053   285377   398543   188303   307919    27947   665123   337907   482597     5003   615539    93479   663149   268439   641813   136559
   136463   641897   268403   663239    93419   615557     4937   482687   337859   665267   676259   385379    16553   186959   513059   186869   513353   186587   513767   186107   514013   185957   514103   185819   514313   185483   514529   185369   514643   185267   514823   185153   514949   184727   515357   184577   515519   519383   512843   314627    23747    34739   362147   217319   695069    84449   606587    36767   431603    58109   563543
   563663    57809   431663    36599   606743    84407   695087   217253   362213   665303    16529   267557   314399   385739   314213   385817   314129   385943   313889   386153   313727   386369   313517   387017   312929   387227   312743   387269   312677   387623   312089   387977   311897   388259   311687   388403   311279   388823   395243   385493   683477    34703   337793   482753     4919   615599    93263   663407   268343   642197   136343
   136193   642233   268199   663539    93047   615617     4889   482837   335813    13127   352073    34457   665603    34283   665747    34217   666233    33569   666527    33359   666857    33023   667013    32987   667427    32429   667643    32309   667769    32189   667949    31973   668159    31397   668687    31307   668747    31193   668867    30593   665507   686879   364193   217169   695117    84389   606959    36467   431807    57773   563813
   564359    57587   431993    36353   607049    84263   695207   486179   374117   365369    51203   649157    50789   649283    50627   649457    50387   649643    50207   649829    50129   649937    49823   650477    49523   650543    49193   650987    48989   651239    48533   651509    48239   651809    47777   652493    47507   652667    47279   652913    33863   648719   325889   213827     4799   615743    92957   663653   268013   642419   135647
   135599   642623   267863   663713    92849   615767     4133   206069   333929   346223   353867   346043   354257   345689   354677   345263   354779   344969   355049   344543   355643   344327   355763   344207   355853   344039   356093   343787   356693   343073   356969   342899   357347   342653   357359   342569   357509   342413   357659   342239   357809   360167   353747   493937   695873    84239   607157    36293   432143    57383   564407
   564617    57269   432149    36269   607253   615869   681677   352193   225149   474917   225023   475037   224897   475289   224603   475427   224423   475679   224309   475877   224033   476087   223823   476249   223637   476429   223529   476513   223403   476639   223253   476759   222857   477293   222647   477677   222197   477857   222107   477947   222029   478157   221327   474839    18329    84137    92753   663737   267857   642737   135389
   135353   642833   267803   663797   607307    74903   359027    11243   688889    11027   689033    10739   689393    10313   689867    10133   689903     9887   690377     9587   690467     9497   690533     9377   690869     8969   691199     8669   691343     8597   691433     8543   691583     8369   691709     8243   691787     8087   691997     7907   692249     7673   692399      467   688733   625103    92699    36209   432203    57173   564653
   564797    57107   432287   664253    80819   353819    92657   607517    92387   607769    91733   608303    91583   608429    91397   608633    91163   608987    90863   609173    90647   609407    90473   609599    90263   609779    90203   609809    90017   610157    89819   610409    89567   610619    89303   610733    89189   610919    88937   611189    88799   611213    88547   611483    87293   607337   619187    35753   267719   642899   135209
   135089   642947   440987    25733   354533   102203   597899   102077   598007   101957   598127   101627   598643   101279   598799   100937   599153   100733   599303   100493   599537   100403   599663   100313   600167    99767   600293    99689   600659    99317   600833    99149   600983    98963   601067    98927   601379    98519   601883    98057   602033    97967   602087    97673   602453    94889   597689   674273   259019    57059   564917
   564989    56633   405527   353567    44357   655727    44249   655847    44123   656063    43853   656429    43487   656603    43397   656687    43223   656939    43013   657017    42773   657269    42683   657473    42509   657539    42299   657779    42197   657827    42023   658079    41879   658247    41729   658319    41627   658403    41519   658607    41357   658817    40847   659177    40583   659513    39107   655373   294479   643373   135017
   132947   618833   197003   276593   423503   276449   423617   276293   423749   276137   424007   275987   424037   275837   424223   275573   424547   275447   424667   275039   425003   274817   425297   274697   425423   274517   425549   274403   425783   274187   425903   274019   426077   273773   426287   273653   426389   273269   426773   273113   427073   272927   427103   272759   427403   272567   427457   427913   423299    81173   567059
   546869   367889    66383   633629    66239   633833    66083   634013    65927   634169    65699   634373    65609   634649    65327   634793    65147   634943    65027   635003    64919   635339    64499   635567    64403   635849    64067   635969    63857   636263    63719   636359    63599   636473    63473   636539    63443   636653    63197   636947    62939   637079    62723   637319    62627   637409    62507   637529    46649   633497   153137
   360869   147107   552917   146933   553229   146543   553529   146423   553589   146273   553757   145799   554303   145589   554573   145307   554747   145253   554969   144887   555167   144719   555593   144323   555707   143999   556487   143243   556943   142979   557033   142949   557273   142697   557537   142433   557789   142019   558203   141719   558497   141443   558827   140939   559277   140663   559367   140477   559583   132863   552809
