   144323   555707   143999   556487   143243   556943   142979   557033   142949   557273   142697   557537   142433   557789   142019   558203   141719   558497   141443   558827   140939   559277   140663   559367   140477   559583   140339   559673   140297   559799   140123   560039   139883   560297   139547   560597   139367   560837   139133   560897   139067   561047   138923   561359   138629   561389   138587   561599   138239   562607   345473
   561797    64403   635849    64067   635969    63857   636263    63719   636359    63599   636473    63473   636539    63443   636653    63197   636947    62939   637079    62723   637319    62627   637409    62507   637529    62297   637787    62189   638303    61583   638453    61547   638663    61007   639053    60923   639137    60737   639563    60317   639713    60167   639857    59999   640049    59879   640259    59699   647147   340877   138209
   138197   640589   274517   425549   274403   425783   274187   425903   274019   426077   273773   426287   273653   426389   273269   426773   273113   427073   272927   427103   272759   427403   272567   427457   272477   427913   272039   427997   272003   428039   271829   428303   271637   428489   271367   428843   270923   429347   270593   429467   270509   429563   270407   429677   270323   429719   270209   430427   347057    59417   561809
   561947    59393   430019    42299   657779    42197   657827    42023   658079    41879   658247    41729   658319    41627   658403    41519   658607    41357   658817    40847   659177    40583   659513    40283   659843    39953   660119    39869   660167    39779   660347    39503   660563    39323   660887    39113   660899    39089   660983    38903   661139    38747   661439    38459   661553    38393   663407   346547   269987   640613   138059
   137999   640649   269663   661673    99713   600317    99347   600689    99173   600857    99023   601043    98939   601079    98627   601487    98123   601949    97973   602039    97919   602333    97553   602543    97379   602639    97007   603047    96857   603209    96779   603257    96443   603947    96017   604223    95747   604613    95279   604733    95219   604829    95009   605117    94613   607253   346187    38333   430343    59357   562007
   562283    59273   430433    38327   605477    90203   609809    90017   610157    89819   610409    89387   610703    89273   610817    89087   611069    88817   611207    88793   611459    88523   611543    88169   611927    88037   611999    87869   612173    87743   612377    87623   612497    87293   612923    86993   613163    86837   613253    86579   613607    86369   613763    86117   615497   346223    94529   661679   269573   640733   137723
   137699   640847   269519   661769    94463   614153     8663   691409     8573   691463     8423   691637     8297   691763     8219   691919     8009   692099     7757   692333     7607   692423     7547   692753     7079   692963     6917   693137     6857   693179     6689   693353     6569   693533     6329   693683     6317   693743     6197   694019     5927   694193     5783   694313   348443    85853   605543    38237   430487    59159   562307
   562409    59063   430769    38183   605573    85829   694349   223253   476759   222857   477293   222647   477677   222197   477857   222107   477947   222029   478157   221807   478259   221603   478679   221219   478913   221069   479147   219983   480047   219839   480209   219707   480317   219677   480419   219503   480569   219293   480989   218963   481133   218849   483389   345749     5657   614177    94433   661823   269237   640943   137597
   137567   641093   269183   662357    94397   614387     5639   481379   342653   357359   342569   357509   342413   357659   342239   357809   341927   358229   341729   358499   341339   358703   341273   358979   340979   359069   340859   359297   340649   359837   339839   360257   339413   360749   339137   361013   338669   361433   338543   361637   338279   363119   346439   218627   694367    85619   605609    37649   430823    58913   562439
   562613    58727   430949    37529   605837    85523   694487   218417   361769    48497   651767    48197   652229    47513   652499    47339   652727    47093   653117    46853   653357    46643   653507    46229   653819    46103   654047    45953   654509    45413   654629    45263   654827    45083   655043    44777   655373    44357   655727    44249   655847   347513   338237   481589     5519   614483    94169   662477   269057   641279   137393
   137303   641327   268643   662513    93923   614693     5483   482099   338213   655883    31973   668159    31397   668687    31307   668747    31193   668867    30983   669029    30893   669167    30677   669413    30347   669869    30119   669947    29867   670217    29663   670577    29423   670619    29243   670853    29129   671189    28703   674879   344957    44123   361793   217907   694523    85313   606083    37493   431363    58679   562703
   563117    58427   431369    37313   606113    85247   694619   217793   361799    43943   671357   311747   388319   311603   388727   311183   389057   310889   389273   310559   389567   310283   389783   310187   389957   309929   390107   309797   390407   309503   390527   309359   390737   309137   391067   308933   391283   308639   304349   435179    28649   656063   338207   482213     5387   614759    93893   662693   268637   641579   136889
   136649   641639   268607   662789    93683   615137     5087   482309   338033   656153    28403   391487   184649   515429   184487   515597   184133   515993   183797   516293   183683   516437   183389   516623   183317   516839   183059   516959   182933   517079   182789   517367   182603   517457   182537   517487   182453   179903   686789   308519   671603    43853   361973   217697   694919    84869   606323    37217   431399    58367   563357
   563447    58217   431513    37139   606443    84737   694997   217619   361979    43577   671717   308327   517589   297953   402197   297707   402383   297503   402923   296969   403097   296843   403253   296507   403757   296129   403889   296027   404489   295313   404819   295037   405347   294509   405527   294347   409007   344543   182417   391679    28289   656429   338027   482387     5009   615269    93563   662867   268493   641789   136559
   136463   641813   268439   662957    93557   615473     5003   482507   337907   656519    28277   391757   182387   405689    10313   689867    10133   689903     9887   690377     9587   690467     9497   690533     9377   690869     8969   691337     2273   697877     2069   697967     2027   698183     1733   698297   348527   294317   517619   308249   671729    43487   362099   217499   695003    84533   606449    37049   431567    58193   563543
   563663    58109   431603    36857   606503    84467   695069   217409   362147    43403   671777   308117   517877   294179   698339      557   699527      467   699557      389   699767       59   699953        5   350039   349919   350093   349793   350219   349553   350663   349043   351179   348419   367559   683303     1667   405827   182129   391889    28229   656603   337859   482597     4937   615539    93503   663149   268403   641897   136343
   136193   642197   268343   663239    93479   615557     4919   482687   337793   656687    27947   392087   182057   405857     1619   351599   276137   424007   275987   424037   275837   424223   275573   424547   275447   424667   275039   425003   274817   425297   274697   425423   265157   263399   520763   348407   698387   294149   517949   307919   672059    43319   362213   217319   695087    84449   606527    36767   431663    57809   563813
   564359    57773   431807    36467   606587    84407   695117   217253   362309    43223   672227   307583   518249   294059   698393   348353   434927   157523   542579   157259   542873   157019   542999   156719   543299   156623   543539   156347   543887   155783   544259   155087   569237   325019   265079   351653     1613   405947   181757   392423    27779   656783   337697   482753     4889   615599    93419   663539   268199   642233   135647
   135599   642419   268013   663653    93263   615617     4799   482837   337349   656939    27689   392477   181619   406403     1559   351797   264899   544937   258437   441887   257987   442139   257687   442367   257519   442517   257273   442817   257177   443039   256889   448067   344243   155069   435107   348209   698447   293603   518387   307529   672317    43067   362657   217169   695207    84389   606743    36353   431993    57587   564407
   564617    57383   432143    36293   606959    84263   695327   216233   362693    43013   672557   307337   518597   293507   698483   348077   435257   155027   443129   324647   375413   324557   375509   324437   375707   323957   376127   323699   376469   323249   382229   344039   256877   544979   264749   351929     1523   406499   181409   392669    27449   656993   337313   483773     4679   615743    93047   663713   267863   642623   135389
   135353   642737   267857   663737    92957   615767     4637   483827   337283   657017    27239   392723   181277   406547     1499   352049   264743   545063   256757   377129   321227   378929   321053   379319   320609   379667   320303   379787   320153   319169   409817   322877   443249   154943   435263   347957   698507   293459   518729   307283   672767    42989   362723   216179   695369    84239   607049    36269   432149    57269   564653
   564797    57173   432203    36209   607157    84179   695777   215939   363017    42773   672827   307169   518807   293357   698567   347933   435563   154619   443363   322859   379979   245753   454379   245183   454919   245039   454973   244667   470867   334247   320027   377147   256643   545387   264443   352073     1439   406649   181199   392837    27179   657233   336989   484067     4229   615827    92849   663797   267803   642833   135209
   135089   642899   267719   663869    92699   615869     4139   484079   336857   657269    27143   392927   181193   406859     1283   352133   264437   545483   256517   377297   320009   455513   129419   570659   129287   570743   129119   592727   328067   244493   379997   322709   443489   154523   435569   347873   698723   293147   518813   307079   672863    42737   363149   215927   695867    84137   607307    36137   432287    57107   564917
   564989    57059   432359    35963   607337    83933   695873   215723   363179    42683   673019   306947   519227   293123   698729   347813   435647   154247   443837   322613   380189   244403   571019   241979   458123   241817   239387   568709   128987   455603   319817   377393   256169   545759   264359   352193     1277   406883   180779   393059    26987   657323   336827   484283     4133   616073    92669   664043   267647   642947   135017
   134669   643043   267593   664109    92657   616103     4127   484607   336689   657473    26849   393257   180749   406907     1103   352907   264353   545933   256133   377543   319679   455627   128969   458327   315893   450257   283859   241679   571037   244379   380327   322463   443873   154073   435653   347099   698903   293099   519257   306749   673157    42533   363317   215399   695879    83903   607349    35897   432413    56963   565337
   565517    56807   432437    35753   607517    83777   695927   215393   363569    42509   673193   306707   519359   292517   699053   347033   435839   154067   443987   322319   380333   244217   571133   458663   317969   350003   382037   241343   128873   455789   319673   377687   256019   545939   264167   352973      953   407489   180647   393299    26813   657497   336437   484613     4079   616229    92489   664253   267569   643199   134489
   134417   643373   267557   664403    92387   616289     4007   484727   336239   657539    26783   393473   180623   407579      947   353453   264113   546053   255977   378023   319589   455849   128033   459749   416147   249749   384113   240257   571973   244157   380417   321983   444029   153953   435893   346553   699059   292427   519383   306533   673223    42467   363767   215279   695999    83717   607619    35603   432449    56633   565589
   565637    56543   432527    35423   607769    83639   696077   215273   363947    33359   673247   306419   519509   292367   699077   346349   435947   153743   444089   321413   380459   243239   549509   131297   241883   458189   460619   458027   150497   456767   319547   378593   255917   546263   264059   353657      929   407639   180497   393587    26759   666647   336059   484733     3929   616367    92237   664583   267479   643463   134369
   134339   643553   267419   664613    91733   616409     3923   484853   336029   666857    26693   393629   180419   407723      887   353747   263909   546317   255839   378683   319127   439667   371939   129347   570719   129263   570887   107279   570587   260339   380879   321323   444167   153689   436097   346259   699119   292283   519587   306377   673313    33149   363977   215153   696083    83597   608273    35393   432587    56453   565667
   565787    56417   432989    35339   608303    83477   696239   214943   364127    33023   673613   306329   520067   292223   699197   346139   436157   153437   444293   379163   439253   365759   245627   454823   245087   454967   245033   455339   229139   454253   260753   320843   255713   546569   263849   353867      809   407783   179939   393677    26393   666983   335879   485063     3767   616529    91703   664667   267017   643589   134219
   134213   643883   266957   664679    91583   616547     3593   485123   335813   667013    26387   393797   179813   407969      719   353963   263723   546599   447137   312383   290189   321077   378953   320687   379397   320339   379703   320219   379853   380837   378779   387623   252869   153407   436283   346043   699287   292037   520193   306209   673619    32993   364193   214883   696413    83459   608423    35327   433049    56123   565793
   565919    56087   433073    35267   608429    83417   696617   214589   364313    32987   673649   306149   520313   291869   699323   345689   436439   547097   244787   355967   324593   375449   324497   375569   324299   376049   323879   376307   323537   376757   317777   375359   455219   152909   263567   354317      683   408137   179693   393857    26357   667019   335693   485417     3389   616589    91577   664739   266933   643919   134087
   134033   644009   266927   664847    91397   616787     3347   485447   335669   667427    26339   393977   179657   408173      569   355643   438047   124919   355763   258119   442019   257867   442319   257639   442487   257489   442733   257189   442829   256967   443117   251939   441569   575087   261959   344363   699437   291833   520349   306029   673667    32579   364337   214559   696659    83219   608609    35159   433079    55997   565973
   566057    55949   433319    34883   608633    83207   696887   214463   364373    32429   673769   305999   520427   291743   699443   688733   420677   374987   157427   542747   157133   542987   157007   543287   156707   543383   156467   543659   156119   544223   155747   544919   130769   542483   279329    11273      563   408263   179579   394007    26237   667577   335633   485543     3119   616799    91373   665123   266687   644057   133949
   133733   644117   266633   665267    91163   616829     2957   485567   335507   667643    26189   394073   179573   408437   368789   689393   179243   275999   424019   275969   424169   275783   424433   275459   424559   275339   424967   275003   425189   274709   425309   274583   434849   436607   423869    10613   331217   291569   520433   305933   673817    32363   364499   214439   697049    83177   608843    34739   433373    55889   566273
   566567    55487   433673    34703   608987    83063   697079   213953   364883    32309   674117   305849   520649   291509   320699    16703      479   699539      449   699617      239   699947       53   700001   349967   350087   349913   350213   349787   350453   349343   350963   348827   351587   332447   699449   379307   408497   179357   394157    25889   667697   335123   486053     2927   616943    91019   665303   266333   644519   133439
   133283   644549   266159   665507    90863   616997     2879   486119   335009   667769    25847   394223   522749   398063   351479    10139   689873    10103   690119     9629   690419     9539   690509     9473   690629     9137   691037     8669   697733     2129   697937     2039   697979     1823   698273     1709   689693   301943   177257   305783   674159    32237   364997   213887   697127    83009   609143    34499   433847    55457   566723
   567053    55337   433877    34457   609173    82757   697217   213827   365129    32189   674273   305267   509429   355463   297809   402299   297623   402503   297083   403037   296909   403163   296753   403499   296249   403877   296117   403979   295517   404693   295187   404969   294659   405497   294479   405659   290999   402053   190577   394739    25733   667817   334877   486179     2789   617249    90833   665549   266129   644669   132953
   132947   644747   266117   665603    90647   617387     2633   486293   334793   667949   675977   475427    13217   184577   515519   184409   515873   184013   516209   183713   516323   183569   516617   183383   516689   183167   516947   183047   517073   182927   517217   182639   517403   182549   517469   182519   517553   520103   515357   224579    24029    32057   365213   213713   697373    82619   609359    34403   433889    55259   567059
   567143    55217   434249    34283   609407    82559   697397   213599   365369   670673    13967   264827   311687   388403   311279   388823   310949   389117   310733   389447   310439   389723   310223   389819   310049   390077   309899   390209   309599   390503   309479   390647   309269   390869   308939   391073   308723   391367   395657   388259   686039    29333   334637   486407     2609   617447    90599   665723   265757   644789   132863
   132749   644843   265739   665747    90473   617537     2549   486449   365627    20879   355049    31847   668609    31319   668699    31259   668813    31139   669023    30977   669113    30839   669329    30593   669659    30137   669887    30059   670139    29789   670343    29429   670583    29387   670763    29153   670877    28817   671303    25127   668033   679127   334379   213557   697457    82469   609533    34259   434267    55163   567257
   567383    55073   434297    34217   609599    82349   697583   488909   324473   352493    48239   651809    47777   652493    47507   652667    47279   652913    46889   653153    46649   653363    46499   653777    46187   653903    45959   654053    45497   654593    45377   654743    45179   654923    44963   655229    44633   655649    44279   655757    44159   651509   375533   211097     2423   617657    90407   665789   265709   644933   132623
   132437   645023   265703   666143    90263   617699     2333   200357   353567   342647   357437   342497   357593   342347   357767   342197   358079   341777   358277   341507   358667   341303   358733   341027   359027   340937   359147   340709   359357   340169   360167   339749   360593   339257   360869   338993   361337   338573   361463   338369   361727   336887   357353   499649   697673    82307   609743    33863   434303    54983   567569
   567659    54869   434387    33773   609779   618437   691199   354257   223247   477149   222713   477359   222329   477809   222149   477899   222059   477977   221849   478199   221747   478403   221327   478787   221093   478937   220859   480023   219959   480167   219797   480299   219689   480329   219587   480503   219437   480713   219017   481043   218873   481157   216617   476753     8807    81569    90227   666233   265619   645137   132347
   132287   645233   265547   666437   610439    71633   351563     8597   691433     8543   691583     8369   691709     8243   691787     8087   691997     7907   692249     7673   692399     7583   692459     7253   692927     7043   693089     6869   693149     6827   693317     6653   693437     6473   693677     6323   693689     6263   693809     5987   694079     5813   694223     5693   691343   628373    89567    33569   434459    54773   567719
   567947    54623   434813    33479    78989   353783    90197   609989    89849   610187    89597   610619    89303   610733    89189   610919    88937   611189    88799   611213    88547   611483    88463   611837    88079   611969    88007   612137    87833   612263    87629   612383    87509   612713    87083   613013    86843   613169    86753   613427    86399   613637    86243   613889    84509   609803   621017   666527   265193   645383   132059
   131909   645443   435923   656609   353819    99689   600659    99317   600833    99149   600983    98963   601067    98927   601379    98519   601883    98057   602033    97967   602087    97673   602453    97463   602627    97367   602999    96959   603149    96797   603227    96749   603563    96059   603989    95783   604259    95393   604727    95273   604787    95177   604997    94889   605393    92753   600293    43397   264083    54563   568097
   568367    54167   253607   353459    42227   657809    42179   657983    41927   658127    41759   658277    41687   658379    41603   658487    41399   658649    41189   659159    40829   659423    40493   659723    40163   660053    39887   660137    39839   660227    39659   660503    39443   660683    39119   660893    39107   660917    39023   661103    38867   661259    38567   661547    38453   661613    36599   657707   446399   645839   131639
   131363   629417   352949   274457   425603   274223   425819   274103   425987   273929   426233   273719   426353   273617   426737   273233   426893   272933   427079   272903   427247   272603   427439   272549   427529   272093   427967   272009   428003   271967   428177   271703   428369   271517   428639   271163   429083   270659   429413   270539   429497   270443   429599   270329   429683   270287   429797   269579   425489    70589   568643
   553733   359129    64157   635939    64037   636149    63743   636287    63647   636407    63533   636533    63467   636563    63353   636809    63059   637067    62927   637283    62687   637379    62597   637499    62477   637709    62219   637817    61703   638423    61553   638459    61343   638999    60953   639083    60869   639269    60443   639689    60293   639839    60149   640007    59957   640127    59747   640307    52859   635603   146273
   354533   144299   556007   143519   556763   143063   557027   142973   557057   142733   557309   142469   557573   142217   557987   141803   558287   141509   558563   141179   559067   140729   559343   140639   559529   140423   559667   140333   559709   140207   559883   139967   560123   139709   560459   139409   560639   139169   560873   139109   560939   138959   561083   138647   561377   138617   561419   138407   561767   137399   555683
