   151169   548843   151049   549503   150497   549533   150383   549683   150299   549719   150239   550139   149837   550289   149627   550427   149399   550757   149069   550973   148913   551339   148517   551549   148193   551849   148079   551933   147977   552179   147743   552317   147347   552707   147197   552899   147089   553073   146777   553463   146477   553583   146417   553733   146249   554207   145703   554417   145433   557033   344327
   554699    70079   629939    70019   630107    69809   630353    69539   630689    69203   630863    68993   631187    68777   631307    68597   631529    68447   631859    67883   632153    67733   632297    67679   632447    67547   632483    67307   632717    66809   633209    66749   633377    66533   633497    66383   633629    66239   633833    66083   634013    65927   634169    65699   634373    65609   634649    65327   636149   346349   145307
   145259   634793   280703   419417   280583   419459   280409   419753   280229   420029   279857   420317   279413   420599   279329   420737   279203   420977   278903   421163   278609   421517   278363   421727   278063   422087   277757   422363   277637   422459   277247   422789   276953   423173   276827   423299   276593   423503   276449   423617   276293   423749   276137   424007   275987   424037   275837   273929   498053    65213   554747
   554753    65147   424223    49463   650813    49019   651017    48767   651473    48497   651767    48197   652229    47513   652499    47339   652727    47093   653117    46853   653357    46643   653507    46229   653819    46103   654047    45953   654509    45413   654629    45263   654827    45083   655043    44777   655373    44357   655727    44249   655847    44123   656063    43853   656429    43487   656603   346439   275783   634859   145253
   145037   634943   275573   656609   106103   593987   106013   594023   105899   594449   105437   594617   105107   595073   104849   595247   104729   595313   104459   595613   104297   596009   103979   596093   103889   596363   103583   596789   103079   596963   102953   597209   102653   597419   102533   597599   102329   597689   102203   597899   102077   598007   101957   598127   101627   599663   346223    43397   424433    65063   554969
   555119    65027   424547    43319   598643    96779   603257    96443   603947    96017   604223    95747   604613    95279   604733    95219   604829    95009   605117    94613   605477    94463   605573    94397   605837    93923   606113    93683   606443    93557   606503    93479   606587    93263   606959    92957   607157    92753   607307    92669   607349    92489   607619    91733   611969   344039   101363   656687   275459   634979   144887
   144839   635003   275447   656783   101279   608303    13967   686099    13829   686453    13487   686639    13337   686789    13163   686879    13109   686963    13037   687023    12923   687107    12689   687359    12569   687593    12323   687737    12239   687779    12197   687893    11939   688073    11909   688139    11789   688223    11369   688733    11243   688889    11027   689393   348209    91703   598727    43223   424559    65003   555167
   555287    64919   424667    43067   598799    91583   689033   228797   471299   228617   471467   228257   471803   228113   471929   227873   472469   227363   472799   227189   472847   227147   473453   226487   473579   226409   473723   226217   473999   225989   474029   225809   474437   225527   474497   225503   474659   225299   474779   225167   474857   225089   476087   346547    10973   608423   101207   656939   275339   635087   144719
   144413   635339   275039   656993   100937   608429    10739   474983      479   699539      449   699617      239   699947       53   700001   349967   350087   349913   350213   349787   350453   349343   350963   348827   351479   348443   351587   348407   351653   348077   352049   347933   352133   347813   352493   347099   352973   346553   353747   346139   344957   356693   225023   689267    91577   599069    43013   424967    64667   555593
   555683    64499   425003    42989   599153    91397   689693   224969   353963    54167   646013    53939   646157    53813   646307    53609   646859    53117   646913    53069   647033    52967   647069    52889   647147    52817   647333    52553   647477    52517   647627    52313   647747    52253   647783    51977   648107    51767   648257    51713   671603   325187   346043   475037    10313   608609   100853   657017   275003   635507   144323
   144299   635567   274817   657233   100733   608633    10139   475109   345749   648677    38393   661673    38327   661769    38183   662357    37529   662513    37313   662789    37139   662957    36857   663239    36599   663539    36353   663713    36269   663797    36137   664043    35897   664253    35603   664583    35393   664667    35327   679859   333023    51329   354257   224897   689867    91373   599273    42773   425189    64439   555707
   556007    64403   425297    42737   599303    91163   689873   224717   354317    51287   664739   317453   382643   317279   382847   317123   382919   316937   383099   316859   383153   316703   383429   316373   383813   316097   383969   315977   384107   315893   384203   315779   384407   315569   384479   315407   384737   315179   299807   433847    35267   648719   345689   475289    10133   608843   100703   657269   274709   635603   143999
   143519   635849   274697   657323   100493   608987    10103   475403   345473   648803    35159   385079   191747   508349   191507   508559   191297   508817   191033   509027   190709   509393   190577   509477   190403   509693   190283   509909   189929   510569   189389   510767   189017   511163   188519   511523   188303   185363   674759   314927   664847    51203   354533   224603   689903    91019   599513    42683   425309    64157   556487
   556763    64067   425423    42533   599537    90863   690119   224579   354677    50849   665123   314879   511757   305267   394787   304979   395069   304847   395243   304553   395657   303803   396239   303713   396323   303593   396509   303473   396629   303293   396719   303119   396953   302969   397259   302723   299699   446657   188249   385127    34883   649157   345329   475427     9887   609143   100469   657473   274583   635939   143243
   143063   635969   274517   657497   100403   609173     9629   475583   345263   649217    34739   385193   188147   397427    15737   684647    15233   684857    15137   684923    15017   685109    14669   685367    14369   685679    14033   686009     7079   692963     6917   693137     6857   693179     6689   368099   674363   302579   511859   314813   665267    50789   354743   224423   690377    90833   599603    42509   425489    64037   556943
   557027    63743   425549    42467   599693    90647   690419   224327   354779    50723   665303   314807   512537   302573   693353     5003   695069     4919   695117     4799   695327     4229   695867     4133   695879     4079   695999     3929   696083     3767   696413     3389   696659     3119   363947   682337     6653   397433   187469   385199    34703   649283   345227   475679     9587   609359   100313   657539   274457   636263   142979
   142949   636287   274403   657707    99839   609407     9539   475697   344969   649379    34499   385379   187463   397493     6569   697049   281837   418199   281747   418289   281669   418343   281579   418667   281297   418763   281207   418889   280949   419147   280817   428843   270923   268199   500693     2957   693437   302513   512543   314627   665507    50627   355037   224309   690467    90599   600167    42299   425603    63719   557057
   557273    63647   425783    42227   600239    90473   690509   224129   355463    50549   665549   314603   512573   302459   693533     2927   429347   164039   536147   163733   536699   162593   537587   162263   537749   161957   538127   161807   538367   161453   538697   161267   546263   341303   270659   697079     6473   397547   187433   385403    34457   649457   344543   475877     9497   609533    99767   657779   274223   636359   142733
   142697   636407   274187   657809    99713   609599     9473   475973   344363   649619    34403   385493   187409   397589     6329   697127   270593   539009   265157   434927   264899   435179   264749   435263   264443   435569   264359   435653   264167   435893   264083   259667   526037   160997   429413     2879   693677   302417   512597   314513   665603    50387   355643   224033   690533    90407   600293    42197   425819    63599   557309
   557537    63533   425903    42179   600317    90263   690629   223823   355763    50363   665723   314399   512657   301943   693683     2789   429467   160967   435947   332183   367889   331889   368453   331277   368789   330983   369119   330653   369419   330359   328919   390107   264059   539039   270539   697217     6323   398063   187349   385607    34283   649643   344243   476183     9377   609743    99689   657827   274103   636473   142469
   142433   636533   274019   657983    99347   609779     9137   476249   344207   649799    34259   385739   187163   398129     6317   697373   270509   539129   263909   369659   328667   371387   328589   371627   328373   371663   328109   371939   327983   327839   393857   330347   436097   160877   429497     2633   693689   301877   512843   314267   665747    50207   355799   223757   690869    90227   600659    42023   425987    63473   557573
   557789    63467   426233    41927   600689    90203   691037   223637   355853    50177   665789   314213   513047   301793   693743     2609   429563   160739   436157   330047   372137   254003   446087   253733   446399   253247   447107   252887   251177   545387   327869   369959   263849   539267   270443   697397     6263   398213   186959   385793    34217   649829   344153   476369     8969   609803    99317   658079   273773   636539   142217
   142019   636563   273719   658127    99173   609809     8807   476429   343913   649877    33863   385817   186947   398303     6197   697457   270407   539309   263723   370133   327827   447137   137303   563117   136649   563447   136463   579503   333539   252869   372179   329873   436283   160697   429599     2549   693809   301703   513059   314189   666143    50129   356093   223577   691199    90197   600833    41879   426287    63443   557987
   558203    63353   426353    41759   600857    90017   691337   223529   356219    50069   666233   314129   513137   301649   694019     2423   429677   160499   436439   329789   372269   252827   563663   249779   450257   249593   459047   341339   136343   447179   327737   370217   263567   539507   270329   697583     5987   398357   186869   385877    33773   649937   343787   476477     8669   609989    99149   658247   273653   636653   141803
   141719   636809   273617   658277    99023   610157     8663   476513   343073   650183    33479   385943   186653   398423     5927   697673   270323   539633   263399   370613   327707   447683   136193   450473   322877   416399   310733   249533   563813   252323   372299   329393   436607   160373   429683     2333   694079   301583   513353   314063   666527    49823   356933   223493   691343    89849   600983    41729   426389    63197   558287
   558497    63059   426737    41687   601043    89819   691409   223403   356969    49529   666647   313889   513419   301463   694193     2273   429719   160367   436739   329387   372377   251939   564359   248609   337859   350003   362147   451397   135647   448067   327629   370619   263267   539639   270287   697733     5813   398543   186587   386117    33359   650477   343037   476603     8597   610187    98963   658319   273269   636947   141509
   141443   637067   273233   658379    98939   610409     8573   476639   342899   650483    33149   386153   186239   398759     5783   697877   270209   539663   262853   370673   327317   448367   564797   442487   389273   283607   377129   257519   135209   251639   372689   329333   437153   160343   429797     2129   694223   301247   513767   313853   666857    49523   357107   223367   691433    89597   601067    41627   426773    62939   558563
   558827    62927   426893    41603   601079    89567   691463   223253   357347    39443   666983   313727   513899   301073   694313     2069   430019   160319   437273   329123   372797   449363   117239   358667   249749   450413   240959   450227   582767   250643   327209   370883   262733   539687   269987   697937     5693   398933   186107   386279    33023   660563   342659   476753     8543   610439    98927   658403   273113   637079   141179
   140939   637283   272933   658487    98627   610619     8423   476759   342653   660683    32993   386369   185993   399137     5657   697967   269663   539837   262649   371177   375509   444089   366467   136889   563357   136559   563543   120503   562703   255917   324497   328829   437357   160169   430343     2039   694349   300869   514013   313637   667013    39323   357353   223247   691583    89387   601379    41519   427073    62723   559067
   559277    62687   427079    41399   601487    89303   691637   222857   357359    39119   667019   313517   514049   300857   694367     2027   430427   160163   437363   328007   367277   154619   253919   446273   253607   446759   252899   447119   448829   446003   332729   371999   262643   539843   269579   697979     5639   399149   185957   386489    32987   660887   342647   477149     8369   610703    98519   658607   272927   637319   140729
   140663   637379   272903   658649    98123   610733     8297   477293   342569   660899    32579   387017   185903   399197     5519   698183   269573   540149   441479   409349   306149   328619   371417   328379   371633   328343   371897   328067   372023   372167   371339   290657   258527   159857   430433     1823   694487   300809   514103   312989   667427    39107   357437   222713   691709    89273   601883    41357   427103    62627   559343
   559367    62597   427247    41189   601949    89189   691763   222647   357509    39089   667577   312929   514187   300779   694619     1733   430487   159737   432989   309899   332117   368117   331553   368729   331217   369023   330887   369353   330587   369647   371087   367823   267017   540269   269519   698273     5387   399227   185819   387077    32429   660917   342497   477359     8243   610817    98057   658817   272759   637409   140639
   140477   637499   272603   659159    97973   610919     8219   477677   342413   660983    32363   387227   185693   399263     5087   698297   260807   527789   173969   265079   435107   264827   435257   264743   435563   264437   435647   264353   435839   264113   435923   440339   434849   172217   439199     1709   694919   300743   514313   312779   667643    39023   357593   222329   691787    89087   602033    40847   427403    62507   559529
   559583    62477   427439    40829   602039    88937   691919   222197   357659    38903   667697   312743   514523   300317   694997   388259   578117   358703   163859   536273   163307   537413   162419   537743   162257   538049   161879   538199   161639   538553   161309   538739   153743   535967   121889   311747     5009   399689   185483   387263    32309   661103   342347   477809     8087   611069    97967   659177   272567   637529   140423
   140339   637709   272549   659423    97919   611189     8009   477857   342239   661139    32237   387269   185477   399887   339137   641279   199313   281807   418259   281717   418337   281663   418427   281339   418709   281243   418799   281117   419057   280859   419189   271163   429083   431807   418169    58727   360869   300119   514529   312737   667769    38867   357767   222149   691997    88817   602087    40583   427457    62297   559667
   559673    62219   427529    40493   602333    88799   692099   222107   357809    38747   667817   312677   514637   400859   675347    17669     4937   695087     4889   695207     4679   695777     4139   695873     4127   695927     4007   696077     3923   696239     3593   696617     3347   696887   336059   695003    24659   299147   185369   387329    32189   661259   342197   477899     7907   611207    97673   659513   272477   637787   140333
   140297   637817   272093   659723    97553   611213     7757   477947   341927   661439    32057   387623   517079   392087    25643    15359   684773    15149   684869    15083   684989    14897   685337    14639   685637    14327   685973    13997   692927     7043   693089     6869   693149     6827   693317   331907   684269   307919   182927   312383   667949    38567   358079   222059   692249    88793   602453    40283   427913    62189   559709
   559799    61703   427967    40163   602543    88547   692333   222029   358229    38459   668033   311603   502499   253349   305219   395027   304937   395159   304763   395453   304349   396203   303767   396293   303683   396413   303497   396533   303377   396713   303287   396887   303053   397037   302747   397283   400307   394739   197507   388403    31973   661547   341777   477977     7673   611459    97463   659843   272039   638303   140207
   140123   638423   272009   660053    97379   611483     7607   478157   341729   661553   673223   468059    25247   191657   508499   191447   508709   191189   508973   190979   509297   190613   509429   190529   509603   190313   509723   190097   510077   189437   510617   189239   510989   188843   511487   188483   511703   514643   508259   231947    26783    38453   358277   221849   692399    88523   602627    39953   427997    61583   559883
   560039    61553   428003    39887   602639    88463   692423   221807   358499   666437     5483   266159   317363   382727   317159   382883   317087   383069   316907   383147   316853   383303   316577   383633   316193   383909   316037   384029   315899   384113   315803   384227   315599   384437   315527   384599   315269   384827   400199   382553   694523    33569   341507   478199     7583   611543    97367   660119   272003   638453   139967
   139883   638459   271967   660137    97007   611837     7547   478259   365213     4637   366983    38333   661679    38237   661823    37649   662477    37493   662693    37217   662867    37049   663149    36767   663407    36467   663653    36293   663737    36209   663869    35963   664109    35753   664403    35423   664613    35339   664679    20147   661613   695369   334793   221747   692459    88169   602999    39869   428039    61547   560123
   560297    61343   428177    39839   603047    88079   692753   488909   685247   374819    53993   646067    53849   646193    53699   646397    53147   646889    53093   646937    52973   647039    52937   647117    52859   647189    52673   647453    52529   647489    52379   647693    52259   647753    52223   648029    51899   648239    51749   648293    28403   645839    14759   211097     7253   611927    96959   660167   271829   638663   139709
   139547   638999   271703   660227    96857   611999   347057   202409   343313      467   699557      389   699767       59   699953        5   350039   349919   350093   349793   350219   349553   350663   349043   351179   348527   351563   348419   351599   348353   351929   347957   352073   347873   352193   347513   352907   347033   353453   346259   353867   355049   699527   497597   352949    88007   603149    39779   428303    61007   560459
   560597    60953   428369    39659   603209   615599   346187   353459   228707   471389   228539   471749   228203   471893   228077   472133   227537   472643   227207   472817   227159   472859   226553   473519   226427   473597   226283   473789   226007   474017   225977   474197   225569   474479   225509   474503   225347   474707   225227   474839   225149   474917   223919   471209   353819    84407    96797   660347   271637   639053   139409
   139367   639083   271517   660503   607769    71789   351797    13907   686177    13553   686519    13367   686669    13217   686843    13127   686897    13043   686969    12983   687083    12899   687317    12647   687437    12413   687683    12269   687767    12227   687809    12113   688067    11933   688097    11867   688217    11783   688637    11273   688763    11117   688979    10613   686039   628217    92237    39503   428489    60923   560639
   560837    60869   428639   660893    82559   355967    96749   603563    96059   603989    95783   604259    95393   604727    95273   604787    95177   604997    94889   605393    94529   605543    94433   605609    94169   606083    93893   606323    93563   606449    93503   606527    93419   606743    93047   607049    92849   607253    92699   607337    92657   607517    92387   608273    88037   603227   617447    39113   271367   639137   139169
   139133   639269   431363    27179   353783   106019   593993   105983   594107   105557   594569   105389   594899   104933   595157   104759   595277   104693   595547   104393   595709   103997   596027   103913   596117   103643   596423   103217   596927   103043   597053   102797   597353   102587   597473   102407   597677   102317   597803   102107   597929   101999   598049   101879   598379   100343   593903   672827   268643    60737   560873
   560897    60293   409517   353567    49193   650987    48989   651239    48533   651509    48239   651809    47777   652493    47507   652667    47279   652913    46889   653153    46649   653363    46499   653777    46187   653903    45959   654053    45497   654593    45377   654743    45179   654923    44963   655229    44633   655649    44279   655757    44159   655883    43943   656153    43577   656519    43403   650543   290489   639713   139109
   562409   628877   201953   280589   419423   280547   419597   280253   419777   279977   420149   279689   420593   279407   420677   279269   420803   279029   421103   278843   421397   278489   421643   278279   421943   277919   422249   277643   422369   277547   422759   277217   423053   276833   423179   276707   423413   276503   423557   276389   423713   276257   423869   275999   424019   275969   424169   426077   419303    71129   137597
   122609   353657    70067   629987    69899   630197    69653   630467    69317   630803    69143   631013    68819   631229    68699   631409    68477   631559    68147   632123    67853   632273    67709   632327    67559   632459    67523   632699    67289   633197    66797   633257    66629   633473    66509   633623    66377   633767    66173   633923    65993   634079    65837   634307    65633   634397    65357   634679    63857   629927   577397
   355679   151163   548957   150503   549509   150473   549623   150323   549707   150287   549767   149867   550169   149717   550379   149579   550607   149249   550937   149033   551093   148667   551489   148457   551813   148157   551927   148073   552029   147827   552263   147689   552659   147299   552809   147107   552917   146933   553229   146543   553529   146423   553589   146273   553757   145799   554303   145589   554573   142973   548837
