   159833   540233   159737   540377   159623   540389   159569   540599   159293   540773   159227   540989   158909   541349   158567   541469   158429   541613   158243   541817   157889   542183   157799   542237   157559   542483   157427   542747   157133   542987   157007   543287   156707   543383   156467   543659   156119   544223   155747   544919   155069   544979   154943   545387   154523   545759   154073   545939   153953   548489   344039
   546263    79427   620639    79349   620777    79193   621017    78977   621113    78779   621353    78479   621833    78137   622073    77849   622493    77477   622637    77213   623003    76949   623327    76289   623723    75797   624233    75659   624467    75527   624599    75323   624737    75209   624839    75029   625103    74897   625133    74699   625319    74609   625409    74489   625643    74093   625979    73973   628013   345263   153743
   153689   626063   290657   409379   290489   409817   290183   409967   289889   410243   289727   410687   289103   411167   288773   411479   288389   411779   287939   412073   287873   412157   287813   412457   287387   412949   286973   413243   286589   413537   286427   413807   285953   414179   285539   414629   285227   414893   284897   415187   284489   415523   284447   415577   284057   416147   283763   416543   346139    73943   546317
   546569    73859   416399    57059   643043    56807   643373    56543   643553    56417   643883    56087   644009    55949   644117    55487   644549    55337   644747    55217   644933    54983   645137    54773   645383    54563   645467    54503   645629    54323   645713    54269   645839    53993   646067    53849   646193    53699   646397    53147   646889    53093   646937    52973   647039    52937   648677   346553   283607   626147   153437
   153407   626159   283133   647117   115823   584249   115727   584393   115589   584663   115133   584879   115013   585317   114593   585587   114329   585737   114167   585863   114089   586037   113933   586349   113513   586589   113327   586793   113027   587087   112787   587417   112577   587603   112337   587753   112019   588113   111833   588239   111659   588383   111497   588683   111269   591827   344327    52889   416873    73847   546599
   546719    73673   417089    52859   588743   105983   594107   105437   594617   105107   595073   104849   595247   104729   595313   104459   595613   104297   596009   103979   596093   103889   596363   103583   596789   103079   596963   102953   597209   102653   597419   102533   597599   102329   597689   102203   597899   102077   598007   101957   598127   101627   598643   101279   604613   341729   111263   647147   282917   626333   153287
   153137   626363   282833   647189   111227   598799    22697   677387    22367   677657    22193   677927    21929   678203    21599   678437    21407   678659    21227   678989    20939   679127    20849   679463    20399   679709    20183   679829    20147   679883    19979   680213    19709   680453    19373   680993    18959   681089    18869   681167    18749   681293    18587   683789   345689   101207   588779    52817   417173    73643   546869
   546893    73613   417239    52673   588953   100937   681563   239087   460937   239027   461147   238709   461333   238499   461609   238313   461843   237857   462239   237563   462719   237233   462827   237143   462953   236723   463433   236549   463787   236087   464129   235793   464327   235559   464483   235307   464963   235013   464999   234917   465173   234713   472469   340649    18443   599069   111053   647333   282767   626393   153113
   153059   626477   282713   647453   111029   599153    18329   465407     6689   693353     6569   693533     6329   693683     6317   693743     6197   694019     5927   694193     5783   694313     5657   694367     5519   694523     5387   694919     5009   695003     4937   695087     4889   695207     4679   695369     4229   695867     4133   695927     4007   698393   346349   234599   681677   100853   588977    52553   417293    73529   546947
   547097    73517   417617    52529   589187   100733   681719   234587   696077    62723   637319    62627   637409    62507   637529    62297   637787    62189   638303    61583   638453    61547   638663    61007   639053    60923   639137    60737   639563    60317   639713    60167   639857    59999   640049    59879   640259    59699   640589    59393   641789   347033     3929   465419    18287   599273   110819   647477   282389   626489   152909
   152783   626627   282383   647489   110597   599303    18233   465809     3923   640649    46187   653903    45959   654053    45497   654593    45377   654743    45179   654923    44963   655229    44633   655649    44279   655757    44123   656063    43853   656429    43487   656603    43397   656687    43223   656939    43013   657017    42773   663149   342413    59357   696083   234197   681773   100703   589409    52517   417623    73379   547223
   547229    73043   417719    52379   589439   100493   682049   234089   696239    59273   657269   327869   372167   327827   372269   327707   372377   327317   372797   327203   373007   326663   373349   326147   373943   325943   374117   325883   374333   325607   374687   325217   374819   325019   375029   324893   375233   324647   319049   404969    42737   640733     3767   465917    17957   599513   110567   647627   282287   626963   152777
   152519   626987   282167   647693   110477   599537    17747   465977     3593   640847    42683   375413   200063   499973   199853   500333   199637   500483   199487   500603   199313   500957   198977   501077   198833   501287   198689   501383   198503   501593   198347   501827   197963   502079   197759   502409   197507   504599   346547   324593   657323    59159   696413   234029   682259   100469   589529    52313   417839    73019   547487
   547577    72923   417863    52259   589877   100403   682277   233759   696617    59063   657473   324557   502553   314213   385817   314129   385943   313889   386153   313727   386369   313517   387017   312929   387227   312743   387269   312677   387623   312089   387977   311897   388259   311687   388403   311279   388823   348419   197453   375449    42533   640943     3389   466247    17729   599603   110129   647747   282143   627083   152429
   152423   627383   282059   647753   109883   599663    17669   466517     3347   641093    42509   375509   197159   389057    24029   676217    23753   676259    23669   676373    23537   676589    23357   676679    23279   676919    23063   676967    23027   677147    14639   685637    14033   686009    13967   686843   348077   310949   502847   324497   657497    58913   696659   233489   682337   100343   590123    52253   417947    72623   547583
   547643    72053   417953    52223   590489   100313   682427   233357   696887    58727   657539   324473   502883   310889   686099    12269   687767    12227   687809    12113   688067    11933   688097    11867   688217    11369   688733    11243   688889    11027   689033    10739   689393    10313   371939   667019    13907   389117   197123   375533    42467   641279     3119   466649    17579   599693   109517   647783   282053   627953   152363
   152297   628097   281933   648029   109469   600167    17333   467183     2957   641327    42299   375569   197033   389273    13829   689867   292367   407723   292223   407969   291869   408173   291743   408437   291509   408563   291293   408719   290999   409043   290669   420677   279269   423179   335633    10139   686177   310733   502973   324437   657707    58679   697049   232823   682673    99839   590537    51977   418073    71909   547709
   547787    71879   418079    51899   590573    99767   682679   232709   697079    58427   657779   324299   503003   310559   686453    10133   420803   174329   525809   174137   526037   173933   526139   173807   526223   173699   526649   173297   526733   173267   526829   172883   527453   348827   279203   689873    13553   389447   197003   375707    42227   641579     2927   467297    17327   600239   109433   648107   281927   628127   152219
   152189   628139   281849   648239   109397   600293    16703   467399     2879   641639    42197   376049   196799   389567    13487   689903   279029   527129   273269   426773   273113   427073   272927   427103   272759   427403   272567   427457   272477   427913   272039   270329   506843   172877   420977    10103   686519   310439   503207   323957   657809    58367   697127   232607   683303    99713   590609    51767   418157    71867   547817
   547823    71789   418169    51749   590627    99689   683357   232499   697217    58193   657827   323879   503267   310283   686639     9887   421103   172673   427997   342197   358079   341777   358499   341339   358703   341273   358979   340979   359069   340877   340709   367559   272009   527333   278903   690119    13367   389723   196739   376127    42179   641813     2789   467507    16649   600317   109379   648257   281837   628217   152183
   152003   628373   281807   648293   109253   600659    16553   467549     2633   641897    42023   376307   196709   389783    13337   690377   278843   527399   272003   359147   338573   361463   338369   361727   338237   361793   338207   361973   338027   314627   397037   340859   428003   172607   421163     9629   686669   310223   503297   323699   657983    58109   697373   232457   683453    99347   590753    51713   418199    71633   548003
   548039    71333   418259    51287   590867    99317   683477   232307   697397    57809   658079   323537   503423   310187   686789     9587   421397   172517   428039   340169   362099   263267   437153   262733   437357   262643   437693   262253   444029   342899   337907   359837   271967   527489   278609   690419    13217   389819   196583   376469    41927   642197     2609   467699    16529   600689   109139   648719   281747   628673   151967
   151937   628679   281717   648803   108917   600833    16493   467897     2549   642233    41879   376757   196523   389957    13127   690467   278489   527633   271829   360167   337859   437819   147197   552899   147089   553073   146777   556763   346223   262187   362147   339839   428177   172373   421517     9539   686879   310049   503483   323249   658127    57773   697457   232109   683513    99173   591089    51203   418289    71327   548069
   548123    71249   418337    50849   591113    99149   683687   232103   697583    57587   658247   322877   503819   309929   686897     9497   421643   172307   428369   339749   362213   262139   553463   259829   440183   259499   258527   531977   146543   437867   337793   360257   271637   527699   278363   690509    13109   390077   196187   377129    41759   642419     2423   467903    16319   600857   108893   649157   281669   628757   151883
   151817   628877   281663   649217   108869   600983    16229   467927     2333   642623    41729   377147   196043   390107    13043   690533   278279   527789   271517   360593   337697   438029   146477   440849   332987   244379   472643   259157   553529   261977   362309   339413   428489   172217   421727     9473   686963   309899   503963   322859   658277    57383   697673   232079   683777    99023   591137    50789   418343    71129   548189
   548363    71069   418427    50723   591509    98963   683783   231947   697733    57173   658319   322709   504143   309797   686969     9377   421943   172097   428639   339257   362657   261959   553583   442019   489659   350003   210347   257987   146423   438047   337349   360749   271367   527909   278063   690629    13037   390209   195863   377297    41687   642833     2273   468059    16223   601043   108497   649283   281579   628937   151643
   151607   629009   281339   649379   108347   601067    16187   468113     2129   642899    41627   377393   195809   390407    12983   690869   277919   528137   271163   360869   337313   438233   557309   439289   227363   455627   367019   260717   142697   261773   362693   339137   428843   171869   422087     9137   687023   309599   504197   322613   658379    57107   697877   231893   683819    98939   591659    50627   418667    70997   548399
   548453    70667   418709    50549   591743    98927   683909   231533   697937    48197   658403   322463   504269   309503   687083     8969   422249   171707   429083   338993   362723   259667   138209   168029   259823   440507   441479   440177   561797   440339   337283   361013   270923   528299   277757   691037    12923   390503   195737   377543    41603   651809     2069   468473    16097   601079   108263   649457   281297   629339   151553
   151253   629417   281243   649619   107873   601379    16073   468527     2039   652229    41519   377687   195527   390527    12899   691199   277643   528623   270659   361337   365513   431807   353783   147107   552917   146933   553229   143243   552809   268199   334493   338669   429347   171383   422363     8807   687107   309479   504479   322319   658487    47777   697967   231479   683933    98627   592133    50387   418763    70589   548753
   548837    70439   418799    50363   592139    98519   683939   231359   697979    47513   658607   321983   504527   309359   687317     8669   422369   171299   429413   363317   380417   357107   262853   437273   262649   437363   262313   437753   255977   436739   319589   336689   270593   528707   277637   691337    12689   390647   195479   378023    41399   652493     2027   468647    16067   601487   107867   649643   281207   629567   151169
   151163   629807   281117   649799   107717   601883    15887   468683     1823   652499    41357   378593   195443   390737    12647   691409   277547   528929   430343   351797   302969   338543   361637   338279   361769   338213   361799   338033   361979   385379   361433   348209   269663   171077   422459     8597   687359   309269   504563   321413   658649    47507   698183   231323   684119    98123   592289    50207   418889    70199   548843
   548957    70163   419057    50177   592307    98057   684239   231269   698273    47279   658817   321323   504593   309137   687437     8573   422759   556007   424559   332447   341927   358229   341507   358667   341303   358733   341027   359027   340937   359129   359297   357809   275447   143999   277247   691433    12569   390869   195413   378683    41189   652727     1733   468737    15767   601949   107699   649829   280949   629843   151049
   150503   629927   280859   649877   107357   602033    15737   468899     1709   652913    40847   378779   195389   391067    12413   691463   423749   140297   193163   273233   426893   272933   427079   272903   427247   272603   427439   272549   427529   272093   427967   429677   426737   559709   276257     8543   687593   308939   504617   321227   659159    47093   698297   231107   684269    97973   592649    50129   419147    70079   549503
   549509    70067   419189    50069   592727    97967   684647   231053   698339    46889   659177   321077   504677   308933   687683   349919   247553   351179   174197   525869   173969   526073   173867   526199   173783   526307   173357   526709   173273   526739   173177   527123   172553   525677   452453   350087    12323   391073   195329   378929    40829   653117     1667   468953    15359   602039   107279   649937   280817   629939   150497
   150473   629987   280703   650183   107243   602087    15233   469037     1619   653153    40583   378953   195077   391283    11783   664109   364373   292283   407783   292037   408137   291833   408263   291569   408497   291443   408713   291287   409007   290963   409337   279329   420737   276827   407639    35897   688223   308723   504929   321053   659423    46853   698387   230969   684773    97919   592763    49823   419303    70019   549533
   549623    69899   419417    49529   592973    97673   684857   230567   698447    46649   659513   320843   504953   308327   675197    32987    12239   687779    12197   687893    11939   688073    11909   688139    11789   688637    11273   688763    11117   688979    10973   689267    10613   689693   328067   687737    24809   391679   195053   379163    40493   653357     1559   469439    15149   602333   107033   650477   280589   630107   150383
   150323   630197   280583   650483   106823   602453    15137   469613     1523   653363    40283   379307   194729   385607   351929    23789   676253    23747   676337    23633   676469    23417   676649    23327   676727    23087   676943    23039   676979    22859   685367    14369   685973    13997   686039    13163   675977   314399   505277   320699   659723    46643   698483   230393   684869    97553   593183    49523   419423    69809   549683
   549707    69653   419459    49463   593387    97463   684923   230357   698507    46499   659843   319679   498209   351587   314189   385877   314063   386117   313853   386279   313637   386489   312989   387077   312779   387263   312737   387329   312383   387917   312029   388109   311747   388319   311603   388727   311183   385793   201797   380327    40163   653507     1499   469649    15083   602543   106619   650543   280547   630353   150299
   150287   630467   280409   650813   106487   602627    15017   469793     1439   653777   660899   430019   353459   200033   500153   199673   500369   199523   500519   199403   500693   199049   501029   198929   501173   198719   501317   198623   501503   198413   501659   198179   502043   197927   502247   197597   502499   195407   499943   269987    39107    46229   698567   230213   684989    97379   593519    49193   419597    69539   549719
   549767    69317   419753    49019   593573    97367   685109   229799   698723   655847    26987   295037   327839   372179   327737   372299   327629   372689   327209   372803   326999   373343   326657   373859   326063   374063   325889   374123   325673   374399   325319   374789   325187   374987   324977   375113   324773   375359   380957   372137   673019    44159     1283   470207    14897   602639   106433   650987   280253   630689   150239
   149867   630803   280229   651017   106373   602999    14759   470243      887    36137   357593    46103   654047    45953   654509    45413   654629    45263   654827    45083   655043    44777   655373    44357   655727    44249   655883    43943   656153    43577   656519    43403   656609    43319   656783    43067   656993    42989   657233    36857   653819   663869   699119   229763   685247    97007   593633    48989   419777    69203   550139
   550169    69143   420029    48767   593903    96959   685337   229553   691343   352973    62687   637379    62597   637499    62477   637709    62219   637817    61703   638423    61553   638459    61343   638999    60953   639083    60869   639269    60443   639689    60293   639839    60149   640007    59957   640127    59747   640307    59417   640613    58217   637283     8663   470453    14669   603047   106103   651239   279977   630863   149837
   149717   631013   279857   651473   106019   603149   685679   454247   353657     6653   693437     6473   693677     6323   693689     6263   693809     5987   694079     5813   694223     5693   694349     5639   694487     5483   694619     5087   694997     5003   695069     4919   695117     4799   695327     4637   695777     4139   695873     4079   695999     1613   693317   245759    14327    96857   593987    48533   420149    68993   550289
   550379    68819   420317    48497   593993   616367     4127   359357   239069   460979   238859   461297   238673   461507   238397   461693   238163   462149   237767   462443   237287   462773   237179   462863   237053   463283   236573   463457   236219   463919   235877   464213   235679   464447   235523   464699   235043   464993   235007   465089   234833   465293   227537   460919   695879    83639   106013   651509   279689   631187   149627
   149579   631229   279413   651767   594449    67733   354317    22619   677639    22349   677813    22079   678077    21803   678407    21569   678599    21347   678779    21017   679067    20879   679157    20543   679607    20297   679823    20177   679859    20123   680027    19793   680297    19553   680633    19013   681047    18917   681137    18839   681257    18713   681419    16217   677309   632273   105557    48239   420593    68777   550427
   550607    68699   420599    47339    92699   358277   105899   594569   105389   594899   104933   595157   104759   595277   104693   595547   104393   595709   103997   596027   103913   596117   103643   596423   103217   596927   103043   597053   102797   597353   102587   597473   102407   597677   102317   597803   102107   597929   101999   598049   101879   598379   101363   598727    95393   594023   607307   652667   279407   631307   149399
   149249   631409   428303   642737   355679   115757   584279   115613   584417   115343   584873   115127   584993   114689   585413   114419   585677   114269   585839   114143   585917   113969   586073   113657   586493   113417   586679   113213   586979   112919   587219   112589   587429   112403   587669   112253   587987   111893   588173   111767   588347   111623   588509   111323   588737   108179   584183    57269   271703    68597   550757
   550937   632459   258827   353453    56963   643199    56633   643463    56453   643589    56123   643919    55997   644057    55889   644519    55457   644669    55259   644789    55073   645023    54869   645233    54623   645443    54539   645503    54377   645683    54293   645737    54167   646013    53939   646157    53813   646307    53609   646859    53117   646913    53069   647033    52967   647069    51329   642947   441179    67547   149069
   557033    55163   353867   290627   409517   290189   409823   290039   410117   289763   410279   289319   410903   288839   411233   288527   411617   288227   412067   287933   412133   287849   412193   287549   412619   287057   413033   286763   413417   286469   413579   286199   414053   285827   414467   285377   414779   285113   415109   284819   415517   284483   415559   284429   415949   283859   416243   283463   409349   644843   142973
   128969   354743    79367   620657    79229   620813    78989   621029    78893   621227    78653   621527    78173   621869    77933   622157    77513   622529    77369   622793    77003   623057    76679   623717    76283   624209    75773   624347    75539   624479    75407   624683    75269   624797    75167   624977    74903   625109    74873   625307    74687   625397    74597   625517    74363   625913    74027   626033    71993   620579   571037
   355967   159773   540269   159629   540383   159617   540437   159407   540713   159233   540779   159017   541097   158657   541439   158537   541577   158393   541763   158189   542117   157823   542207   157769   542447   157523   542579   157259   542873   157019   542999   156719   543299   156623   543539   156347   543887   155783   544259   155087   544937   155027   545063   154619   545483   154247   545933   154067   546053   151517   540173
