   156707   543383   156467   543659   156119   544223   155747   544919   155069   544979   154943   545387   154523   545759   154073   545939   153953   546263   153689   546569   153407   546719   153137   546893   153059   547097   152783   547229   152519   547577   152423   547643   152297   547787   152189   547823   152003   548039   151937   548123   151817   548363   151607   548453   151517   548753   151169   548843   151049   551489   344039
   549503    75209   624839    75029   625103    74897   625133    74699   625319    74609   625409    74489   625643    74093   625979    73973   626063    73859   626159    73673   626363    73613   626477    73517   626627    73043   626987    72923   627383    72053   628013    71909   628127    71867   628217    71633   628673    71327   628757    71129   628937    70997   629339    70589   629567    70199   629843    70079   631229   346553   150503
   150497   629939   285539   414629   285227   414893   284897   415187   284489   415523   284447   415577   284057   416147   283763   416399   283463   416873   282917   417173   282767   417293   282389   417623   282287   417839   282143   417947   282053   418073   281927   418157   281837   418199   281747   418289   281669   418343   281579   418667   281297   418763   281207   418889   280949   419147   280817   279407   487637    70067   549509
   549533    70019   419303    53849   646307    53609   646859    53117   646913    53069   647033    52967   647069    52889   647147    52817   647333    52553   647477    52517   647627    52313   647747    52253   647783    51977   648107    51767   648257    51713   648677    51287   648803    50849   649217    50723   649379    50549   649619    50363   649799    50177   649877    50069   650183    49529   652493   345473   280703   629987   150473
   150383   630107   280589   650483   111893   588173   111767   588347   111623   588509   111323   588737   111263   588779   111053   588977   110819   589409   110567   589529   110129   590123   109517   590537   109433   590609   109379   590753   109139   591089   108893   591137   108497   591659   108263   591827   107873   592139   107717   592307   107357   592727   107243   592973   106823   600239   340979    49523   419417    69899   549623
   549683    69809   419423    49463   593387   102077   598007   101957   598127   101627   598643   101279   598799   100937   599153   100733   599303   100493   599537   100403   599663   100313   600167    99713   600317    99347   600689    99173   600857    99023   601043    98939   601079    98627   601487    98123   601949    97973   602039    97919   602333    97553   602543    97379   604613   346187   106619   650543   280583   630197   150323
   150299   630353   280547   650813   106487   602639    18839   681257    18713   681419    18443   681677    18287   681773    17957   682259    17729   682337    17579   682673    17327   683303    16649   683453    16529   683513    16319   683777    16223   683789    16187   683909    16073   683939    15887   684239    15737   684647    15233   684857    15137   684923    15017   698729   333779    97367   593519    49193   419459    69653   549707
   549719    69539   419597    49019   593573    97007   685109   235013   464999   234917   465173   234713   465407   234587   465809   234089   465977   233759   466517   233357   467183   232709   467399   232499   467549   232307   467897   232103   467927   231947   468113   231533   468527   231359   468683   231269   468899   231053   469037   230567   469613   230357   470207   347057    14897   602999   106433   650987   280409   630467   150287
   150239   630689   280253   651017   106373   603047    14759   469793     4007   696077     3923   696239     3593   696617     3347   696887     2957   697079     2879   697217     2633   697397     2549   697583     2333   697733     2129   697937     2039   697979     1823   698273     1709   698339     1619   698393     1559   698483     1499   698567     1283   353747   693677   230213   685247    96959   593633    48989   419753    69317   549767
   550139    69203   419777    48767   593903    96857   685337   229763   698903    59273   640847    59063   641093    58727   641327    58427   641639    58217   641813    58109   642197    57773   642419    57383   642737    57173   642899    57059   643043    56807   643373    56543   643553    56417   643883    56087   644009    55949   644117    55487   644843   347813     1103   470243    14669   603149   106103   651239   280229   630803   149867
   149837   630863   279977   651473   106019   603209    14639   470279      953   644549    42683   657539    42299   657779    42197   657827    42023   658079    41879   658247    41729   658319    41627   658403    41519   658607    41357   658817    40847   659177    40583   659513    40283   659843    39953   660119    39869   660167    39779   664667   344363    55457   699053   229727   685367    96797   593987    48533   420029    69143   550169
   550289    68993   420149    48497   593993    96779   685637   229703   699059    55337   660347   324437   375707   323957   376127   323699   376469   323249   377129   322859   377297   322613   377543   322319   378023   321413   378683   321227   378929   321053   379163   320699   379319   320609   379667   320303   379787   320153   316037   411617    39659   644669      947   470303    14369   603227   106013   651509   279857   631013   149717
   149627   631187   279689   651767   105983   603257    14327   470417      929   644747    39503   379979   196739   503297   196583   503483   196187   503963   195863   504197   195737   504479   195479   504563   195413   504599   195389   504677   195077   504953   195023   505073   194867   505187   194729   505283   194687   506147   348407   320027   660503    55259   699077   229589   685679    96749   594023    48239   420317    68819   550379
   550427    68699   420593    48197   594107    96443   685973   229553   699119    55217   660563   320009   505523   310049   390077   309899   390209   309599   390503   309479   390647   309269   390869   308939   391073   308723   391367   308519   391679   308249   391889   307919   392423   307529   392669   307283   306947   434267   194483   379997    39443   644789      887   470453    14033   603563   105899   651809   279413   631307   149579
   149399   631409   279329   652229   105557   603947    13997   470597      809   644933    39323   380189   194087   392837    20297   679823    20177   679859    20123   680027    19793   680297    19553   680633    19013   681047    18917   681137    11933   688097    11867   688217    11783   688637    11273   689693   347873   307169   505919   319817   660683    55073   699197   229409   686009    96059   594449    47777   420677    68597   550607
   550757    68477   420737    47507   594569    96017   686039   229343   699287    54983   660887   319679   505949   307079   688763     8669   691409     8543   691583     8369   691709     8243   691787     8087   691997     7907   692249     7673   692399     7583   692459     7079   692963     6917   365129   677309    11243   392927   194057   380327    39119   645023      719   470663    13967   603989   105437   652499   279269   631529   149249
   149069   631559   279203   652667   105389   604223    13907   470783      683   645137    39113   380333   194027   393257    11117   693137   287933   412133   287849   412193   287549   412619   287057   413033   286763   413417   286469   413579   286199   414053   285827   424169   275783   274709   488723     6869   688889   306749   505979   319673   660893    54869   699323   229223   686099    95783   594617    47339   420803    68447   550937
   550973    68147   420977    47279   594899    95747   686177   229139   699437    54773   660899   319589   506213   306707   688979     6857   424433   169919   530093   169823   530237   169709   530339   169493   530549   169409   530693   169199   531143   168803   531263   168719   537587   343073   275573   693149    11027   393299   193793   380417    39107   645233      569   470867    13829   604259   105107   652727   279029   631859   149033
   148913   632123   278903   652913   104933   604727    13553   471137      563   645383    39089   380459   193679   393473    10973   693179   275459   531863   269987   430343   269579   430433   269519   430769   269183   430949   268643   431369   268607   431513   268439   432359   348353   168143   424547     6827   689033   306533   506327   319547   660917    54623   699443   228869   686453    95279   595073    47093   421103    67883   551093
   551339    67853   421163    46889   595157    95273   686519   228797   699449    54563   660983   319169   506357   306419   689267     6689   424559   168029   431603   337859   362213   337697   362657   337313   362723   336989   363119   336857   363179   336689   328007   384737   268403   531977   275447   693317    10739   393587   193649   380837    39023   645443      557   471209    13487   604733   104849   653117   278843   632153   148667
   148457   632273   278609   653153   104759   604787    13367   471299      479   645467    38903   380879   193469   393629    10613   693353   275339   531983   268343   363569   335507   364883   335009   365213   334637   365513   334379   365759   333929   329387   385817   336437   431663   168023   424667     6653   689393   306377   506537   319127   661103    54539   699527   228707   686639    95219   595247    46853   421397    67733   551549
   551813    67709   421517    46649   595277    95177   686669   228617   699539    54503   661139   319097   506573   306329   689867     6569   424967   167729   431807   336239   366269   258563   441479   258449   441563   258437   441887   257987   257489   534173   333737   363767   268199   532277   275039   693437    10139   393677   193433   380909    38867   645503      467   471389    13337   604829   104729   653357   278489   632297   148193
   148157   632327   278363   653363   104693   604997    13217   471467      449   645629    38747   380957   193163   393797    10133   693533   275003   532373   268013   363947   333719   442139   142019   558203   141719   558497   141443   563813   344327   257867   366287   336059   431993   167633   425003     6473   689873   306209   506843   319049   661259    54377   699557   228539   686789    95009   595313    46643   421643    67679   551849
   551927    67559   421727    46499   595547    94889   686843   228257   699617    54323   661439   318683   506873   306149   689903     6323   425189   167627   432143   336029   366293   257687   558827   255839   444293   255659   453197   341027   141179   442319   333713   363977   267863   532379   274817   693683    10103   393857   193133   381323    38567   645683      389   471749    13163   605117   104459   653507   278279   632447   148079
   148073   632459   278063   653777   104393   605393    13127   471803      239   645713    38459   381377   193043   393977     9887   693689   274697   532523   267857   364127   333623   442367   140939   444539   328379   204557   517073   255467   559067   257639   366383   335879   432149   167483   425309     6317   690119   306029   506963   318629   661547    54293   699767   228203   686879    94613   595613    46229   421943    67547   551933
   552029    67523   422087    46187   595709    94529   686897   228113   699947    54167   661553   318473   506993   305999   690377     6263   425423   167267   432203   335813   366467   257519   559277   253919   538697   350003   161309   446087   140729   442487   333539   364193   267803   532739   274583   693743     9629   394007   193013   381533    38453   645839       59   471893    13109   605477   104297   653819   277919   632483   147977
   147827   632699   277757   653903   103997   605543    13043   471929       53   646013    38393   381629   192977   394073     9587   693809   274517   532757   267719   364313   333323   442733   137597   436739   182933   495449   371627   263267   562409   257273   366683   335693   432287   167249   425489     6197   690419   305933   507029   318377   661613    53993   699953   228077   686963    94463   596009    46103   422249    67307   552179
   552263    67289   422363    45959   596027    94433   686969   227873   700001    53939   661673   318347   507119   305849   690467     5987   425549   167099   432413   335669   366983   443987   555683   358979   255713   444347   246809   444167   144323   256019   333023   364337   267593   532907   274457   694019     9539   394157   192887   381659    38333   646067        5   472133    13037   605573   103979   654047   277643   632717   147743
   147689   633197   277637   654053   103913   605609    12983   472469   349967   656429    38327   381707   192677   394223     9497   694079   274403   532919   267569   364373   331277   439199   355679   141803   558287   141509   558563   136193   557987   260807   368729   335633   432437   167087   425603     5927   690509   305783   507329   318299   661679    43577   350039   227537   687023    94397   596093    45953   422369    66809   552317
   552659    66797   422459    45497   596117    94169   687083   227363   350087    43487   661769   317969   507599   305639   690533     5813   425783   166973   432449   332273   402383   165833   258527   441557   258443   441569   258119   442019   442517   441443   297623   367733   267557   533033   274223   694193     9473   394367   192407   382037    38237   656519   349919   472643    12923   605837   103889   654509   277547   633209   147347
   147299   633257   277247   654593   103643   606083    12899   472799   349913   656603    38183   382103   192263   394409     9377   694223   274187   533303   266687   400559   314189   335123   364997   334793   365369   334493   365627   334247   366077   370619   364499   299447   433319   166703   425819     5783   690629   305597   507743   317903   661823    43403   350093   227207   687107    93923   596363    45413   422759    66749   552707
   552809    66629   422789    45377   596423    93893   687317   227189   350213    43397   662357   317777   507953   305483   690869     5693   425903   533327   429599   315269   337793   362309   337349   362693   337283   363017   336887   363149   336827   363317   371999   362147   270407   166679   274103   694313     9137   394523   192053   382229    37649   656609   349793   472817    12689   606113   103583   654629   277217   633377   147197
   147107   633473   276953   654743   103217   606323    12647   472847   349787   656687    37529   382553   191969   394529     8969   694349   426233   157427   351653   269663   430427   269573   430487   269237   430823   269057   431363   268637   431399   268493   431567   267647   430019   542579   273773     5657   691037   305477   508037   317453   662477    43319   350219   227159   687359    93683   596789    45263   423053    66533   552899
   552917    66509   423173    45179   596927    93563   687437   227147   350453    43223   662513   317363   508103   305369   691199   348209   399197   356933   169913   530183   169769   530297   169667   530513   169457   530597   169313   530807   168863   531203   168743   531287   162419   530087   300809   351797     8807   394637   191903   382643    37493   656783   349553   472859    12569   606443   103079   654827   276833   633497   147089
   146933   633623   276827   654923   103043   606449    12413   473453   349343   656939    37313   382727   191783   394643     8663   676943   211283   287873   412157   287813   412457   287387   412949   286973   413243   286589   413537   286427   413807   285953   414179   275837   424223   425297   412073    23063   691343   305363   508223   317279   662693    43067   350663   226553   687593    93557   596963    45083   423179    66383   553073
   553229    66377   423299    44963   597053    93503   687683   226487   350963    43013   662789   317159   508259   396509   678599    22697     8597   691463     8423   691637     8297   691763     8219   691919     8009   692099     7757   692333     7607   692423     7547   692927     7043   693089   334877   691337    21407   303497   191747   382847    37217   656993   349043   473519    12323   606503   102953   655043   276707   633629   146777
   146543   633767   276593   655229   102797   606527    12269   473579   348827   657017    37139   382883   509723   383909   352133    20183   679829    20147   679883    19979   680213    19709   680453    19373   680993    18959   681089    18869   688073    11909   688139    11789   688223    11369   688733    10313   679709   316097   190283   317123   662867    42989   351179   226427   687737    93479   597209    44777   423413    66239   553463
   553529    66173   423503    44633   597353    93419   687767   226409   351479    42773   662957   316373   185369   265739   309929   390107   309797   390407   309503   390527   309359   390737   309137   391067   308933   391283   308639   391487   308327   391757   308117   392087   307583   392477   307337   392723   393059   389957   514637   383633    37049   657233   348527   473597    12239   606587   102653   655373   276503   633833   146477
   146423   633923   276449   655649   102587   606743    12227   473723   348443   657269   663539   439799   351599   196709   503423   196523   503819   196043   504143   195809   504269   195527   504527   195443   504593   195407   504617   195329   504929   195053   504983   194933   505139   194819   505277   194723   505319   193859   503267   260207    36467    42737   351563   226283   687779    93263   597419    44357   423557    66083   553583
   553589    65993   423617    44279   597473    93047   687809   226217   351587   657497    26339   288389   324299   376049   323879   376307   323537   376757   322877   377147   322709   377393   322463   377687   321983   378593   321323   378779   321077   378953   320843   379307   320687   379397   320339   379703   320219   379853   383969   375569   673667    42509   348419   473789    12197   606959   102533   655727   276389   634013   146417
   146273   634079   276293   655757   102407   607049    12113   473999   346439    24923   355643    42467   657707    42227   657809    42179   657983    41927   658127    41759   658277    41687   658379    41603   658487    41399   658649    41189   659159    40829   659423    40493   659723    40163   660053    39887   660137    39839   660227    35339   657323   675083   353567   226007   687893    92957   597599    44249   423713    65927   553733
   553757    65837   423749    44159   597677    92849   688067   476249   692753   352193    59159   640943    58913   641279    58679   641579    58367   641789    58193   641897    57809   642233    57587   642623    57269   642833    57107   642947    56963   643199    56633   643463    56453   643589    56123   643919    55997   644057    55889   644519    55163   640733     7253   223757    11939   607157   102329   655847   276257   634169   146249
   145799   634307   276137   655883   102317   607253     8573   213557     6329     3929   696083     3767   696413     3389   696659     3119   697049     2927   697127     2789   697373     2609   697457     2423   697673     2273   697877     2069   697967     2027   698183     1733   698297     1667   698387     1613   698447     1523   698507     1439   698723   346259   695999   486449   691433    92753   597689    44123   423869    65699   554207
   554303    65633   424007    43943   597803   609599   669659   352949   235007   465089   234833   465293   234599   465419   234197   465917   234029   466247   233489   466649   232823   467297   232607   467507   232457   467699   232109   467903   232079   468059   231893   468473   231479   468647   231323   468737   231107   468953   230969   469439   230393   469649   229799   464993    30347    90407   102203   656063   275999   634373   145703
   145589   634397   275987   656153   597899    79229   366227    18749   681293    18587   681563    18329   681719    18233   682049    17747   682277    17669   682427    17333   682679    16703   683357    16553   683477    16493   683687    16229   683783    16217   683819    16097   683933    16067   684119    15767   684269    15359   684773    15149   684869    15083   684989     1277   681167   620777   102107    43853   424019    65609   554417
   554573    65357   424037    42533    85829   353819   101999   598049   101879   598379   101363   598727   101207   599069   100853   599273   100703   599513   100469   599603   100343   599693    99839   600293    99689   600659    99317   600833    99149   600983    98963   601067    98927   601379    98519   601883    98057   602033    97967   602087    97673   602453    97463   602627    95393   597929   614177   657473   275969   634649   145433
   145307   634679   274019   645737   359027   111833   588239   111659   588383   111497   588683   111269   588743   111227   588953   111029   589187   110597   589439   110477   589877   109883   590489   109469   590573   109397   590627   109253   590867   108917   591113   108869   591509   108347   591743   108179   592133   107867   592289   107699   592649   107279   592763   107033   593183    99767   588113    54269   425987    65327   554699
   554747   634859   556763   354533    53699   646397    53147   646889    53093   646937    52973   647039    52937   647117    52859   647189    52673   647453    52529   647489    52379   647693    52259   647753    52223   648029    51899   648239    51749   648293    51329   648719    51203   649157    50789   649283    50627   649457    50387   649643    50207   649829    50129   649937    49823   650477    47513   646157   143243    65147   145259
   560897    53813   212369   285377   414779   285113   415109   284819   415517   284483   415559   284429   415949   283859   416243   283607   416543   283133   417089   282833   417239   282713   417617   282383   417719   282167   417863   282059   417953   281933   418079   281849   418169   281807   418259   281717   418337   281663   418427   281339   418709   281243   418799   281117   419057   280859   419189   420599   414467   646193   139109
   124337   353453    75167   624977    74903   625109    74873   625307    74687   625397    74597   625517    74363   625913    74027   626033    73943   626147    73847   626333    73643   626393    73529   626489    73379   626963    73019   627083    72623   627953    71993   628097    71879   628139    71789   628373    71333   628679    71249   628877    71069   629009    70667   629417    70439   629807    70163   629927    68777   624797   575669
   355967   156623   543539   156347   543887   155783   544259   155087   544937   155027   545063   154619   545483   154247   545933   154067   546053   153743   546317   153437   546599   153287   546869   153113   546947   152909   547223   152777   547487   152429   547583   152363   547709   152219   547817   152183   548003   151967   548069   151883   548189   151643   548399   151553   548489   151253   548837   151163   548957   148517   543299
