   156467   543659   156119   544223   155747   544919   155069   544979   154943   545387   154523   545759   154073   545939   153953   546263   153689   546569   153407   546719   153137   546893   153059   547097   152783   547229   152519   547577   152423   547643   152297   547787   152189   547823   152003   548039   151937   548123   151817   548363   151607   548453   151517   548753   151169   548843   151049   549503   150497   550289   345329
   549533    75029   625103    74897   625133    74699   625319    74609   625409    74489   625643    74093   625979    73973   626063    73859   626159    73673   626363    73613   626477    73517   626627    73043   626987    72923   627383    72053   628013    71909   628127    71867   628217    71633   628673    71327   628757    71129   628937    70997   629339    70589   629567    70199   629843    70079   629939    70019   632123   345749   150473
   150383   630107   285227   414893   284897   415187   284489   415523   284447   415577   284057   416147   283763   416399   283463   416873   282917   417173   282767   417293   282389   417623   282287   417839   282143   417947   282053   418073   281927   418157   281837   418199   281747   418289   281669   418343   281579   418667   281297   418763   281207   418889   280949   419147   280817   419303   280589   422363   344957    69899   549623
   549683    69809   419423    53849   646193    53699   646397    53147   646889    53093   646937    52973   647039    52937   647147    52817   647333    52553   647477    52517   647627    52313   647747    52253   647783    51977   648107    51767   648257    51713   648677    51287   648803    50849   649217    50723   649379    50549   649619    50363   649799    50177   649877    50069   650183    49529   655847   342647   280583   630197   150323
   150299   630353   280547   650483   111893   588173   111767   588347   111623   588509   111323   588737   111263   588779   111053   588977   110819   589409   110567   589529   110129   590123   109517   590537   109433   590609   109379   590753   109139   591089   108893   591137   108497   591659   108263   591827   107873   592139   107717   592307   107357   592727   107243   592973   106823   600239   340979    49523   419459    69653   549707
   549719    69539   419597    49463   593387   102077   598007   101957   598127   101627   598643   101279   598799   100937   599153   100733   599303   100493   599537   100403   599663   100313   600167    99713   600317    99347   600689    99173   600857    99023   601043    98939   601079    98627   601487    98123   601949    97973   602039    97919   602333    97553   602543    97379   604613   346187   106619   650543   280409   630467   150287
   150239   630689   280253   650813   106487   602639    18839   681257    18713   681419    18443   681677    18287   681773    17957   682259    17729   682337    17579   682673    17327   683303    16649   683453    16529   683513    16319   683777    16223   683789    16187   683909    16073   683939    15887   684239    15737   684647    15233   684857    15137   684923    15017   698729   333779    97367   593519    49193   419753    69317   549767
   550139    69203   419777    49019   593573    97007   685109   234917   465173   234713   465407   234587   465809   234089   465977   233759   466517   233357   467183   232709   467399   232499   467549   232307   467897   232103   467927   231947   468113   231533   468527   231359   468683   231269   468899   231053   469037   230567   469613   230357   469793   229799   471137   346547    14897   602999   106433   650987   280229   630803   149867
   149837   630863   279977   651017   106373   603047    14759   470243     4007   696077     3923   696239     3593   696617     3347   696887     2957   697079     2879   697217     2633   697397     2549   697583     2333   697733     2129   697937     2039   697979     1823   698273     1709   698339     1619   698393     1559   698483     1499   698567     1283   353747   693677   229763   685247    96959   593633    48989   420029    69143   550169
   550379    68993   420149    48767   593903    96857   685337   229727   698903    59273   640847    59063   641093    58727   641327    58427   641639    58217   641813    58109   642197    57773   642419    57383   642737    57173   642899    56963   643199    56633   643463    56453   643589    56123   643919    55997   644057    55889   644519    55457   644789   347933     1103   470279    14669   603149   106103   651239   279857   631013   149627
   149579   631187   279689   651473   106019   603209    14639   470303      953   644669    42533   657497    42467   657707    42197   657827    42023   658079    41879   658247    41729   658319    41627   658403    41519   658607    41357   658817    40847   659177    40583   659513    40283   659843    39953   660119    39869   660167    39779   660917   348209    55337   699053   229703   685367    96797   593987    48533   420317    68819   550427
   550607    68777   420593    48497   593993    96779   685637   229589   699059    55259   660347   324299   376049   323879   376307   323537   376757   322877   377147   322709   377393   322463   377687   321983   378593   321323   378779   321077   378953   320843   379307   320687   379397   320339   379703   320219   379853   320027   384113   343787    39659   644747      947   470417    14369   603227   106013   651509   279413   631229   149399
   149249   631307   279407   651767   105983   603257    14327   470453      929   644843    39503   379997   196739   503297   196583   503483   196187   503963   195863   504197   195737   504479   195479   504563   195413   504599   195389   504677   195077   504953   195023   505073   194867   505187   194729   505283   194687   506147   348407   320009   660503    55163   699077   229553   685679    96749   594023    48239   420599    68699   550757
   550937    68597   420677    48197   594107    96443   685973   229409   699119    55073   660563   319817   505523   309929   390107   309797   390407   309503   390527   309359   390737   309137   391067   308933   391283   308639   391487   308327   391757   308117   392087   307583   392477   307337   392723   307169   393629   347957   194483   380189    39443   644933      887   470597    14033   603563   105899   651809   279329   631409   149069
   149033   631529   279269   652229   105557   603947    13997   470663      809   645023    39323   380327   194087   392927    20399   679709    20183   679829    20147   679883    19979   680213    19709   680453    19373   680993    18959   681089    18869   688073    11909   688139    11789   688223    11369   689903   340877   307079   505919   319679   660683    54983   699197   229343   686009    96059   594449    47777   420737    68477   550973
   551093    68447   420803    47513   594569    96017   686039   229223   699287    54869   660887   319673   505949   306947   688733     8807   691337     8663   691409     8543   691583     8369   691709     8243   691787     8087   691997     7907   692249     7673   692399     7583   692459     7079   694367   347813    11273   393059   194057   380333    39119   645137      719   470783    13967   603989   105437   652493   279203   631559   148913
   148667   631859   279029   652499   105389   604223    13907   470867      683   645233    39113   380417   194027   393257    11243   692963   287549   412619   287057   413033   286763   413417   286427   413807   285953   414179   285539   414629   275573   424547   275447   424667   275039   428843   344969     7043   688763   306749   505979   319589   660893    54773   699323   229139   686099    95783   594617    47507   420977    68147   551339
   551489    67853   421103    47339   594899    95747   686177   228797   699437    54623   660899   319547   506213   306707   688889     6917   425003   169823   530237   169709   530339   169493   530549   169409   530693   169199   531143   168803   531263   168719   531863   168029   532907   347873   275003   693089    11117   393299   193793   380459    39107   645383      569   471209    13829   604259   105107   652667   278903   632153   148517
   148457   632273   278843   652727   104933   604727    13553   471299      563   645443    39023   380837   193679   393473    11027   693137   274817   531983   269519   430769   269183   430949   268643   431369   268607   431513   268439   431603   268343   431807   268013   265079   516209   168023   425189     6869   688979   306533   506327   319169   660983    54563   699443   228707   686453    95279   595073    47279   421163    67733   551549
   551813    67709   421397    47093   595157    95273   686519   228617   699449    54539   661103   319127   506357   306419   689033     6857   425297   167729   432143   336989   363119   336857   363179   336689   363569   336239   363947   336029   364127   335813   365129   348353   267863   532277   274709   693149    10973   393587   193649   380879    38903   645467      557   471389    13487   604733   104849   652913   278609   632297   148193
   148157   632327   278489   653117   104759   604787    13367   471467      479   645503    38867   380909   193469   393677    10739   693179   274697   532373   267857   364313   334247   366077   333737   366287   333713   366383   333539   366683   333023   332117   384227   335693   432149   167633   425309     6827   689267   306329   506537   319097   661139    54503   699527   228539   686639    95219   595247    46889   421517    67679   551849
   551927    67559   421643    46853   595277    95177   686669   228257   699539    54377   661259   319049   506573   306209   689393     6689   425423   167627   432203   335669   367019   258449   441563   258437   441887   257987   442139   257687   256019   535859   332987   364337   267803   532379   274583   693317    10613   393797   193433   380957    38747   645629      467   471749    13337   604829   104729   653153   278363   632447   148079
   148073   632459   278279   653357   104693   604997    13217   471803      449   645683    38567   381323   193163   393857    10313   693353   274517   532523   267719   364373   332729   442367   141719   558497   141443   558827   140939   561083   347513   257639   367277   335633   432287   167483   425489     6653   689693   306149   506843   318683   661439    54323   699557   228203   686789    95009   595313    46649   421727    67547   551933
   552029    67523   421943    46643   595547    94889   686843   228113   699617    54293   661547   318629   506873   306029   689867     6569   425603   167267   432359   335507   367307   257519   559277   255467   444623   255329   254207   540389   140729   442487   332699   364499   267647   532739   274403   693437    10139   393977   193133   381377    38459   645713      389   471893    13163   605117   104459   653363   278063   632483   147977
   147827   632699   277919   653507   104393   605393    13127   471929      239   645737    38453   381533   193043   394007    10133   693533   274223   532757   267593   364883   332447   442517   140663   444767   327839   241127   481043   255239   559343   257489   367559   335123   432413   167249   425783     6473   689873   305999   506963   318473   661553    54269   699767   228077   686879    94613   595613    46499   422087    67307   552179
   552263    67289   422249    46229   595709    94529   686897   227873   699947    54167   661613   318377   506993   305933   690119     6323   425819   167087   432437   335009   367613   257273   559367   255077   503207   350003   196799   444929   140639   442733   332393   364997   267569   532919   274187   693683     9887   394073   193013   381629    38393   645839       59   472133    13109   605477   104297   653777   277757   632717   147743
   147689   633197   277637   653819   103997   605543    13043   472469       53   646013    38333   381659   192977   394157     9629   693743   274103   533033   267557   365213   332273   442817   560039   635087   218963   458879   372167    64919   139967   257189   367733   334793   432449   166973   425903     6263   690377   305849   507029   318347   661673    53993   699953   227537   686963    94463   596009    46187   422369    66809   552317
   552659    66797   422459    46103   596027    94433   686969   227363   700001    53939   661679   318299   507119   305783   690419     6197   425987   166703   432527   334637   367823   444089   136463   159617   255383   444677   445799   444539   563543   255917   332183   365369   267479   533303   274019   693809     9587   394223   192887   381707    38327   646067        5   472643    13037   605573   103979   653903   277547   633209   147347
   147299   633257   277247   654047   103913   605609    12983   472799   349967   656429    38237   382037   192677   394367     9539   694019   273929   533327   267419   365513   329873   440849   352493   141509   558563   141179   559067   138923   558287   259157   370133   334493   432587   166679   426077     5987   690467   305639   507329   317969   661769    43577   350039   227207   687023    94397   596093    45959   422759    66749   552707
   552809    66629   422789    45953   596117    94169   687083   227189   350087    43487   661823   317903   507599   305597   690509     5927   426233   166643   432989   365627   402923   164147   258443   441569   258119   442019   257867   442319   443987   441557   297083   334379   267017   533363   273773   694079     9497   394409   192407   382103    38183   656519   349919   472817    12923   605837   103889   654053   277217   633377   147197
   147107   633473   276953   654509   103643   606083    12899   472847   349913   656603    37649   382229   192263   394523     9473   694193   273719   533549   434249   330653   315779   333929   366269   333719   366293   333623   366467   333323   366983   367889   365759   369353   265757   166457   426287     5813   690533   305483   507743   317777   662357    43403   350093   227159   687107    93923   596363    45497   423053    66533   552899
   552917    66509   423173    45413   596423    93893   687317   227147   350213    43397   662477   317453   507953   305477   690629     5783   426353   535757   429677   351653   336887   363149   336827   363317   336437   363767   336059   363977   335879   364193   334877   363017   270329   164249   273653   694223     9377   394529   192053   382553    37529   656609   349793   472859    12689   606113   103583   654593   276833   633497   147089
   146933   633623   276827   654629   103217   606323    12647   473453   349787   656687    37493   382643   191969   394637     9137   694313   434849   159737   183797   269237   430823   269057   431363   268637   431399   268493   431567   268403   431663   268199   431993   434927   430487   540269   265157     5693   690869   305369   508037   317363   662513    43319   350219   226553   687359    93683   596789    45377   423179    66383   553073
   553229    66377   423299    45263   596927    93563   687437   226487   350453    43223   662693   317279   508103   305363   691037   357509   246899   352133   169769   530297   169667   530513   169457   530597   169313   530807   168863   531203   168743   531287   168143   531977   167099   530183   453107   342497     8969   394643   191903   382727    37313   656783   349553   473519    12569   606443   103079   654743   276707   633629   146777
   146543   633767   276593   654827   103043   606449    12413   473579   349343   656939    37217   382847   191783   394739     6317   337859   355037   287387   412949   286973   413243   286589   413579   286199   414053   285827   414467   285377   424433   275459   424559   275339   424967   271163   412457   362147   693689   305267   508223   317159   662789    43067   350663   226427   687593    93557   596963    45179   423413    66239   553463
   553529    66173   423503    45083   597053    93503   687683   226409   350963    43013   662867   317123   508259   396509   674363   352193     8669   691343     8597   691463     8423   691637     8297   691763     8219   691919     8009   692099     7757   692333     7607   692423     7547   692927     5639   691199    25643   303497   191747   382883    37139   656993   349043   473597    12323   606503   102953   654923   276503   633833   146477
   146423   633923   276449   655043   102797   606527    12269   473723   348827   657017    37049   382919   509723   297503   359129    20297   679823    20177   679859    20123   680027    19793   680297    19553   680633    19013   681047    18917   681137    11933   688097    11867   688217    11783   688637    10103   679607   402503   190283   317087   662957    42989   351179   226283   687737    93479   597209    44963   423557    66083   553583
   553589    65993   423617    44777   597353    93419   687767   226217   351479    42773   663149   383813   185369   352049   309899   390209   309599   390503   309479   390647   309269   390869   308939   391073   308723   391367   308519   391679   308249   391889   307919   392423   307529   392669   307283   392837   306377   390077   514637   316193    36857   657233   348527   473789    12239   606587   102653   655229   276389   634013   146417
   146273   634079   276293   655373   102587   606743    12227   473999   348443   657269   667643   303803   351599   196709   503423   196523   503819   196043   504143   195809   504269   195527   504527   195443   504593   195407   504617   195329   504929   195053   504983   194933   505139   194819   505277   194723   505319   193859   503267   396203    32363    42737   351563   226007   687779    93263   597419    44633   423713    65927   553733
   553757    65837   423749    44357   597473    93047   687809   225989   351587   657323    26387   356219   323957   376127   323699   376469   323249   377129   322859   377297   322613   377543   322319   378023   321413   378683   321227   378929   321053   379163   320699   379319   320609   379667   320303   379787   320153   379979   315893   375707   673619    42683   348419   474017    12197   606959   102533   655649   276257   634169   146249
   145799   634307   276137   655727   102407   607049    12113   474029   346439    25307   351797    42509   657539    42299   657809    42179   657983    41927   658127    41759   658277    41687   658379    41603   658487    41399   658649    41189   659159    40829   659423    40493   659723    40163   660053    39887   660137    39839   660227    39089   657473   674699   353567   225977   687893    92957   597599    44279   423869    65699   554207
   554303    65633   424007    44249   597677    92849   688067   478157   692753   352073    59159   640943    58913   641279    58679   641579    58367   641789    58193   641897    57809   642233    57587   642623    57269   642833    57107   643043    56807   643373    56543   643553    56417   643883    56087   644009    55949   644117    55487   644549    55217   640733     7253   221849    11939   607157   102329   655757   275999   634373   145703
   145589   634397   275987   655883   102317   607253     8573   211247     6329     3929   696083     3767   696413     3389   696659     3119   697049     2927   697127     2789   697373     2609   697457     2423   697673     2273   697877     2069   697967     2027   698183     1733   698297     1667   698387     1613   698447     1523   698507     1439   698723   346259   695999   488759   691433    92753   597689    44123   424019    65609   554417
   554573    65357   424037    43943   597803   609599   669659   353459   234833   465293   234599   465419   234197   465917   234029   466247   233489   466649   232823   467297   232607   467507   232457   467699   232109   467903   232079   468059   231893   468473   231479   468647   231323   468737   231107   468953   230969   469439   230393   469649   230213   470207   228869   465089    30347    90407   102203   656063   275969   634649   145433
   145307   634679   275837   656153   597899    79229   366227    18749   681293    18587   681563    18329   681719    18233   682049    17747   682277    17669   682427    17333   682679    16703   683357    16553   683477    16493   683687    16229   683783    16217   683819    16097   683933    16067   684119    15767   684269    15359   684773    15149   684869    15083   684989     1277   681167   620777   102107    43853   424169    65327   554699
   554747    65213   424223    42227    85829   353819   101999   598049   101879   598379   101363   598727   101207   599069   100853   599273   100703   599513   100469   599603   100343   599693    99839   600293    99689   600659    99317   600833    99149   600983    98963   601067    98927   601379    98519   601883    98057   602033    97967   602087    97673   602453    97463   602627    95393   597929   614177   657779   275783   634793   145259
   145253   634859   274457   642947   359027   111833   588239   111659   588383   111497   588683   111269   588743   111227   588953   111029   589187   110597   589439   110477   589877   109883   590489   109469   590573   109397   590627   109253   590867   108917   591113   108869   591509   108347   591743   108179   592133   107867   592289   107699   592649   107279   592763   107033   593183    99767   588113    57059   425549    65147   554753
   554969   634943   413537   357359    53813   646307    53609   646859    53117   646913    53069   647033    52967   647069    52859   647189    52673   647453    52529   647489    52379   647693    52259   647753    52223   648029    51899   648239    51749   648293    51329   648719    51203   649157    50789   649283    50627   649457    50387   649643    50207   649829    50129   649937    49823   650477    44159   646157   286469    65063   145037
   556763    52889   355049   285113   415109   284819   415517   284483   415559   284429   415949   283859   416243   283607   416543   283133   417089   282833   417239   282713   417617   282383   417719   282167   417863   282059   417953   281933   418079   281849   418169   281807   418259   281717   418337   281663   418427   281339   418709   281243   418799   281117   419057   280859   419189   280703   419417   277643   414779   647117   143243
   129539   354257    74903   625109    74873   625307    74687   625397    74597   625517    74363   625913    74027   626033    73943   626147    73847   626333    73643   626393    73529   626489    73379   626963    73019   627083    72623   627953    71993   628097    71879   628139    71789   628373    71333   628679    71249   628877    71069   629009    70667   629417    70439   629807    70163   629927    70067   629987    67883   624977   570467
   354677   156347   543887   155783   544259   155087   544937   155027   545063   154619   545483   154247   545933   154067   546053   153743   546317   153437   546599   153287   546869   153113   546947   152909   547223   152777   547487   152429   547583   152363   547709   152219   547817   152183   548003   151967   548069   151883   548189   151643   548399   151553   548489   151253   548837   151163   548957   150503   549509   149717   543539
