   151607   548453   151517   548753   151169   548843   151049   549503   150497   549533   150383   549683   150299   549719   150239   550139   149837   550289   149627   550427   149399   550757   149069   550973   148913   551339   148517   551549   148193   551849   148079   551933   147977   552179   147743   552317   147347   552707   147197   552899   147089   553073   146777   553463   146477   553583   146417   553733   146249   554747   346043
   554207    70589   629567    70199   629843    70079   629939    70019   630107    69809   630353    69539   630689    69203   630863    68993   631187    68777   631307    68597   631529    68447   631859    67883   632153    67733   632297    67679   632447    67547   632483    67307   632717    66809   633209    66749   633377    66533   633497    66383   633629    66239   633833    66083   634013    65927   634169    65699   639689   342569   145799
   145703   634373   281117   419057   280859   419189   280703   419417   280583   419459   280409   419753   280229   420029   279857   420317   279413   420599   279329   420737   279203   420977   278903   421163   278609   421517   278363   421727   278063   422087   277757   422363   277637   422459   277247   422789   276953   423173   276827   423299   276593   423503   276449   423617   276293   423749   276137   275999   495629    65633   554303
   554417    65609   424019    50069   650183    49529   650483    49463   650813    49019   651017    48767   651473    48497   651767    48197   652229    47513   652499    47339   652727    47093   653117    46853   653357    46643   653507    46229   653819    46103   654047    45953   654509    45413   654629    45263   654827    45083   655043    44777   655373    44357   655727    44249   655847    44123   656063   346547   275987   634397   145589
   145433   634649   275969   656153   106823   593387   106487   593573   106373   593903   106019   593993   105983   594107   105557   594569   105389   594899   104933   595157   104759   595277   104693   595547   104393   595709   103997   596027   103913   596117   103643   596423   103217   596927   103043   597053   102797   597353   102587   597473   102407   597677   102317   597803   102107   603989   341729    43853   424037    65357   554573
   554699    65327   424169    43577   597929    97379   602639    97007   603047    96857   603209    96779   603257    96443   603947    95783   604259    95393   604727    95273   604787    95177   604997    94889   605393    94529   605543    94433   605609    94169   606083    93893   606323    93563   606449    93503   606527    93419   606743    93047   607049    92849   607253    92699   616529   338669   102077   656429   275837   634679   145307
   145253   634793   275783   656519   101999   607337    14639   685637    14327   685973    13997   686039    13907   686177    13553   686519    13367   686669    13217   686843    13127   686897    13043   686969    12983   687083    12899   687317    12647   687437    12413   687683    12269   687767    12227   687809    12113   688067    11933   688097    11867   688217    11783   688733   347873    92669   598007    43487   424223    65213   554753
   554969    65147   424433    43403   598049    92657   688637   229409   470663   229223   470867   228869   471209   228707   471389   228539   471749   228203   471893   228077   472133   227537   472643   227207   472817   227159   472859   226553   473519   226427   473597   226283   473789   226007   474017   225977   474197   225569   474479   225509   474503   225347   474779   348407    11369   607349   101957   656603   275573   634859   145037
   144887   634943   275459   656609   101879   607517    11243   474707      683   699437      563   699527      467   699557      389   699767       59   699953        5   350039   349919   350093   349793   350219   349553   350663   349043   351179   348527   351563   348419   351653   348209   351929   347957   352073   347813   352493   347099   352949   347033   353747   697733   225299   688763    92489   598127    43397   424547    65063   555119
   555167    65027   424559    43319   598379    92387   688889   225167   353453    54563   645467    54503   645629    54323   645713    54269   645839    53993   646067    53849   646193    53699   646397    53147   646889    53093   646937    52973   647039    52937   647117    52859   647189    52673   647453    52529   647489    52379   647693    52259   660503   336437   346553   474839    11117   607619   101627   656687   275447   634979   144839
   144719   635003   275339   656783   101363   607769    11027   474857   346439   647753    38903   661259    38567   661547    38453   661613    38333   661679    38237   662357    37529   662513    37313   662789    37139   662957    36857   663239    36599   663539    36353   663713    36269   663797    36137   664043    35897   664253    35603   671303   341303    52253   353567   225149   688979    92237   598643    43223   424667    65003   555287
   555593    64919   424967    43067   598727    91733   689033   225089   353657    52223   664583   318629   381533   318377   381659   318299   382037   317903   382229   317453   382643   317279   382847   317123   382919   316937   383099   316859   383153   316703   383429   316373   383813   316097   383969   315977   384107   315893   391889   340859    35423   647783   346349   474917    10973   608273   101279   656939   275039   635087   144413
   144323   635339   275003   656993   101207   608303    10739   474983   346223   648029    35393   384203   193013   507029   192887   507329   192407   507743   192053   508037   191903   508223   191747   508349   191507   508559   191297   508817   191033   509027   190709   509393   190577   509477   190403   509693   190283   186869   671717   315803   664613    51977   353783   225023   689267    91703   598799    43013   425003    64667   555683
   555707    64499   425189    42989   599069    91583   689393   224969   353819    51899   664667   315779   509909   305783   394367   305597   394523   305477   394637   305363   394739   305219   395027   304937   395159   304763   395453   304349   396203   303767   396293   303683   396413   303497   396533   303377   301877   443039   190097   384227    35339   648107   346187   475037    10613   608423   100937   657017   274817   635507   144299
   143999   635567   274709   657233   100853   608429    10313   475109   346139   648239    35327   384407   189929   396713    16223   683789    16187   683909    16073   683939    15887   684239    15737   684647    15233   684857    15137   684923    15017   685109    14759   685337     7607   692423     7547   699077   342413   303293   510077   315599   664679    51767   353867   224897   689693    91577   599153    42773   425297    64439   556007
   556487    64403   425309    42737   599273    91397   689867   224717   354257    51749   664739   315569   510569   303287   692753     5657   694367     5519   694523     5387   694919     5009   695003     4937   695087     4889   695207     4679   695369     4229   695873     4127   695927     4007   369419   675929     7253   396719   189437   384437    35267   648257   345749   475289    10139   608609   100733   657269   274697   635603   143519
   143243   635849   274583   657323   100703   608633    10133   475403   345689   648293    35159   384479   189389   396887     7079   696077   282167   417863   282059   417953   281933   418079   281849   418169   281807   418259   281717   418337   281663   418427   281339   418709   281243   271367   497117     3929   692927   303119   510617   315527   664847    51713   354317   224603   689873    91373   599303    42683   425423    64157   556763
   556943    64067   425489    42533   599513    91163   689903   224579   354533    51329   665123   315407   510767   303053   692963     3923   418799   165533   534923   164987   535169   164477   535697   164279   535757   164147   536147   163733   536699   162593   537587   162263   547487   338573   281207   696083     7043   396953   189239   384599    34883   648677   345473   475427    10103   608843   100493   657473   274517   635939   143063
   142979   635969   274457   657497   100469   608987     9887   475583   345329   648719    34739   384737   189017   397037     6917   696239   271703   537749   265757   434267   265709   434303   265619   434459   265193   434849   265079   435107   264827   435257   264743   264443   520433   162257   428303     3767   693089   302969   510989   315269   665267    51287   354677   224423   690119    91019   599537    42509   425549    64037   557027
   557033    63857   425603    42467   599603    90863   690377   224327   354743    51203   665303   315179   511163   302747   693137     3593   428369   161957   435569   332729   367307   332447   367613   332273   367823   332117   368099   331889   368453   331277   379979   338033   264437   538049   271637   696413     6869   397259   188843   384827    34703   648803   345263   475679     9629   609143   100403   657539   274403   636149   142973
   142949   636263   274223   657707   100343   609173     9587   475697   345227   649157    34499   385079   188519   397283     6857   696617   271517   538127   264359   368789   329393   370619   329333   370883   328919   371177   328667   371387   328589   328343   392723   331217   435647   161879   428489     3389   693149   302723   511487   314927   665507    50849   354779   224309   690419    90833   599663    42299   425783    63743   557057
   557273    63719   425819    42227   599693    90647   690467   224129   355037    50789   665549   314879   511523   302579   693179     3347   428843   161807   435653   330983   371627   255173   444869   255077   444953   254987   445229   254699   249107   545933   328379   369023   264353   538199   271163   696659     6827   397427   188483   385127    34457   649217   344969   475877     9539   609359   100313   657779   274187   636287   142733
   142697   636359   274103   657809    99839   609407     9497   475973   344957   649379    34403   385193   188303   397433     6689   696887   270923   538367   264167   369119   328373   445799   138209   561809   138059   562007   137723   591137   321077   254207   371633   330887   435839   161639   429083     3119   693317   302573   511703   314813   665603    50627   355049   224033   690509    90599   600167    42197   425903    63647   557309
   557537    63599   425987    42179   600239    90473   690533   223919   355463    50549   665723   314807   511757   302513   693437     2957   429347   161453   435893   330653   371897   254039   562307   251099   449003   250889   233357   565667   137699   445967   328109   369353   264113   538553   270659   697049     6569   397493   188249   385199    34283   649457   344543   476087     9473   609533    99767   657827   274019   636407   142469
   142433   636473   273929   657983    99713   609599     9377   476183   344363   649619    34259   385379   188147   397547     6329   697079   270593   538697   264083   369647   328067   446003   137597   449153   324437   133439   592133   250853   562409   254003   371939   330359   435923   161309   429413     2927   693677   302459   511859   314627   665747    50387   355643   223823   690629    90407   600293    42023   426077    63533   557573
   557789    63473   426233    41927   600317    90263   690869   223757   355679    50363   665789   314603   512537   302417   693683     2879   429467   161267   435947   330347   371999   253919   562439   451097   617699   350003    82307   248909   137567   446087   328007   369659   264059   538739   270539   697127     6323   397589   187469   385403    34217   649643   344327   476249     9137   609743    99689   658079   273773   636533   142217
   142019   636539   273719   658127    99347   609779     8969   476369   344243   649799    33863   385493   187463   398063     6317   697217   270509   539009   263909   369959   327869   446273   122963   464327   107873   566567   375569   235679   577043   253733   372137   330047   436097   160997   429497     2789   693689   301943   512543   314513   666143    50207   355763   223637   691037    90227   600659    41879   426287    63467   557987
   558203    63443   426353    41759   600689    90203   691199   223577   355799    50177   666233   314399   512573   301793   693743     2633   429563   160967   436157   329873   372167   250199   547577   134339   251003   449117   466649   448907   152429   449807   327839   370133   263849   539039   270443   697373     6263   398213   187433   385607    33773   649829   344207   476429     8807   609803    99317   658247   273653   636563   141803
   141719   636653   273617   658277    99173   609809     8669   476477   344153   649877    33569   385739   187409   398303     6197   697397   270407   539129   263723   370217   403499   644549   378929   138197   561947   137999   562283   108869   561797    55457   296507   329789   436283   160877   429599     2609   693809   301703   512597   314267   666437    50129   355853   223529   691337    90197   600833    41729   426389    63353   558287
   558497    63197   426737    41687   600857    90017   691343   223493   355967    39839   666527   314213   512657   301649   694019     2549   429677   160739   436439   327983   337859   154073   255137   444929   255053   445019   254777   445307   450899   444833   362147   372023   263567   539267   270329   697457     5987   398357   187349   385793    33479   660167   344039   476513     8663   609989    99149   658319   273269   636809   141509
   141443   636947   273233   658379    99023   610157     8597   476603   343913   660227    33359   385817   187163   398423     5927   697583   270323   539309   437153   357767   307283   329387   370673   329123   371087   328829   371339   328619   371417   371663   370613   342239   262853   160697   429683     2423   694079   301583   512843   314189   666647    39779   356093   223403   691409    89849   600983    41627   426773    63059   558563
   558827    62939   426893    41603   601043    89819   691433   223367   356219    39659   666857   314129   513047   301463   694193     2333   429719   159569   431663   361973   332699   367559   332393   367733   332183   367889   331907   368117   331553   368729   320027   367277   268343   540437   270287   697673     5813   398543   186959   385877    33149   660347   343787   476639     8573   610187    98963   658403   273113   637067   141179
   140939   637079   272933   658487    98939   610409     8543   476753   343313   660563    33023   385943   186947   398759     5783   697877   269663   524939   179573   265739   434297   265703   434387   265547   434813   265157   434927   264899   435179   264749   435263   435563   434249   175067   430343     2129   694223   301247   513059   314063   666983    39443   356693   223253   691463    89597   601067    41519   427073    62927   559067
   559277    62723   427079    41399   601079    89567   691583   223247   356933    39323   667013   313889   513353   301073   694313   339839   575579   361433   165083   535019   164837   535529   164309   535727   164249   535859   163859   536273   163307   537413   162419   537743   152519   534473   124427   360167     5693   398933   186653   386117    32993   660683   343073   476759     8423   610439    98927   658607   272927   637283   140729
   140663   637319   272903   658649    98627   610619     8369   477149   343037   660887    32987   386153   186587   399137     4139   683303   202889   282143   417947   282053   418073   281927   418157   281837   418199   281747   418289   281669   418343   281579   418667   281297   418763   428639   417839    16703   695867   300869   513419   313853   667019    39119   356969   222857   691637    89387   601379    41357   427103    62687   559343
   559367    62627   427247    41189   601487    89303   691709   222713   357107    39113   667427   313727   513767   299147   678599    24077     5639   694487     5483   694619     5087   694997     5003   695069     4919   695117     4799   695327     4637   695777     4133   695879     4079   695999   330587   694349    21407   400859   186239   386279    32579   660893   342899   477293     8297   610703    98519   658817   272759   637379   140639
   140477   637409   272603   659159    98123   610733     8243   477359   342659   660899    32429   386369   535967   490019   357593    16217   683819    16097   683933    16067   684119    15767   684269    15359   684773    15149   684869    15083   684989    14897   685247    14669   692399     7583   692459      929   683783   209987   164039   313637   667577    39107   357347   222647   691763    89273   601883    40847   427403    62597   559529
   559583    62507   427439    40829   601949    89189   691787   222329   357353    39089   667643   312677   480317   256967   305639   394409   305483   394529   305369   394643   305267   394787   304979   395069   304847   395243   304553   395657   303803   396239   303713   396323   303593   396509   303473   396629   398129   394223   219689   387329    32363   660917   342653   477677     8219   610817    98057   659177   272567   637499   140423
   140339   637529   272549   659423    97973   610919     8087   477809   342647   660983   679829   374063    28289   192977   507119   192677   507599   192263   507953   191969   508103   191783   508259   191657   508499   191447   508709   191189   508973   190979   509297   190613   509429   190529   509603   190313   509723   513137   506993   325943    20177    39023   357359   222197   691919    89087   602033    40583   427457    62477   559667
   559673    62297   427529    40493   602039    88937   691997   222149   357509    38183     6473   359147   318473   381629   318347   381707   317969   382103   317777   382553   317363   382727   317159   382883   317087   383069   316907   383147   316853   383303   316577   383633   316193   383909   316037   384029   315899   384113   308117   381377   693533   661823   342497   477857     8009   611069    97967   659513   272477   637709   140333
   140297   637787   272093   659723    97919   611189     7907   477899   693353   644057   358703    38747   661439    38459   661553    38393   661673    38327   661769    37649   662477    37493   662693    37217   662867    37049   663149    36767   663407    36467   663653    36293   663737    36209   663869    35963   664109    35753   664403    28703   661103    55949     6653   222107   692099    88817   602087    40283   427913    62219   559709
   559799    62189   427967    40163   602333    88799   692249   478199   697937   363569    54539   645503    54377   645683    54293   645737    54167   646013    53939   646157    53813   646307    53609   646859    53117   646913    53069   647033    52967   647069    52889   647147    52817   647333    52553   647477    52517   647627    52313   647747    39503   645443     2069   221807     7757   611207    97673   659843   272039   637817   140207
   140123   638303   272009   660053    97553   611213   692333   214463     2273      569   699443      479   699539      449   699617      239   699947       53   700001   349967   350087   349913   350213   349787   350453   349343   350963   348827   351479   348443   351587   348353   351797   348077   352049   347933   352193   347513   352907   347057   352973   346259   699323   485543     7673    88793   602453    39953   427997    61703   559883
   560039    61583   428003    39887   602543   624233      557   351599   229343   470783   229139   471137   228797   471299   228617   471467   228257   471803   228113   471929   227873   472469   227363   472799   227189   472847   227147   473453   226487   473579   226409   473723   226217   473999   225989   474029   225809   474437   225527   474497   225503   474659   225227   470597   699449    75773    97463   660119   272003   638423   139967
   139883   638453   271967   660137   614177    58193   352133    14369   685679    14033   686009    13967   686099    13829   686453    13487   686639    13337   686789    13163   686879    13109   686963    13037   687023    12923   687107    12689   687359    12569   687593    12323   687737    12239   687779    12197   687893    11939   688073    11909   688139    11789   688223    11273   685367   641813    85829    39869   428039    61553   560123
   560297    61547   428177    38867    70997   361337    97367   602999    96959   603149    96797   603227    96749   603563    96059   604223    95747   604613    95279   604733    95219   604829    95009   605117    94613   605477    94463   605573    94397   605837    93923   606113    93683   606443    93557   606503    93479   606587    93263   606959    92957   607157    92753   607307    83477   602627   629009   661139   271829   638459   139709
   139547   638663   432437   649283   358277   106619   593519   106433   593633   106103   593987   106013   594023   105899   594449   105437   594617   105107   595073   104849   595247   104729   595313   104459   595613   104297   596009   103979   596093   103889   596363   103583   596789   103079   596963   102953   597209   102653   597419   102533   597599   102329   597689   102203   597899    96017   593183    50723   267569    61343   560459
   560597    60953   405827   353459    49823   650477    49523   650543    49193   650987    48989   651239    48533   651509    48239   651809    47777   652493    47507   652667    47279   652913    46889   653153    46649   653363    46499   653777    46187   653903    45959   654053    45497   654593    45377   654743    45179   654923    44963   655229    44633   655649    44279   655757    44159   655883    43943   649937   294179   639053   139409
   560639   624209   204377   280949   419147   280817   419303   280589   419423   280547   419597   280253   419777   279977   420149   279689   420593   279407   420677   279269   420803   279029   421103   278843   421397   278489   421643   278279   421943   277919   422249   277643   422369   277547   422759   277217   423053   276833   423179   276707   423413   276503   423557   276389   423713   276257   423869   424007   418889    75797   139367
   125897   357437    70439   629807    70163   629927    70067   629987    69899   630197    69653   630467    69317   630803    69143   631013    68819   631229    68699   631409    68477   631559    68147   632123    67853   632273    67709   632327    67559   632459    67523   632699    67289   633197    66797   633257    66629   633473    66509   633623    66377   633767    66173   633923    65993   634079    65837   634307    60317   629417   574109
   353963   151553   548489   151253   548837   151163   548957   150503   549509   150473   549623   150323   549707   150287   549767   149867   550169   149717   550379   149579   550607   149249   550937   149033   551093   148667   551489   148457   551813   148157   551927   148073   552029   147827   552263   147689   552659   147299   552809   147107   552917   146933   553229   146543   553529   146423   553589   146273   553757   145259   548399
