   163859   536273   163307   537413   162419   537743   162257   538049   161879   538199   161639   538553   161309   538739   160997   539039   160877   539267   160697   539507   160373   539639   160343   539687   160169   539843   159857   540167   159833   540233   159737   540377   159623   540389   159569   540599   159293   540773   159227   540989   158909   541349   158567   541469   158429   541613   158243   541817   157889   542579   346547
   542183    83177   616943    83009   617249    82619   617447    82469   617657    82307   617843    81953   618257    81737   618329    81629   618437    81299   618833    81077   619187    80039   620033    79907   620117    79847   620183    79769   620393    79427   620639    79349   620777    79193   621017    78977   621113    78779   621353    78479   621833    78137   622073    77849   622493    77477   622637    77213   623327   346259   157823
   157799   623003   294317   405827   294149   405947   293603   406499   293459   406649   293147   406883   293099   407489   292427   407639   292283   407783   292037   408137   291833   408263   291569   408497   291443   408713   291287   409007   290963   409337   290657   409379   290489   409817   290183   409967   289889   410243   289727   410687   289103   411167   288773   411479   288389   411779   287939   415949   342239    77003   542207
   542237    76949   412073    60293   639839    60149   640007    59957   640127    59747   640307    59417   640613    59357   640733    59159   640943    58913   641279    58679   641579    58367   641789    58193   641897    57809   642419    57383   642737    57173   642899    57059   643043    56807   643373    56543   643553    56417   643883    56087   644009    55949   644117    55487   644549    55337   647189   344969   287933   623057   157769
   157559   623717   287873   644747   118457   581597   118343   581729   118253   581843   117989   582167   117833   582209   117779   582509   117443   582677   117269   582767   117119   582983   116993   583139   116639   583469   116483   583619   116279   583733   116009   584027   115853   584183   115757   584279   115613   584417   115343   584873   115127   584993   114689   585413   114419   585737   348077    55259   412133    76289   542447
   542483    76283   412157    55217   585677   109469   590573   109397   590627   109139   591089   108893   591137   108497   591659   108263   591827   107873   592139   107717   592307   107357   592727   107243   592973   106823   593387   106487   593573   106373   593903   106019   593993   105983   594107   105557   594569   105389   594899   104933   595157   104759   595277   104693   598007   345329   114329   644789   287849   623723   157523
   157259   624209   287813   644843   114167   595547    25247   674837    25127   675029    24923   675197    24767   675347    24593   675593    24179   675923    24077   675977    23789   676253    23747   676337    23633   676469    23417   676649    23327   676727    23087   676943    23039   676979    22859   677309    22619   677639    22349   677813    22079   678077    21803   683789   342569   104459   585839    55163   412193    75797   542747
   542873    75773   412457    55073   585863   104393   678407   242309   457913   241979   458123   241817   458327   241643   458543   241343   458669   241259   458879   241049   458993   240959   459113   240797   459383   240257   459803   239933   460127   239849   460373   239597   460463   239417   460619   239333   460709   239087   460937   239027   461147   238709   461693   347933    21599   595613   114143   644933   287549   624233   157133
   157019   624347   287387   645023   114089   595709    21569   461333     9137   691037     8807   691337     8663   691409     8573   691463     8423   691637     8297   691763     8219   691919     8009   692099     7757   692333     7607   692423     7547   692753     7079   692963     6917   693137     6857   693179     6689   693353     6569   693533     6329   694079   348209   238673   678437   104297   585917    54983   412619    75659   542987
   542999    75539   412949    54869   586037   103997   678599   238499   693683    65327   634793    65147   634943    65027   635003    64919   635339    64499   635567    64403   635849    64067   635969    63857   636263    63647   636407    63533   636533    63467   636563    63353   636809    63059   637067    62927   637283    62687   637379    62597   638303   347513     6323   461507    21407   596009   113969   645137   287057   624467   157007
   156719   624479   286973   645233   113933   596027    21347   461609     6317   637499    50207   649829    50129   649937    49823   650477    49523   650543    49193   650987    48989   651239    48497   651767    48197   652229    47513   652499    47339   652727    47093   653117    46853   653357    46643   653507    46229   653819    46103   654629   347099    62507   693689   238397   678659   103979   586073    54773   413033    75527   543287
   543299    75407   413243    54623   586349   103913   678779   238163   693743    62477   654047   331553   368729   331217   369023   330887   369353   330587   369647   330347   369959   329873   370217   329393   370619   329333   370883   328919   371177   328667   371387   328589   371627   328373   371663   328109   371939   328007   372137   347873    45959   637529     6263   461843    21227   596093   113657   645383   286763   624599   156707
   156623   624683   286589   645443   113513   596117    21017   462149     6197   637709    45953   372023   204107   495947   204047   495983   203999   496163   203663   496427   203117   496949   202889   497339   202409   497603   202343   497729   202049   498053   201797   498557   201359   498803   200867   499283   200657   499523   348419   327983   654053    62297   693809   237857   678989   103889   586493    54563   413417    75323   543383
   543539    75269   413537    54539   586589   103643   679067   237767   694019    62219   654509   327839   499397   316859   383153   316703   383429   316373   383813   316097   383969   315977   384107   315893   384203   315779   384407   315569   384479   315407   384737   315179   385079   314879   385193   314807   311897   422087   200609   372167    45497   637787     5987   462239    20939   596363   113417   645467   286469   624737   156467
   156347   624797   286427   645503   113327   596423    20879   462443     5813   637817    45413   372179   200513   385379    26693   673613    26387   673649    26339   673769    26189   674117    25847   674273    25643   674483    25469   674699    17669   682427    17333   682679    16703   683357    16553   686039   346139   314627   499493   327827   654593    62189   694193   237563   679127   103583   586679    54503   413579    75209   543659
   543887    75167   413807    54377   586793   103217   679157   237287   694223    61583   654743   327737   499649   314603   683477    14759   685337    14639   685679    14033   686009    13907   686177    13553   686519    13367   686669    13217   686843    13127   686897    13043   686969    12983   687809   348527    16529   385403   200357   372269    45263   638423     5783   462719    20849   596789   113213   645629   286199   624839   156119
   155783   624977   285953   645683   113027   596927    20543   462773     5693   638453    45179   372299   200153   385493    16493   687083   296507   403757   296129   403889   296027   404489   295313   404819   295037   405347   294509   405527   294347   418157   281837   418199   281747   421397   333023    12923   683513   314513   499853   327707   654827    61553   694313   237233   679463   103079   586979    54323   414053    75029   544223
   544259    74903   414179    54293   587087   103043   679607   237179   694349    61547   654923   327629   499943   314399   683687    12899   418289   178103   522113   177839   522383   177383   522659   177269   522749   177167   523307   176573   523637   176333   523763   176213   173273   699287   281717   687107    16319   385607   200063   372377    45083   638459     5657   462827    20399   596963   112919   645713   285827   625103   155747
   155087   625109   285539   645737   112787   597053    20297   462863     5639   638663    44963   372689   200033   385739    16229   687317   281669   523847   275969   424169   275783   424433   275459   424559   275339   424967   275003   425189   274709   425309   274583   271367   503207   176159   418337    12689   683777   314267   499973   327317   655043    61343   694367   237143   679709   102953   587219    54269   414467    74897   544919
   544937    74873   414629    54167   587417   102797   679823   237053   694487    61007   655229   327209   500153   314213   683783    12647   418343   176129   425489   346043   354257   345689   354533   345263   355049   344543   355643   344327   355763   344207   342413   362309   274517   523877   281663   687359    16223   385793   199853   372797    44777   638999     5519   462953    20183   597209   112589   645839   285377   625133   155069
   155027   625307   285227   646013   112577   597353    20177   463283     5483   639053    44633   372803   199673   385817    16187   687437   281579   524057   274457   355853   342647   357509   342347   357809   341927   358229   341729   358499   341303   331907   376127   344153   425549   175949   418427    12569   683819   314189   500333   327203   655373    60953   694523   236723   679829   102653   587429    53993   414779    74699   544979
   545063    74687   414893    53939   587603   102587   679859   236573   694619    60923   655649   326999   500369   314129   683909    12413   418667   175919   425603   344039   358733   266117   434249   265739   434297   265703   434387   265547   258119   525869   341273   355967   274403   524087   281339   687593    16097   385877   199637   373007    44357   639083     5387   463433    20147   597419   112403   646067   285113   625319   154943
   154619   625397   284897   646157   112337   597473    20123   463457     5087   639137    44279   373343   199523   385943    16073   687683   281297   524507   274223   356093   341027   434813   150239   550139   149837   550289   149579   553589   346349   265193   358979   343913   425783   175499   418709    12323   683933   314063   500483   326663   655727    60869   694919   236549   679883   102533   587669    53849   415109    74609   545387
   545483    74597   415187    53813   587753   102407   680027   236219   694997    60737   655757   326657   500519   313889   683939    12269   418799   175067   425819   343787   359027   265157   550607   263399   436739   262853   260717   526307   149399   434849   340979   356219   274187   524939   281207   687737    16067   386117   199487   373349    44249   639269     5009   463787    19979   597599   112253   646193   284819   625409   154523
   154247   625517   284489   646307   112019   597677    19793   463919     5003   639563    44159   373859   199403   386153    15887   687767   281117   525017   274103   356693   340937   434927   149249   437273   336059   210527   503423   262733   550757   265079   359069   343313   425903   174989   418889    12239   684119   313853   500603   326147   655847    60443   695003   236087   680213   102329   587987    53699   415517    74489   545759
   545933    74363   415523    53609   588113   102317   680297   235877   695069    60317   655883   326063   500693   313727   684239    12227   419057   174749   425987   343073   359129   264899   550937   443117   517367   350003   182639   256889   149069   435107   340877   356933   274019   525257   280949   687779    15767   386279   199313   373943    44123   639689     4937   464129    19709   597689   111893   646397   284483   625643   154073
   154067   625913   284447   646859   111833   597803    19553   464213     4919   648107    43943   374063   199049   386369    15737   687893   280859   525353   273929   356969   340859   435179   551813   432527   196583   489479   363947   267479   148193   264827   359147   343037   426077   174653   419147    12113   684269   313637   500957   325943   656063    51899   695087   235793   680453   102203   588173    53147   415559    74093   545939
   546053    74027   415577    53117   588239   102107   680633   235679   695117    51749   656153   325889   501029   313517   684647    11939   419189   174413   426233   342659   359297   264359   143519   173699   263267   437153   439289   436607   556487   435647   340709   357347   273773   525593   280817   688067    15359   386489   198977   374117    43853   648257     4889   464327    19373   597899   111767   646889   284429   625979   153953
   153743   626033   283859   646913   111659   597929    19013   464447     4799   648293    43577   374123   198929   387017    15233   688073   280703   525599   273719   357353   336239   610439   353657   149867   550169   149717   550427   146417   549767    89567   363767   342653   426287   174407   419303    11933   684773   312989   501077   325883   656429    51713   695207   235559   680993   102077   588347    53093   416147    73973   546263
   546317    73943   416243    53069   588383   101957   681047   235523   695327    51329   656519   325673   501173   312929   684857    11909   419417   174329   426353   361337   388259   174137   265757   434267   265709   434303   265619   434459   441887   433889   311747   338669   273653   525677   280589   688097    15149   387077   198833   374333    43487   648677     4679   464483    18959   598049   111623   646937   283763   626063   153689
   153437   626147   283607   647033   111497   598127    18917   464699     4637   648719    43403   374399   198719   387227    15137   688139   280583   525809   272759   348443   323879   342497   357659   342197   358079   341777   358277   341507   358703   368099   357359   351563   427247   174197   419423    11867   684869   312779   501287   325607   656603    51287   695369   235307   681089   101879   588509    52973   416399    73859   546569
   546599    73847   416543    52967   588683   101627   681137   235043   695777    51203   656609   325319   501317   312743   684923    11789   419459   533837   578603   337697   345749   354317   345473   354743   344957   355463   344363   355679   344243   355799   357593   353963   121403   166169   280547   688217    15083   387263   198689   374687    43397   648803     4229   464963    18869   598379   111323   647039   283463   626159   153407
   153287   626333   283133   647069   111269   598643    18839   464993     4139   649157    43319   374789   198623   387269    15017   688223   421643   512597   196799   275837   424223   275573   424547   275447   424667   275039   425003   274817   425297   274697   425423   428639   424037   187409   278363    11783   684989   312737   501383   325217   656687    50849   695867   235013   681167   101363   588737    52937   416873    73673   546719
   546869    73643   417089    52889   588743   101279   681257   235007   695873    50789   656783   325187   501503   312677   685109   354779   245897      719   177893   522167   177623   522623   177347   522737   177257   522839   176699   523433   176369   523673   176243   523793   526733   521903   454109   345227    14897   387329   198503   374819    43223   649217     4133   464999    18749   598727   111263   647117   282917   626363   153137
   153113   626393   282833   647147   111227   598799    18713   465089     4127   649283    43067   374987   198413   387623    14369   341339   366983   296249   403877   296117   403979   295517   404693   295187   404969   294659   405497   294479   405659   281849   418169   281807   418259   278609   403499   358667   685637   312383   501593   325019   656939    50723   695879   234917   681293   101207   588779    52859   417173    73613   546893
   546947    73529   417239    52673   588953   100937   681419   234833   695927    50627   656993   324977   501659   310889   670577   351479    14669   685367    14327   685973    13997   686099    13829   686453    13487   686639    13337   686789    13163   686879    13109   686963    13037   687023    12197   685247    29429   389117   198347   375029    43013   649379     4079   465173    18587   599069   111053   647333   282767   626477   153059
   152909   626489   282713   647453   111029   599153    18443   465293     4007   649457    42989   375113   198179   457553   353867    26393   673619    26357   673667    26237   673817    25889   674159    25733   674363    25523   674537    25307   682337    17579   682673    17327   683303    16649   683453    13967   673313   242453   501827   324893   657017    50549   695999   234713   681563   100853   588977    52553   417293    73517   547097
   547223    73379   417617    52529   589187   100733   681677   234599   696077    50387   657233   324437   495773   277919   316853   383303   316577   383633   316193   383909   316037   384029   315899   384113   315803   384227   315599   384437   315527   384599   315269   384827   314927   385127   314813   385199   388109   383147   204233   375569    42773   649619     3929   465407    18329   599273   110819   647477   282389   626627   152783
   152777   626963   282383   647489   110597   599303    18287   465419     3923   649643   658079   368117   351587   204059   495959   204023   496007   203843   496343   203579   496889   203057   497117   202667   497597   202403   497663   202277   497957   201953   498209   201449   498647   201203   499139   200723   499349   200483   495899   331889    41927    50363   696083   234587   681719   100703   589409    52517   417623    73043   547229
   547487    73019   417719    52379   589439   100493   681773   234197   696239   651473    32993   352133   331277   368789   330983   369119   330653   369419   330359   369659   330047   370133   329789   370613   329387   370673   329123   371087   328829   371339   328619   371417   328379   371633   328343   371897   328067   371999   327869   368453   667013    48533     3767   465809    18233   599513   110567   647627   282287   626987   152519
   152429   627083   282167   647693   110477   599603    17957   465917   350963    33359   352907    50177   649877    50069   650183    49529   650483    49463   650813    49019   651017    48767   651509    48239   651809    47777   652493    47507   652667    47279   652913    46889   653153    46649   653363    46499   653777    46187   653903    45377   649799   666647   349043   234089   682049   100403   589529    52313   417839    72923   547577
   547583    72623   417863    52259   589877   100343   682259   467183   342899   352493    65213   634859    65063   634979    65003   635087    64667   635507    64439   635603    64157   635939    64037   636149    63743   636359    63599   636473    63473   636539    63443   636653    63197   636947    62939   637079    62723   637319    62627   637409    61703   634679   357107   232823    17747   599663   110129   647747   282143   627383   152423
   152363   627953   282059   647753   109883   599693    17729   225149   351797     8969   691199     8669   691343     8597   691433     8543   691583     8369   691709     8243   691787     8087   691997     7907   692249     7673   692399     7583   692459     7253   692927     7043   693089     6869   693149     6827   693317     6653   693437     6473   693677     5927   690869   474857   682277   100313   590123    52253   417947    72053   547643
   547709    71993   417953    52223   590489   600659   669413   352073   242093   458027   241883   458189   241679   458363   241463   458663   241337   458747   241127   458957   241013   459047   240893   459209   240623   459749   240203   460073   239879   460157   239633   460409   239543   460589   239387   460673   239297   460919   239069   460979   238859   461297   238313   457697    30593    99347   109517   647783   282053   628013   152297
   152219   628097   281933   648029   590753    88169   357437    25169   674879    24977   675083    24809   675239    24659   675413    24413   675827    24083   675929    24029   676217    23753   676259    23669   676373    23537   676589    23357   676679    23279   676919    23063   676967    23027   677147    22697   677387    22367   677657    22193   677927    21929   678203    16217   674759   611837   109253    51977   418073    71909   547787
   547817    71879   418079    51767   100469   354677   109433   590609   109379   590867   108917   591113   108869   591509   108347   591743   108179   592133   107867   592289   107699   592649   107279   592763   107033   593183   106619   593519   106433   593633   106103   593987   106013   594023   105899   594449   105437   594617   105107   595073   104849   595247   104729   595313   101999   590537   599537   648239   281927   628127   152189
   152183   628139   281243   636287   351929   118409   581663   118277   581753   118163   582017   117839   582173   117797   582227   117497   582563   117329   582737   117239   582887   117023   583013   116867   583367   116537   583523   116387   583727   116273   583997   115979   584153   115823   584249   115727   584393   115589   584663   115133   584879   115013   585317   114593   585587   114269   581549    63719   418763    71867   547823
   548003   628673   401957   355037    60167   639857    59999   640049    59879   640259    59699   640589    59393   640649    59273   640847    59063   641093    58727   641327    58427   641639    58217   641813    58109   642197    57587   642623    57269   642833    57107   642947    56963   643199    56633   643463    56453   643589    56123   643919    55997   644057    55889   644519    55457   644669    52817   639713   298049    71333   152003
   550379    57773   357767   294179   405857   294059   406403   293507   406547   293357   406859   293123   406907   292517   407579   292367   407723   292223   407969   291869   408173   291743   408437   291509   408563   291293   408719   290999   409043   290669   409349   290627   409517   290189   409823   290039   410117   289763   410279   289319   410903   288839   411233   288527   411617   288227   412067   284057   405689   642233   149627
   138059   353747    83063   616997    82757   617387    82559   617537    82349   617699    82163   618053    81749   618269    81677   618377    81569   618707    81173   618929    80819   619967    79973   620099    79889   620159    79823   620237    79613   620579    79367   620657    79229   620813    78989   621029    78893   621227    78653   621527    78173   621869    77933   622157    77513   622529    77369   622793    76679   616829   561947
   353459   163733   536699   162593   537587   162263   537749   161957   538127   161807   538367   161453   538697   161267   539009   160967   539129   160739   539309   160499   539633   160367   539663   160319   539837   160163   540149   159839   540173   159773   540269   159629   540383   159617   540437   159407   540713   159233   540779   159017   541097   158657   541439   158537   541577   158393   541763   158189   542117   157427   536147
