   161639   538553   161309   538739   160997   539039   160877   539267   160697   539507   160373   539639   160343   539687   160169   539843   159857   540167   159833   540233   159737   540377   159623   540389   159569   540599   159293   540773   159227   540989   158909   541349   158567   541469   158429   541613   158243   541817   157889   542183   157799   542237   157559   542483   157427   542747   157133   542987   157007   544919   346043
   543287    81953   618257    81737   618329    81629   618437    81299   618833    81077   619187    80039   620033    79907   620117    79847   620183    79769   620393    79427   620639    79349   620777    79193   621017    78977   621113    78779   621353    78479   621833    78137   622073    77849   622493    77477   622637    77213   623003    76949   623327    76289   623723    75797   624233    75659   624467    75527   625109   346223   156719
   156707   624599   293099   407489   292427   407639   292283   407783   292037   408137   291833   408263   291569   408497   291443   408713   291287   409007   290963   409337   290657   409379   290489   409817   290183   409967   289889   410243   289727   410687   289103   411167   288773   411479   288389   411779   287939   412073   287873   412157   287813   412457   287387   412949   286973   413243   286589   284447   474707    75407   543299
   543383    75323   413537    59357   640733    59159   640943    58913   641279    58679   641579    58367   641789    58193   641897    57809   642233    57587   642623    57269   642833    57107   642947    56963   643199    56633   643463    56453   643589    56123   643919    55997   644057    55889   644519    55457   644669    55217   644843    55073   645023    54869   645233    54623   645443    54539   646013   347033   286469   624683   156623
   156467   624737   286427   645503   117443   582677   117269   582767   117119   582983   116993   583139   116639   583469   116483   583619   116279   583733   116009   584027   115853   584183   115757   584279   115613   584417   115343   584873   115127   584993   114689   585413   114419   585677   114269   585839   114143   585917   113969   586073   113657   586493   113417   586679   113213   587219   347957    54503   413579    75269   543539
   543659    75209   413807    54377   586979   108179   592133   107867   592289   107699   592727   107243   592973   106823   593387   106487   593573   106373   593903   106019   593993   105983   594107   105557   594569   105389   594899   104933   595157   104759   595277   104693   595547   104393   595709   103997   596027   103913   596117   103643   596423   103217   596927   103043   603149   341027   113027   645629   286199   624797   156347
   156119   624839   285953   645683   112919   597053    24077   675977    23789   676253    23747   676337    23633   676469    23417   676649    23327   676727    23087   676943    23039   676979    22859   677309    22619   677639    22349   677813    22079   678077    21803   678407    21569   678599    21347   678779    21017   679067    20879   679157    20543   679607    20297   683939   343913   102953   587087    54323   414053    75167   543887
   544223    75029   414179    54293   587417   102797   679823   241049   458993   240959   459113   240797   459383   240257   459803   239933   460127   239849   460373   239597   460463   239417   460619   239333   460709   239087   460937   239027   461147   238709   461333   238499   461609   238313   461843   237857   462239   237563   462719   237233   462827   237143   236549   574703    20183   597209   112589   645713   285827   624977   155783
   155747   625103   285539   645737   112577   597353    20177   462953     8087   691997     7907   692249     7673   692399     7583   692459     7253   692927     7043   693089     6869   693149     6827   693317     6653   693437     6473   693677     6323   693689     6263   693809     5987   694079     5813   694223     5693   694349     5639   694487     5483   695327   347873   237053   679829   102653   587429    54269   414467    74903   544259
   544937    74873   414629    54167   587603   102587   679859   236723   694619    64067   635969    63857   636263    63719   636359    63599   636473    63473   636539    63443   636653    63197   636947    62939   637079    62723   637319    62627   637409    62507   637529    62297   637787    62189   638303    61583   638453    61547   638663    61007   639053   348527     5387   463283    20147   597419   112403   645839   285377   625133   155069
   155027   625307   285227   646067   112337   597473    20123   463433     5087   639083    48767   651473    48497   651767    48197   652493    47507   652667    47279   652913    46889   653153    46649   653363    46499   653777    46187   653903    45959   654053    45497   654593    45377   654743    45179   654923    44963   655229    44633   659177   343787    60923   694919   236573   679883   102533   587669    53939   414779    74699   544979
   545063    74687   414893    53849   587753   102407   680027   236219   694997    60869   655649   329393   370619   329333   370883   328919   371177   328667   371387   328589   371627   328373   371663   328109   371939   328007   372023   327869   372167   327827   372269   327707   372377   327317   372797   327203   373007   326663   373349   348827    44357   639137     5009   463787    19979   597599   112253   646157   285113   625319   154943
   154619   625397   284897   646193   112019   597677    19793   463919     5003   639269    44279   373859   202403   497663   202277   497957   201953   498209   201449   498647   201203   499139   200723   499349   200609   499493   200483   499649   200153   499943   200033   500153   199673   500369   199523   500519   199403   501029   348077   326147   655727    60737   695003   236087   680213   102329   587987    53813   415109    74609   545387
   545483    74597   415187    53699   588113   102317   680297   235877   695069    60443   655757   326063   500693   315599   384437   315527   384599   315269   384827   314927   385127   314813   385379   314603   385493   314399   385739   314213   385817   314129   385943   313889   386153   313727   386369   313517   387227   348353   199313   373943    44249   639563     4937   464129    19709   597689   111893   646307   284819   625409   154523
   154247   625517   284489   646397   111833   597803    19553   464213     4919   639689    44159   374063   199049   387017    25307   674759    25169   674879    24977   675083    24809   675239    24659   675413    24413   675827    24083   683783    16217   683819    16097   683933    15887   684239    15737   352073   673667   312989   500957   325943   655847    60317   695087   235793   680453   102203   588173    53609   415517    74489   545759
   545933    74363   415523    53147   588239   102107   680633   235679   695117    60293   655883   325889   501077   312929   684647    13337   686843    13127   686897    13043   686969    12983   687083    12899   687317    12647   687437    12413   687683    12269   687767    12227   687809    12113   363977   673223    15359   387077   198929   374117    44123   639713     4889   464327    19373   597899   111767   646859   284483   625643   154073
   154067   625913   284429   646889   111659   597929    19013   464447     4799   639839    43943   374123   198833   387263    15233   688067   294317   405827   294149   405947   293603   406499   293459   406649   293147   406883   281243   418799   281117   419147   280817   419303   280589   278903   489659    11939   684773   312743   501173   325883   656063    60167   695207   235559   680993   102077   588347    53117   415577    74093   545939
   546053    74027   415949    53093   588383   101999   681047   235523   695369    60149   656153   325673   501287   312737   684869    11933   419423   176369   523673   176243   523793   176159   523877   175949   524087   175499   524939   174989   525257   174653   525593   174407   530237   344327   280583   688073    15137   387269   198719   374333    43853   639857     4637   464483    18959   598007   111623   646913   284057   625979   153953
   153743   626033   283859   646937   111497   598049    18917   464699     4229   640007    43577   374399   198689   387329    15083   688097   280547   525677   274583   425489   274457   425603   274223   425819   274103   425987   273929   426233   273719   426353   273617   271967   503963   174329   419459    11909   684923   312677   501317   325607   656429    59999   695777   235307   681089   101957   588509    53069   416147    73973   546263
   546317    73943   416243    52973   588683   101879   681137   235043   695867    59957   656519   325319   501383   312383   684989    11867   419597   174197   426737   344243   355799   344039   356693   343073   356969   342899   357347   342653   357359   342569   359297   347099   273269   525809   280409   688139    15017   387623   198623   374687    43487   640049     4139   464963    18869   598127   111323   647033   283763   626063   153689
   153437   626147   283607   647039   111269   598379    18839   464993     4133   640127    43403   374789   198503   387917    14897   688217   280253   525869   273233   357509   341339   358703   341273   359027   340937   359129   340859   359357   340169   361727   347513   342497   426773   174137   419753    11789   685109   312089   501503   325217   656603    59879   695873   235013   681167   101627   588737    52967   416399    73859   546569
   546599    73847   416543    52937   588743   101363   681257   235007   695879    59747   656609   325187   501593   312029   685247    11783   419777   173969   426893   342413   360257   265079   435107   264827   435257   264743   435563   264437   263567   521447   339749   357593   273113   526037   280229   688223    14759   387977   198413   374819    43397   640259     4127   464999    18749   598643   111263   647069   283463   626159   153407
   153287   626333   283133   647117   111227   598727    18713   465089     4079   640307    43319   374987   198347   388109    14669   688637   279977   526073   272933   357659   339413   435647   149033   551093   148667   551489   148457   553073   348209   264359   360593   342347   427073   173933   420029    11369   685337   311897   501659   325019   656687    59699   695927   234917   681293   101279   588779    52889   416873    73673   546719
   546869    73643   417089    52859   588953   101207   681419   234833   695999    59417   656783   324977   501827   311747   685367    11273   420149   173867   427079   342239   360749   264353   551813   262139   438029   261959   442139   345749   148193   435653   339257   357767   272927   526139   279857   688733    14639   388259   198179   375029    43223   640589     4007   465173    18587   598799   111053   647147   282917   626363   153137
   153113   626393   282833   647189   111029   599069    18443   465293     3929   640613    43067   375113   197963   388319    14369   688763   279689   526199   272903   357809   339137   435839   148157   438233   334793   206993   508223   261773   551849   264167   360869   342197   427103   173807   420317    11243   685637   311687   502043   324893   656939    59393   696077   234713   681563   100937   588977    52817   417173    73613   546893
   546947    73529   417239    52673   589187   100853   681677   234599   696083    50627   656993   324773   502079   311603   685679    11117   420593   173783   427247   341927   361013   264113   551927   438419   523433   350003   176573   261587   148079   435893   338993   358079   272759   526223   279413   688889    14327   388403   197927   375233    43013   649379     3923   465407    18329   599153   110819   647333   282767   626477   153059
   152909   626489   282713   647453   110597   599273    18287   465419     3767   649457    42989   375359   197759   388727    14033   688979   279407   526307   272603   358229   338669   435923   567947   256967   191783   493013   365213   443039   132059   264083   361337   341777   427403   173699   420599    11027   685973   311279   502247   324647   657017    50549   696239   234587   681719   100733   589409    52553   417293    73517   547097
   547223    73379   417617    52529   589439   100703   681773   234197   696413    50387   657233   324593   502409   311183   686009    10973   420677   173357   427439   341729   361433   442517   129347   354257   261977   438047   257867   437867   570659   257489   338573   358277   272567   526649   279329   689033    13997   388823   197597   375413    42773   649619     3593   465809    18233   599303   110567   647477   282389   626627   152783
   152777   626963   282383   647489   110477   599513    17957   465917     3389   649643    42737   375449   197507   389057    13967   689267   279269   526709   272549   358499   361793   427997   351797   148913   551339   148517   551549   146933   550973   272009   338213   341507   427457   173297   420737    10739   686039   310949   502499   324557   657269    50363   696617   234089   682049   100493   589529    52517   417623    73043   547229
   547487    73019   417719    52379   589877   100469   682259   234029   696659    50207   657323   324497   502553   310889   686099    10613   420803   173273   427529   339839   333737   178559   264899   435179   264749   435263   264443   435569   436439   434927   366269   360167   272477   526733   279203   689393    13907   389117   197453   375509    42683   649799     3347   465977    17747   599537   110129   647627   282287   626987   152519
   152429   627083   282167   647693   109883   599603    17729   466247     3119   649829    42533   375533   197159   389273    13829   689693   279029   526739   448397   355037   352493   341303   358733   340979   359069   340877   359147   340649   359837   338279   358667   344969   251609   173267   420977    10313   686177   310733   502847   324473   657473    50177   696887   233759   682277   100403   590123    52313   417839    72923   547577
   547583    72623   417863    52259   590489   100343   682337   233489   697049    50129   657497   324437   502883   310559   686453    10139   421163   173177   403877   352907   344207   355967   343313   356933   343037   357107   342659   357353   342647   357437   340709   355763   296129   526829   278843   689867    13553   389447   197123   375569    42509   649877     2957   466517    17669   599663   109517   647747   282143   627383   152423
   152363   627953   282059   647753   109469   599693    17579   466649     2927   650183    42467   375707   197033   389567    13487   689873   421943   518807   196043   274517   425549   274403   425783   274187   425903   274019   426077   273773   426287   273653   426389   428039   425423   181199   278063    10133   686519   310439   502973   324299   657539    49823   697079   233357   682427   100313   590537    52253   417947    72053   547643
   547709    71993   417953    52223   590573    99839   682673   232823   697217    49529   657707   323957   503003   310283   686639   699953   403097   355679   176333   523763   176213   523847   176129   524057   175919   524507   175067   525017   174749   525353   174413   525599   169769   523637   296909       53    13367   389723   197003   376049    42299   650477     2789   467183    17333   600167   109433   647783   282053   628013   152297
   152219   628097   281933   648029   109397   600239    17327   467297     2633   650483    42227   376127   196799   389783   351599   320699   210347   294179   405857   294059   406403   293507   406547   293357   406859   293123   418763   281207   418889   280859   419189   280703   419417   421103   405689   379307   348407   310223   503207   323879   657779    49523   697373   232709   682679    99767   590609    51977   418073    71909   547787
   547817    71879   418079    51899   590627    99713   683303   232607   697397    49463   657827   323699   503267   390407   661259    26783    13163   686879    13109   686963    13037   687023    12923   687107    12689   687359    12569   687593    12323   687737    12239   687779    12197   687893   336029   686669    38747   309599   196739   376307    42179   650543     2609   467399    16703   600293   109379   648107   281927   628127   152189
   152183   628139   281849   648239   109253   600317    16649   467507     2549   650813    42023   376469   504617   303713    26339    25247   674837    25127   675029    24923   675197    24767   675347    24593   675593    24179   675923    16223   683789    16187   683909    16073   684119    15767   684269   347933   674699   396293   195389   323537   657983    49193   697457   232499   683357    99689   590753    51767   418157    71867   547823
   548003    71789   418169    51749   590867    99347   683453   232457   697583    49019   658079   379667   189437   351653   315569   384479   315407   384737   315179   385079   314879   385193   314627   385403   314513   385607   314267   385793   314189   385877   314063   386117   313853   386279   313637   386489   312779   384407   510569   320339    41927   650987     2423   467549    16553   600659   109139   648257   281837   628217   152003
   151967   628373   281807   648293   108917   600689    16529   467699     2333   651017   659723   314807   351929   202343   497729   202049   498053   201797   498557   201359   498803   200867   499283   200657   499397   200513   499523   200357   499853   200063   499973   199853   500333   199637   500483   199487   500603   198977   497603   385199    40283    48989   697673   232307   683477    99317   591089    51713   418199    71633   548039
   548069    71333   418259    51329   591113    99173   683513   232109   697733   652229    28649   351179   329387   370673   329123   371087   328829   371339   328619   371417   328379   371633   328343   371897   328067   371999   327983   372137   327839   372179   327737   372299   327629   372689   327209   372803   326999   373343   326657   370613   671357    47777     2273   467897    16493   600833   108893   648677   281747   628673   151937
   151883   628679   281717   648719   108869   600857    16319   467903   349787    41729   356219    48533   651509    48239   651809    47513   652499    47339   652727    47093   653117    46853   653357    46643   653507    46229   653819    46103   654047    45953   654509    45413   654629    45263   654827    45083   655043    44777   655373    40829   651239   658277   350219   232103   683687    99149   591137    51287   418289    71327   548123
   548189    71249   418337    51203   591509    99023   683777   232079   344153   351479    64037   636149    63743   636287    63647   636407    63533   636533    63467   636563    63353   636809    63059   637067    62927   637283    62687   637379    62597   637499    62477   637709    62219   637817    61703   638423    61553   638459    61343   638999    60953   635939   355853   467927    16229   600983   108497   648803   281669   628757   151817
   151643   628877   281663   649157   108347   601043   684857   686789   352133     8009   692099     7757   692333     7607   692423     7547   692753     7079   692963     6917   693137     6857   693179     6689   693353     6569   693533     6329   693683     6317   693743     6197   694019     5927   694193     5783   694313     5657   694367     5519   694523     4679   691919    13217    15149    98963   591659    50849   418343    71129   548363
   548399    71069   418427    50789   591743   616367     2879   125303   241013   459047   240893   459209   240623   459749   240203   460073   239879   460157   239633   460409   239543   460589   239387   460673   239297   460919   239069   460979   238859   461297   238673   461507   238397   461693   238163   462149   237767   462443   237287   462773   237179   462863   463457   458957   697127    83639   108263   649217   281579   628937   151607
   151553   629009   281339   649283   592649    67733   356093    24029   676217    23753   676259    23669   676373    23537   676589    23357   676679    23279   676919    23063   676967    23027   677147    22697   677387    22367   677657    22193   677927    21929   678203    21599   678437    21407   678659    21227   678989    20939   679127    20849   679463    20399   679709    16067   675929   632273   107357    50723   418667    70997   548453
   548489    70667   418709   649937    98123   358979   107873   592139   107717   592307   107279   592763   107033   593183   106619   593519   106433   593633   106103   593987   106013   594023   105899   594449   105437   594617   105107   595073   104849   595247   104729   595313   104459   595613   104297   596009   103979   596093   103889   596363   103583   596789   103079   596963    96857   591827   601883    50069   281297   629339   151517
   151253   629417   419057    40583   352049   117329   582737   117239   582887   117023   583013   116867   583367   116537   583523   116387   583727   116273   583997   115979   584153   115823   584249   115727   584393   115589   584663   115133   584879   115013   585317   114593   585587   114329   585737   114167   585863   114089   586037   113933   586349   113513   586589   113327   586793   112787   582563   659423   280949    70589   548753
   548837   644747   396713   352973    59273   640847    59063   641093    58727   641327    58427   641639    58217   641813    58109   642197    57773   642419    57383   642737    57173   642899    57059   643043    56807   643373    56543   643553    56417   643883    56087   644009    55949   644117    55487   644549    55337   644789    55163   644933    54983   645137    54773   645383    54563   645467    53993   640649   303293    55259   151169
   555287    42197   225299   292517   407579   292367   407723   292223   407969   291869   408173   291743   408437   291509   408563   291293   408719   290999   409043   290669   409349   290627   409517   290189   409823   290039   410117   289763   410279   289319   410903   288839   411233   288527   411617   288227   412067   287933   412133   287849   412193   287549   412619   287057   413033   286763   413417   415559   406907   657809   144719
   132947   353783    81749   618269    81677   618377    81569   618707    81173   618929    80819   619967    79973   620099    79889   620159    79823   620237    79613   620579    79367   620657    79229   620813    78989   621029    78893   621227    78653   621527    78173   621869    77933   622157    77513   622529    77369   622793    77003   623057    76679   623717    76283   624209    75773   624347    75539   624479    74897   618053   567059
   353963   161453   538697   161267   539009   160967   539129   160739   539309   160499   539633   160367   539663   160319   539837   160163   540149   159839   540173   159773   540269   159629   540383   159617   540437   159407   540713   159233   540779   159017   541097   158657   541439   158537   541577   158393   541763   158189   542117   157823   542207   157769   542447   157523   542579   157259   542873   157019   542999   155087   538367
