   169409   530693   169199   531143   168803   531263   168719   531863   168029   531983   167729   532373   167627   532523   167267   532757   167099   532919   166973   533303   166679   533363   166457   533747   166169   533963   166013   534059   165833   534473   165083   535019   164837   535529   164309   535727   164249   535859   164039   536147   163733   536699   162593   537587   162263   537749   161957   538127   161807   538367   346043
   538553    87293   612923    86993   613163    86837   613253    86579   613607    86369   613763    86117   614153    85829   614387    85523   614693    85247   615137    84737   615473    84509   615539    84449   615599    84389   615743    84239   615827    84137   616073    83903   616229    83717   616367    83597   616529    83459   616589    83219   616799    83177   616943    83009   617249    82619   617447    82469   617699   346547   161453
   161309   617657   300809   399227   300743   399689   300119   399983   300017   400199   299699   400559   299363   400859   299063   401069   298589   401957   298013   402053   297809   402299   297623   402503   297083   403037   296909   403163   296753   403499   296249   403877   296117   403979   295517   404693   295187   404969   294659   405497   294479   405659   294317   405827   294149   405947   293603   290489   462239    82349   538697
   538739    82163   406499    64157   635939    64037   636149    63743   636287    63599   636473    63473   636539    63443   636653    63197   636947    62939   637079    62723   637319    62627   637409    62507   637529    62297   637787    62189   638303    61583   638453    61547   638663    61007   639053    60923   639137    60737   639563    60317   639713    60167   639857    59999   640049    59879   647117   341027   293507   617843   161267
   160997   618053   293459   640259   123707   576683   122963   577067   122609   577427   122489   577529   122393   577739   122207   577937   122027   578117   121697   578399   121553   578483   121469   578603   121313   578777   121007   579107   120767   579503   120473   579707   120293   579773   119747   580373   119627   580577   119243   580919   118907   581333   118457   581597   118343   589439   339749    59747   406547    81953   539009
   539039    81749   406649    59699   581729   114269   585839   114143   585917   113969   586073   113657   586493   113417   586679   113213   586979   112919   587219   112589   587429   112403   587669   112253   587987   111893   588239   111659   588383   111497   588683   111269   588743   111227   588953   111029   589187   110597   589529   110129   590123   109517   590537   109433   590867   347513   118277   640307   293357   618257   160967
   160877   618269   293147   640589   118253   590609    29387   670673    29243   670853    29129   671189    28703   671357    28403   671717    28277   671777    27947   672227    27689   672557    27239   672827    27143   673019    26849   673193    26783   673247    26693   673613    26387   673649    26339   673769    26189   674117    25847   674273    25643   674483    25469   676469   345749   109397   581753    59417   406859    81737   539129
   539267    81677   406883    59393   581843   109379   674699   248483   452009   247847   452393   247553   452597   247193   453107   246809   453293   246689   453797   246173   454109   245759   454253   245627   454823   245087   454967   245033   455219   244667   455513   244403   455627   244217   455849   243857   456167   243239   456809   242867   457277   242639   457607   346553    25307   590627   118163   640613   293123   618329   160739
   160697   618377   293099   640649   117989   590753    25247   457403    12983   687083    12899   687317    12647   687437    12413   687683    12269   687767    12227   687809    12113   688067    11933   688097    11789   688223    11369   688733    11243   688889    11027   689033    10739   689393    10313   689867    10133   689903     9887   690377     9587   694313   344543   242603   674759   109253   582017    59357   406907    81629   539309
   539507    81569   407489    59273   582167   108917   674837   242453   690467    69317   630803    69143   631013    68819   631229    68699   631409    68477   631559    68147   632123    67853   632273    67709   632327    67559   632459    67523   632699    67289   633197    66797   633257    66629   633473    66509   633623    66377   633767    66173   645629   336239     9539   457553    25169   591089   117839   640733   292517   618437   160499
   160373   618707   292427   640847   117833   591113    25127   457559     9497   633923    54269   646013    53939   646157    53813   646307    53609   646859    53093   646937    52973   647039    52937   647147    52817   647333    52553   647477    52379   647693    52259   647753    52223   648029    51899   648239    51749   648293    51329   649877   347099    66083   690509   242447   674879   108893   582173    59159   407579    81299   539633
   539639    81173   407639    59063   582209   108869   675029   242309   690533    65993   648719   336857   363179   336689   363569   336059   363977   335879   364193   335693   364337   335633   364499   335123   364997   334877   365213   334637   365513   334379   365759   333929   366227   333737   366287   333713   366383   333539   366683   348527    51287   634013     9473   457697    24977   591137   117797   640943   292367   618833   160367
   160343   618929   292283   641093   117779   591509    24923   457913     9377   634079    51203   366983   207287   492893   206993   493067   206897   493127   206813   493403   206543   493523   206399   493733   206153   493937   206039   493973   206027   494069   205913   494387   205487   494609   205319   494699   205223   495149   348419   333023   648803    65927   690629   242093   675083   108497   582227    58913   407723    81077   539663
   539687    80819   407783    58727   582509   108347   675197   241979   690869    65837   649157   332987   494849   321077   378953   320843   379307   320687   379397   320339   379703   320219   379853   320027   379997   319679   380333   319589   380459   319169   380879   319097   380957   318683   381377   318473   313889   417089   205157   367019    50849   634169     9137   458027    24809   591659   117497   641279   292223   619187   160319
   160169   619967   292037   641327   117443   591743    24767   458123     8969   634307    50789   367277   205133   381629    30983   669029    30893   669329    30593   669659    30137   669887    30059   670139    29789   670343    29429   670583    21803   678407    21569   678599    21347   678779    21017   679823   347873   318377   494873   332729   649217    65699   691037   241883   675239   108263   582563    58679   407969    80039   539837
   539843    79973   408137    58427   582677   108179   675347   241817   691199    65633   649283   332699   494903   318347   679067    18713   681419    18443   681677    18287   681773    17957   682259    17729   682337    17579   682673    17327   683303    16649   683453    16529   683513    16319   686897   345227    20939   381659   205103   367307    50723   634373     8807   458189    24659   591827   117329   641579   291869   620033   160163
   159857   620099   291833   641639   117269   592133    24593   458327     8669   634397    50627   367559   205019   381707    20879   683777   301877   398213   301703   398357   301583   398543   301247   398933   300869   399149   287549   412619   287057   413033   286763   413417   286469   286427   476249    16229   679127   318299   494987   332447   649379    65609   691337   241679   675413   107873   582737    58367   408173    79907   540149
   540167    79889   408263    58217   582767   107867   675593   241643   691343    65357   649457   332393   495119   317969   679157    16223   413807   182129   517949   181757   518387   181409   518729   181199   518813   180779   519257   180647   519383   180497   519587   179939   520763   348827   286199   683783    20849   382037   204887   367613    50549   634649     8663   458363    24413   592139   117239   641789   291743   620117   159839
   159833   620159   291569   641813   117119   592289    24179   458543     8597   634679    50387   367733   204557   382103    20543   683789   285953   520103   279977   420149   279689   420593   279407   420677   279269   420803   279029   421103   278843   421397   278489   424433   346187   179903   414053    16217   679463   317903   495449   332273   649619    65327   691409   241463   675827   107717   582887    58193   408437    79847   540173
   540233    79823   408497    58109   582983   107699   675923   241343   691433    65213   649643   332183   495563   317777   679607    16187   414467   179813   421643      809   699287      683   699437      563   699449      479   699539      449   699617      239   355679   693809   278363   520193   285539   683819    20399   382229   204443   367823    50363   634793     8573   458663    24083   592307   117023   641897   291509   620183   159773
   159737   620237   291443   642197   116993   592649    24077   458669     8543   634859    50207   367889   204437   382553    20297   683909   285377   520313   278279   699947   349043   351563   348407   351653   348077   352049   347933   352193   347057   346259   355799       59   421727   179693   414629    16097   679709   317453   495569   332117   649799    65147   691463   241337   675929   107357   583013    57809   408563    79769   540269
   540377    79613   408713    57773   583139   107279   675977   241259   691583    65063   649829   331907   495629   317363   679829    16073   414779   179657   421943       53   352973   269987   430343   269579   430433   269519   430769   269183   267557   512657   347033   699953   278063   520349   285227   683933    20177   382643   204377   368099    50177   634943     8423   458747    24029   592727   116867   642233   291293   620393   159629
   159623   620579   291287   642419   116639   592763    23789   458879     8369   634979    50069   368117   204359   382727    20147   683939   285113   520427   277919   700001   346439   430949   153287   546869   153113   546947   152909   551927   344969   269057   353567        5   422087   179579   414893    16067   679859   317279   495647   331889   649937    65027   691637   241127   676217   107243   583367    57587   408719    79427   540383
   540389    79367   409007    57383   583469   107033   676253   241049   691709    65003   650183   331553   495707   317159   679883    15887   415109   179573   422249   349967   353657   268643   547223   267017   433049   266933   265547   517469   152783   431363   346349   350039   277757   520433   284897   684119    20123   382847   204299   368453    49823   635003     8297   458957    23753   592973   116537   642623   290999   620639   159617
   159569   620657   290963   642737   116483   593183    23747   458993     8243   635087    49529   368729   204233   382883    19979   684239   284819   520649   277643   350087   346223   431369   152777   433079   340979   153437   555593   266927   547229   268637   353783   349919   422363   179357   415187    15767   680027   317123   495773   331277   650477    64919   691763   241013   676259   106823   583523    57269   409043    79349   540437
   540599    79229   409337    57173   583619   106619   676337   240959   691787    64667   650483   331217   495899   317087   680213    15359   415517   179327   422369   349913   353867   268607   547487   435179   564617   350003   135389   264827   152519   431399   346139   350093   277637   520679   284489   684647    19793   382919   204107   368789    49523   635339     8219   459047    23669   593387   116387   642833   290669   620777   159407
   159293   620813   290657   642899   116279   593519    23633   459113     8087   635507    49463   369023   204059   383069    19709   684773   284483   521153   277547   350213   345689   431513   547787   432203   144413   546569   359027   267803   152219   268493   354317   349793   422459   178853   415523    15233   680297   316937   495947   330983   650543    64499   691919   240893   676373   106487   583727    57107   409349    79193   540713
   540773    78989   409379    57059   583733   106433   676589   240797   691997    64439   650813   330887   495959   316907   680453    15149   415559   178697   422759   349787   354533   432143   146423   182537   266957   433073   434459   432989   553583   267863   345473   350219   277247   521309   284447   684857    19553   383099   204047   369119    49193   635567     8009   459209    23417   593573   116273   642947   290627   621017   159233
   159227   621029   290189   643043   116009   593633    23357   459383     7907   635603    49019   369353   204023   383147    19373   684869   284429   521363   277217   350663   342653   429467   355037   153137   546893   153059   547097   148079   546719   270539   357353   349343   422789   178643   415577    15137   680633   316859   495983   330653   650987    64403   692099   240623   676649   106373   583997    56963   409817    78977   540779
   540989    78893   409823    56807   584027   106103   676679   240257   692249    55073   651017   330587   496007   316853   680993    15083   415949   178613   423053   348209   360749   187349   269663   430427   269573   430487   269237   430823   432449   430019   339257   351797   276953   521393   284057   684923    19013   383153   203999   369419    48989   644933     7757   459749    23327   593903   115979   643199   290183   621113   159017
   158909   621227   290039   643373   115853   593987    23279   459803     7673   645023    48767   369647   203843   383303    18959   684989   283859   521447   423299   694193   344207   348443   351599   348353   351929   347957   352073   347813   352949   353747   350963     5813   276707   178559   416147    15017   681047   316703   496163   330359   651239    54983   692333   240203   676727   106019   584153    56633   409967    78779   541097
   541349    78653   410117    56543   584183   106013   676919   239933   692399    54869   651473   330347   496343   316577   681089    14897   416243   552659   270329     6197      719   699323      569   699443      557   699527      467   699557      389   699767   344327   699197   429677   147347   283763   685109    18917   383429   203663   369659    48533   645137     7607   460073    23087   593993   115823   643463   289889   621353   158657
   158567   621527   289763   643553   115757   594023    23063   460127     7583   645233    48497   369959   203579   383633    18869   685247   283607   142949   353819   279857   420317   279413   420599   279329   420737   279203   420977   278903   421163   278609   421517   275573   420029   557057   416399    14759   681137   316373   496427   330047   651509    54773   692423   239879   676943   105983   584249    56453   410243    78479   541439
   541469    78173   410279    56417   584279   105899   676967   239849   692459    54623   651767   329873   496889   316193   681167   350453   525353   351179   182057   518249   181619   518597   181277   518807   181193   519227   180749   519359   180623   519509   180419   520067   179243   517877   174653   349553    18839   383813   203117   370133    48239   645383     7547   460157    23039   594107   115727   643589   289727   621833   158537
   158429   621869   289319   643883   115613   594449    23027   460373     7253   645443    48197   370217   203057   383909   681257   341729   223757   301793   398303   301649   398423   301463   398759   301073   399137   300857   412457   287387   412949   286973   413243   286589   413537   413579   398129   358277    18749   316097   496949   329789   651809    54563   692753   239633   676979   105557   584393    56123   410687    78137   541577
   541613    77933   410903    56087   584417   105437   677147   239597   692927    54539   652229   329393   497117   384407     5483   354779    18587   681563    18329   681719    18233   682049    17747   682277    17669   682427    17333   682679    16703   683357    16553   683477    16493   683687    13109   681293   694523   315599   202889   370613    47777   645467     7079   460409    22859   594569   115589   643919   289103   622073   158393
   158243   622157   288839   644009   115343   594617    22697   460463     7043   645503    47513   370619   499397   378779   352133    30977   669113    30677   669413    30347   669869    30119   669947    29867   670217    29663   670577    29423   678203    21599   678437    21407   678659    21227   678989    20183   669023   321227   200609   329387   652493    54503   692963   239543   677309   105389   584663    55997   411167    77849   541763
   541817    77513   411233    55949   584873   105107   677387   239417   693089    54323   652499   372803   195527   282917   321053   379163   320699   379319   320609   379667   320303   379787   320153   379979   320009   380327   319673   380417   319547   380837   319127   380909   319049   381323   318629   381533   386117   378929   504479   327203    47507   645683     6917   460589    22619   594899   115133   644057   288773   622493   158189
   157889   622529   288527   644117   115127   595073    22367   460619     6869   645713   661259   319817   351587   207113   493013   206939   493109   206879   493193   206603   493463   206483   493607   206273   493853   206069   493967   206033   493979   205937   494093   205619   494519   205397   494687   205307   494783   204857   492719   380189    38747    54293   693137   239387   677639   104933   584879    55889   411479    77477   542117
   542183    77369   411617    55487   584993   104849   677657   239333   693149   646889    30839   351479   336827   363317   336437   363947   336029   364127   335813   364313   335669   364373   335507   364883   335009   365129   334793   365369   334493   365627   334247   366077   333779   366269   333719   366293   333623   366467   333323   363149   669167    53117     6857   460673    22349   595157   115013   644519   288389   622637   157823
   157799   622793   288227   644549   114689   595247    22193   460709     5519    35159   352907    53993   646067    53849   646193    53699   646397    53147   646913    53069   647033    52967   647069    52859   647189    52673   647453    52529   647627    52313   647747    52253   647783    51977   648107    51767   648257    51713   648677    50129   645737   664847   694487   239297   677813   104759   585317    55457   411779    77213   542207
   542237    77003   412067    55337   585413   104729   677927   460979   684269   363767    69203   630863    68993   631187    68777   631307    68597   631529    68447   631859    67883   632153    67733   632297    67679   632447    67547   632483    67307   632717    66809   633209    66749   633377    66533   633497    66383   633629    66239   633833    54377   630689    15737   239027    22079   595277   114593   644669   287939   623003   157769
   157559   623057   287933   644747   114419   595313   678077   228203   355463    12923   687107    12689   687359    12569   687593    12323   687737    12239   687779    12197   687893    11939   688073    11909   688217    11783   688637    11273   688763    11117   688979    10973   689267    10613   689693    10139   689873    10103   690119     9629   690419     5693   687023   471803    21929   104693   585587    55259   412073    76949   542447
   542483    76679   412133    55217   585677   647489    11867   353453   247997   452159   247613   452453   247409   452813   246899   453197   246713   453317   246209   453833   245897   454247   245753   454379   245183   454919   245039   454973   244787   455339   244493   455603   244379   455789   244157   456149   243839   456767   243197   457139   242729   457367   242399   451523   688139    52517   114329   644789   287873   623327   157523
   157427   623717   287849   644843   588173    42509   354257    29333   670763    29153   670877    28817   671303    28649   671603    28289   671729    28229   672059    27779   672317    27449   672767    27179   672863    26987   673157    26813   673223    26759   673313    26393   673619    26357   673667    26237   673817    25889   674159    25733   674363    25523   674537    23537   670619   657497   111833    55163   412157    76289   542579
   542747    76283   412193    54167    94397   352493   114167   585863   114089   586037   113933   586349   113513   586589   113327   586793   113027   587087   112787   587417   112577   587603   112337   587753   112019   588113   111767   588347   111623   588509   111323   588737   111263   588779   111053   588977   110819   589409   110477   589877   109883   590489   109469   590573   109139   585737   605609   645839   287813   623723   157259
   157133   624209   285827   630107   360257   123323   577043   122939   577397   122579   577517   122477   577613   122267   577799   122069   577979   121889   578309   121607   578453   121523   578537   121403   578693   121229   578999   120899   579239   120503   579533   120299   579713   120233   580259   119633   580379   119429   580763   119087   581099   118673   581549   118409   581663   110567   576299    69899   414179    75797   542873
   542987   624599   516209   358979    64067   635969    63857   636263    63719   636407    63533   636533    63467   636563    63353   636809    63059   637067    62927   637283    62687   637379    62597   637499    62477   637709    62219   637817    61703   638423    61553   638459    61343   638999    60953   639083    60869   639269    60443   639689    60293   639839    60149   640007    59957   640127    52889   635849   183797    75407   157019
   157007    63647   237767   300779   399263   300317   399887   300023   399989   299807   400307   299447   400643   299147   400943   298937   401417   298049   401993   297953   402197   297707   402383   297503   402923   296969   403097   296843   403253   296507   403757   296129   403889   296027   404489   295313   404819   295037   405347   294509   405527   294347   405689   294179   405857   294059   406403   409517   399197   636359   542999
   529229   353459    87083   613013    86843   613169    86753   613427    86399   613637    86243   613889    85853   614177    85619   614483    85313   614759    84869   615269    84533   615497    84467   615557    84407   615617    84263   615767    84179   615869    83933   616103    83777   616289    83639   616409    83477   616547    83417   616787    83207   616829    83063   616997    82757   617387    82559   617537    82307   612713   170777
   353963   169313   530807   168863   531203   168743   531287   168143   531977   168023   532277   167633   532379   167483   532739   167249   532907   167087   533033   166703   533327   166643   533549   166259   533837   166043   533993   165947   534173   165533   534923   164987   535169   164477   535697   164279   535757   164147   535967   163859   536273   163307   537413   162419   537743   162257   538049   161879   538199   161639   530597
