   165833   534473   165083   535019   164837   535529   164309   535727   164249   535859   164039   536147   163733   536699   162593   537587   162263   537749   161957   538127   161807   538367   161453   538697   161267   539009   160967   539129   160739   539309   160499   539633   160367   539663   160319   539837   160163   540149   159839   540173   159773   540269   159629   540383   159617   540437   159407   540713   159233   543287   344207
   540779    83933   616103    83777   616289    83639   616409    83477   616547    83417   616787    83207   616829    83063   616997    82757   617387    82559   617537    82349   617699    82163   618053    81749   618269    81677   618377    81569   618707    81173   618929    80819   619967    79973   620099    79889   620159    79823   620237    79613   620579    79367   620657    79229   620813    78989   621029    78893   621527   347057   159227
   159017   621227   296129   403889   296027   404489   295313   404819   295037   405347   294509   405527   294347   405689   294179   405857   294059   406403   293507   406547   293357   406859   293123   406907   292517   407579   292367   407723   292223   407969   291869   408173   291743   408437   291509   408563   291293   408719   290999   409043   290669   409349   290627   409517   290189   409823   290039   413243   344039    78779   540989
   541097    78653   410117    61553   638459    61343   638999    60953   639083    60869   639563    60317   639713    60167   639857    59999   640049    59879   640259    59699   640589    59393   640649    59273   640847    59063   641093    58727   641327    58427   641639    58217   641813    58109   642197    57773   642419    57383   642737    57173   642899    57059   643043    56807   643373    56543   646889   343913   289889   621353   158909
   158657   621833   289763   643553   120293   579773   119747   580373   119627   580577   119243   580919   118907   581333   118457   581597   118343   581729   118253   581843   117989   582167   117833   582209   117779   582509   117443   582677   117269   582767   117119   582983   116993   583139   116639   583469   116483   583619   116279   583733   116009   584027   115853   584183   115757   585839   346349    56453   410243    78173   541349
   541439    78137   410279    56417   584279   111227   588953   111029   589187   110597   589439   110477   589877   109883   590489   109469   590573   109379   590753   109139   591089   108893   591137   108497   591659   108263   591827   107873   592139   107717   592307   107357   592727   107243   592973   106823   593387   106487   593573   106373   593903   106019   593993   105983   608423   332987   115727   643589   289727   621869   158567
   158537   622073   289319   643883   115613   594107    26357   673667    26237   673817    25889   674159    25733   674363    25523   674537    25307   674759    25169   674879    24977   675083    24809   675239    24659   675413    24413   675827    24083   675929    24029   676217    23753   676259    23669   676373    23537   676589    23357   676679    23279   676919    23063   677147   348419   105899   584393    56123   410687    77933   541469
   541577    77849   410903    56087   584417   105557   676967   243839   456767   243197   457139   242729   457367   242603   457553   242447   457607   242309   457913   241979   458123   241817   458327   241643   458543   241343   458669   241259   458879   241049   458993   240959   459113   240797   459383   240257   459803   239933   460127   239849   460373   239597   238163   569663    23039   594449   115589   643919   289103   622157   158429
   158393   622493   288839   644009   115343   594569    23027   460463    10313   689867    10133   689903     9887   690377     9587   690467     9497   690533     9377   691037     8807   691337     8663   691409     8573   691463     8423   691637     8297   691763     8219   691919     8009   692099     7757   692333     7607   692423     7547   692753     7079   693137   347873   239543   676979   105437   584663    55997   411167    77513   541613
   541763    77477   411233    55949   584873   105389   677309   239417   692963    66377   633767    66173   633923    65993   634079    65837   634307    65609   634649    65327   634793    65147   634943    65027   635003    64919   635339    64499   635567    64403   635849    64067   635969    63857   636263    63719   636359    63599   636473    63473   647477   337313     7043   460589    22697   594617   115133   644057   288773   622529   158243
   158189   622637   288527   644117   115127   594899    22619   460619     6917   636539    51713   648677    51287   648803    50849   649217    50723   649379    50549   649619    50363   649799    50177   649877    50069   650183    49529   650483    49463   650813    49019   651017    48767   651473    48497   651767    48197   652229    47513   653819   346223    63467   693089   239387   677387   105107   584879    55889   411479    77369   541817
   542117    77213   411617    55487   584993   104933   677639   239333   693149    63443   652499   333623   366467   333323   366983   332729   367307   332447   367613   332273   367823   332117   368099   331889   368453   331277   368789   330983   369119   330653   369419   330359   369659   330047   370133   329789   370613   329387   328067   390647    47507   636563     6857   460673    22367   595073   115013   644519   288389   622793   157889
   157823   623003   288227   644549   114689   595157    22349   460709     6827   636653    47339   370673   205103   494987   204887   495149   204557   495563   204437   495629   204359   495707   204233   495899   204059   495959   204023   496007   203843   496343   203579   496889   203057   497117   202667   497597   202403   505319   340709   329333   652667    63353   693179   239297   677657   104849   585317    55457   411779    77003   542183
   542207    76949   412067    55337   585413   104759   677813   239087   693317    63197   652913   329123   497663   318347   381707   317969   382103   317777   382553   317363   382727   317159   382883   317087   383069   316907   383147   316853   383303   316577   383633   316193   383909   315977   384107   315893   384479   348353   202343   370883    47093   636809     6689   460919    22193   595247   114593   644669   287939   623057   157799
   157769   623327   287933   644747   114419   595277    22079   460937     6653   636947    46889   371087   202277   384203    27779   672317    27449   672767    27179   672863    26987   673157    26813   673223    26759   673313    26393   673619    18839   681257    18713   681419    18443   681677    18287   681773   349043   315803   497729   328919   653117    63059   693353   239069   677927   104729   585587    55259   412073    76679   542237
   542447    76289   412133    55217   585677   104693   678077   239027   693437    62939   653153   328829   497957   315779   682049    15887   684239    15737   684647    15233   684857    15137   684923    15017   685109    14759   685337    14639   685637    14327   685973    13997   686039    13907   686453   348209    17957   384227   202049   371177    46853   637067     6569   460979    21929   595313   114329   644789   287873   623717   157559
   157523   623723   287849   644843   114269   595547    21803   461147     6473   637079    46649   371339   201953   384407    17747   686177   297953   402197   297707   402383   297503   402923   296969   403097   296843   403253   296507   403757   282713   417617   282383   417719   282167   418289   348077    13829   682259   315599   498053   328667   653357    62927   693533   238859   678203   104459   585737    55163   412157    76283   542483
   542579    75797   412193    55073   585863   104393   678407   238709   693677    62723   653363   328619   498209   315569   682277    13487   417863   178697   521363   178613   521447   178487   521537   178439   521603   178349   521819   178127   521903   177893   522167   177623   172217   699767   282143   686519    17729   384437   201797   371387    46643   637283     6329   461297    21599   595613   114143   644933   287813   624209   157427
   157259   624233   287549   645023   114089   595709    21569   461333     6323   637319    46499   371417   201449   384599    17669   686669   282059   522623   276707   423413   276503   423557   276389   423713   276257   423869   275999   424019   275969   424169   275783   427439   346259   177383   417947    13337   682337   315407   498557   328589   653507    62687   693683   238673   678437   104297   585917    54983   412457    75773   542747
   542873    75659   412619    54869   586037   103997   678599   238499   693689    62627   653777   328379   498647   315269   682427    13217   417953   177347   424433   348407   352049   347933   352193   347513   352907   347033   353453   346547   353567   346187   342413   359837   275573   522659   282053   686789    17579   384737   201359   371627    46229   637379     6317   461507    21407   596009   113969   645137   287387   624347   157133
   157019   624467   287057   645233   113933   596027    21347   461609     6263   637409    46103   371633   201203   384827    17333   686843   281933   522737   275459   353867   344957   355463   344363   355679   344243   355853   343787   356693   343073   341729   364193   346139   424547   177269   418073    13163   682673   315179   498803   328373   653903    62597   693743   238397   678659   103979   586073    54773   412949    75539   542987
   542999    75527   413033    54623   586349   103913   678779   238313   693809    62507   654047   328343   499139   314927   682679    13127   418079   177257   424559   346043   356969   266957   433073   266927   433319   266633   433673   266159   434459   348827   343037   353963   275447   522749   281927   686879    17327   385079   200867   371663    45959   637499     6197   461693    21227   596093   113657   645383   286973   624479   157007
   156707   624599   286589   645443   113513   596117    21017   462149     5987   637529    45953   371897   200723   385127    16703   686897   281849   522839   275339   354257   342899   433877   151253   548837   151163   548957   150503   560639   338669   266129   357107   345749   424667   177167   418157    13109   683303   314879   499283   328109   654053    62477   694019   237857   678989   103889   586493    54563   413417    75407   543299
   543383    75323   413537    54539   586589   103643   679067   237767   694079    62297   654509   328007   499349   314813   683357    13043   418169   176699   424967   345689   357347   266117   549509   264113   435923   264059   254777   531143   150497   433889   342659   354317   275039   523307   281837   686963    16649   385193   200657   371999    45497   637709     5927   462239    20939   596363   113417   645467   286469   624683   156623
   156467   624737   286427   645503   113327   596423    20879   462443     5813   637787    45413   372023   200609   385199    16553   686969   281807   523433   275003   354533   342653   434249   150473   436097   337907   152519   559583   263909   549533   265757   357353   345473   425003   176573   418199    13037   683453   314807   499397   327983   654593    62219   694193   237563   679127   103583   586679    54503   413579    75269   543539
   543659    75209   413807    54377   586793   103217   679157   237287   694223    62189   654629   327869   499493   314627   683477    12983   418259   176369   425189   345329   357359   265739   549623   437693   571679   350003   128327   262313   150383   434267   342647   354677   274817   523637   281747   687023    16529   385379   200513   372137    45377   637817     5783   462719    20849   596789   113213   645629   286199   624797   156347
   156119   624839   285953   645683   113027   596927    20543   462773     5693   638303    45263   372167   200483   385403    16493   687083   281669   523673   274709   354743   342569   434297   549767   443249   140423   547487   362099   256757   150239   265709   357437   345263   425297   176333   418337    12923   683513   314603   499523   327839   654743    61703   694313   237233   679463   103079   586979    54323   414053    75167   543887
   544223    75029   414179    54293   587087   103043   679607   237179   694349    61583   654827   327827   499649   314513   683777    12899   418343   176243   425309   345227   357509   265619   138059   168863   264083   435947   445229   435893   561947   434387   342497   354779   274697   523763   281663   687107    16229   385493   200357   372179    45179   638423     5657   462827    20399   596963   112919   645713   285827   624977   155783
   155747   625103   285539   645737   112787   597053    20297   462863     5639   647333    45083   372269   200153   385607    16223   687317   281579   523793   274583   355037   323699   431993   361337   151169   548843   151049   549503   139367   548753   268013   376307   344969   425423   176213   418427    12689   683783   314399   499853   327737   654923    52673   694367   237143   679709   102953   587219    54269   414467    74903   544259
   544919    74897   414629    54167   587417   102797   679823   237053   694487    52553   655043   327707   499943   314267   683789    12647   418667   176159   425489   342239   388259   351179   266933   433079   266687   433373   266333   433847   265547   433049   311747   357767   274517   523847   281339   687359    16217   385739   200063   372299    44963   647453     5519   462953    20183   597209   112589   645839   285377   625109   155087
   155069   625133   285227   646013   112577   597353    20177   463283     5483   647627    44777   372377   200033   385793    16187   687437   281297   523877   274403   364499   335813   344543   355643   344327   355763   344153   356219   343313   356933   358277   355049   335507   425603   176129   418709    12569   683819   314213   499973   327629   655229    52379   694523   236723   679829   102653   587429    53993   414779    74873   544937
   544979    74699   414893    53939   587603   102587   679859   236573   694619    52313   655373   327317   500153   314189   683909    12413   418763   527633   420149   340169   347957   352073   347813   352493   347099   352973   346553   353459   346439   353819   357593   351599   279857   172373   281243   687593    16097   385817   199853   372689    44633   647693     5387   463433    20147   597419   112403   646067   285113   625307   155027
   154943   625319   284897   646157   112337   597473    20123   463457     5087   647747    44357   372797   199673   385877    16073   687683   280817   520433   353747   276593   423503   276449   423617   276293   423749   276137   424007   275987   424037   275837   424223   272567   423299   179573   419189    12323   683933   314129   500333   327209   655649    52259   694919   236549   679883   102533   587669    53849   415109    74687   545063
   545387    74609   415187    53813   587753   102407   680027   236219   694997    52253   655727   327203   500369   314063   683939   358499   401069      239   178643   521393   178559   521519   178469   521567   178403   521657   178187   521879   178103   522113   177839   522383   527789   521309   298937   341507    16067   385943   199637   372803    44279   647753     5009   463787    19979   597599   112253   646193   284819   625397   154619
   154523   625409   284489   646307   112019   597677    19793   463919     5003   647783    44249   373007   199523   386117   686639   336989   351929   297809   402299   297623   402503   297083   403037   296909   403163   296753   403499   296249   417293   282389   417623   282287   417839   281717   402053   363017    13367   313889   500483   326999   655757    52223   695003   236087   680213   102329   587987    53699   415517    74597   545483
   545759    74489   415523    53609   588113   102317   680297   235877   695069    51977   655847   326663   500519   389117     2027   351797    15767   684269    15359   684773    15149   684869    15083   684989    14897   685247    14669   685367    14369   685679    14033   686009    13967   686099    13553   684119   697979   310889   199487   373343    44159   648029     4937   464129    19709   597689   111893   646397   284483   625517   154247
   154073   625643   284447   646859   111833   597803    19553   464213     4919   648107    44123   373349   500693   305783   350963    27689   672557    27239   672827    27143   673019    26849   673193    26783   673247    26693   673613    26387   681167    18749   681293    18587   681563    18329   681719    18233   672227   394223   199313   326657   655883    51899   695087   235793   680453   102203   588173    53147   415559    74363   545933
   545939    74093   415577    53093   588239   102107   680633   235679   695117    51767   656063   316037   185819   351653   318299   382037   317903   382229   317453   382643   317279   382847   317123   382919   316937   383099   316859   383153   316703   383429   316373   383813   316097   384029   315899   384113   315527   381659   514187   383969    43943   648239     4889   464327    19373   597899   111767   646913   284429   625913   154067
   153953   625979   284057   646937   111659   597929    19013   464447     4799   648257   660887   419147   359297   205019   495119   204857   495449   204443   495569   204377   495647   204299   495773   204107   495947   204047   495983   203999   496163   203663   496427   203117   496949   202889   497339   202409   497603   194687   494903   280859    39119    51749   695207   235559   680993   102077   588347    53069   415949    74027   546053
   546263    73973   416147    52973   588383   101999   681047   235523   695327    47279    29243   309359   333539   366683   333023   367277   332699   367559   332393   367733   332183   367889   331907   368117   331553   368729   331217   369023   330887   369353   330587   369647   330347   369959   329873   370217   329393   370619   371939   366383   670763   652727     4679   464483    18959   598007   111623   647033   283859   626033   153743
   153689   626063   283763   647039   111497   598049    18917   464699     4079   626963   353783    51329   648719    51203   649157    50789   649283    50627   649457    50387   649643    50207   649829    50129   649937    49823   650477    49523   650543    49193   650987    48989   651239    48533   651509    48239   651809    47777   652493    46187   648293    73043   695927   235307   681089   101957   588509    52967   416243    73943   546317
   546569    73859   416399    52937   588683   101879   681137   468647   689393   362693    66239   633833    66083   634013    65927   634169    65699   634397    65357   634679    65213   634859    65063   634979    65003   635087    64667   635507    64439   635603    64157   635939    64037   636149    63743   636287    63647   636407    63533   636533    52529   633629    10613   231359    18869   598127   111323   647069   283607   626147   153437
   153407   626159   283463   647117   111269   598379   683687   444677   352133    10139   689873    10103   690119     9629   690419     9539   690509     9473   690629     8969   691199     8669   691343     8597   691433     8543   691583     8369   691709     8243   691787     8087   691997     7907   692249     7673   692399     7583   692459     7253   692927     6869   689693   255329    16319   101627   588737    52889   416543    73847   546599
   546719    73673   416873    52859   588743   100469     9137   130343   243239   456809   242867   457277   242639   457403   242453   457559   242399   457697   242093   458027   241883   458189   241679   458363   241463   458663   241337   458747   241127   458957   241013   459047   240893   459209   240623   459749   240203   460073   239879   460157   239633   460409   461843   456167   690869   599537   111263   647147   283133   626333   153287
   153137   626363   282917   647189   590609   575303   351587    26339   673769    26189   674117    25847   674273    25643   674483    25469   674699    25247   674837    25127   675029    24923   675197    24767   675347    24593   675593    24179   675923    24077   675977    23789   676253    23747   676337    23633   676469    23417   676649    23327   676727    23087   676943    22859   673649   124703   109397    52817   417089    73643   546869
   546893    73613   417173    52517    98939   367019   111053   588977   110819   589409   110567   589529   110129   590123   109517   590537   109433   590627   109253   590867   108917   591113   108869   591509   108347   591743   108179   592133   107867   592289   107699   592649   107279   592763   107033   593183   106619   593519   106433   593633   106103   593987   106013   594023    91583   588779   601067   647489   282833   626393   153113
   153059   626477   417239   634373   353657   120233   580259   119633   580379   119429   580763   119087   581099   118673   581549   118409   581663   118277   581753   118163   582017   117839   582173   117797   582227   117497   582563   117329   582737   117239   582887   117023   583013   116867   583367   116537   583523   116387   583727   116273   583997   115979   584153   115823   584249   114167   579713    65633   282767    73529   546947
   547097   628673   267857   356093    61547   638663    61007   639053    60923   639137    60443   639689    60293   639839    60149   640007    59957   640127    59747   640307    59417   640613    59357   640733    59159   640943    58913   641279    58679   641579    58367   641789    58193   641897    57809   642233    57587   642623    57269   642833    57107   642947    56963   643199    56633   643463    53117   638453   432149    71333   152909
   547583    60737   355967   296117   403979   295517   404693   295187   404969   294659   405497   294479   405659   294317   405827   294149   405947   293603   406499   293459   406649   293147   406883   293099   407489   292427   407639   292283   407783   292037   408137   291833   408263   291569   408497   291443   408713   291287   409007   290963   409337   290657   409379   290489   409817   290183   409967   286763   403877   639269   152423
   136193   352949    83903   616229    83717   616367    83597   616529    83459   616589    83219   616799    83177   616943    83009   617249    82619   617447    82469   617657    82307   617843    81953   618257    81737   618329    81629   618437    81299   618833    81077   619187    80039   620033    79907   620117    79847   620183    79769   620393    79427   620639    79349   620777    79193   621017    78977   621113    78479   616073   563813
   355799   165533   534923   164987   535169   164477   535697   164279   535757   164147   535967   163859   536273   163307   537413   162419   537743   162257   538049   161879   538199   161639   538553   161309   538739   160997   539039   160877   539267   160697   539507   160373   539639   160343   539687   160169   539843   159857   540167   159833   540233   159737   540377   159623   540389   159569   540599   159293   540773   156719   534173
