   160997   539039   160877   539267   160697   539507   160373   539639   160343   539687   160169   539843   159857   540167   159833   540233   159737   540377   159623   540389   159569   540599   159293   540773   159227   540989   158909   541349   158567   541469   158429   541613   158243   541817   157889   542183   157799   542237   157559   542483   157427   542747   157133   542987   157007   543287   156707   543383   156467   544259   347099
   543659    81629   618437    81299   618833    81077   619187    80039   620033    79907   620117    79847   620183    79769   620393    79427   620639    79349   620777    79193   621017    78977   621113    78779   621353    78479   621833    78137   622073    77849   622493    77477   622637    77213   623003    76949   623327    76289   623723    75797   624233    75659   624467    75527   624599    75323   624737    75209   625517   346223   156347
   156119   624839   292283   407783   292037   408137   291833   408263   291569   408497   291443   408713   291287   409007   290963   409337   290657   409379   290489   409817   290183   409967   289889   410243   289727   410687   289103   411167   288773   411479   288389   411779   287939   412073   287873   412157   287813   412457   287387   412949   286973   413243   286589   413537   286427   413807   285953   285377   474707    75167   543887
   544223    75029   414179    58727   641327    58427   641639    58217   641813    58109   642197    57773   642419    57383   642737    57107   642947    56963   643199    56633   643463    56453   643589    56123   643919    55997   644057    55889   644519    55457   644669    55259   644789    55163   644933    54983   645137    54773   645383    54563   645467    54503   645629    54323   645713    54269   647147   346349   285827   624977   155783
   155087   625103   285539   645839   117239   582887   117023   583013   116867   583367   116537   583523   116387   583727   116273   583997   115979   584153   115823   584249   115727   584393   115589   584663   115133   584879   115013   585317   114593   585587   114329   585737   114167   585863   114089   586037   113933   586349   113513   586589   113327   586793   113027   587087   112787   597677   336887    54167   414467    74903   544919
   544937    74897   414779    53993   587417   107867   592289   107699   592727   107243   592973   106823   593387   106487   593573   106373   593903   106019   593993   105983   594107   105557   594569   105389   594899   104933   595157   104759   595277   104693   595547   104393   595709   103997   596027   103913   596117   103643   596423   103217   596927   103043   597053   102797   598379   346259   112589   646013   285227   625109   155069
   155027   625133   285113   646067   112577   597353    23753   676259    23669   676373    23537   676589    23357   676679    23279   676919    23063   676967    23027   677147    22697   677387    22367   677657    22193   677927    21929   678203    21599   678437    21407   678659    21227   678989    20939   679127    20849   679463    20399   679709    20183   679829    20147   682427   345749   102653   587429    53939   414893    74873   544979
   545063    74699   415109    53849   587603   102587   679883   240959   459113   240797   459383   240257   459803   239933   460127   239849   460373   239597   460463   239417   460619   239333   460709   239087   460937   239027   461147   238709   461333   238499   461609   238313   461843   237857   462239   237563   462719   237233   462827   237143   462953   236723   234089   577529    20123   597419   112403   646157   284897   625307   154943
   154619   625319   284819   646193   112337   597473    19979   463433     7907   692249     7673   692399     7583   692459     7253   692927     7043   693089     6869   693149     6827   693317     6653   693437     6473   693677     6323   693689     6263   693809     5987   694079     5813   694223     5693   694349     5639   694487     5483   694619     5087   695369   348209   236573   680027   102533   587669    53813   415187    74687   545387
   545483    74609   415517    53699   587753   102407   680213   236549   694997    63743   636287    63647   636407    63533   636533    63467   636563    63353   636809    63059   637067    62927   637283    62687   637379    62597   637499    62477   637709    62219   637817    61703   638423    61553   638459    61343   638999    60953   639083    60869   639839   347813     5009   463457    19793   597599   112253   646307   284489   625397   154523
   154247   625409   284483   646397   112019   597689    19709   463787     5003   639269    48197   652229    47513   652499    47339   652727    47093   653117    46853   653357    46643   653507    46187   653903    45959   654053    45497   654593    45377   654743    45179   654923    44963   655229    44633   655649    44279   655757    44159   656063   347873    60737   695003   236219   680297   102317   587987    53609   415523    74597   545759
   545933    74363   415559    53147   588113   102203   680453   236087   695069    60443   655883   329387   370673   329123   371087   328829   371339   328619   371417   328379   371633   328343   371897   328067   371999   327983   372137   327839   372179   327737   372299   327629   372689   327209   372803   326999   373343   326657   373859   347933    44123   639563     4937   463919    19553   597803   111893   646859   284447   625643   154073
   154067   625913   284429   646889   111833   597899    19373   464129     4919   639689    43853   373943   202277   497957   201953   498209   201449   498647   201203   499139   200723   499349   200609   499493   200483   499649   200153   499943   200033   500153   199673   500369   199523   500519   199403   500693   199049   501077   348353   326063   656153    60317   695087   235877   680633   102107   588173    53117   415577    74093   545939
   546053    74027   415949    53093   588239   102077   680993   235793   695117    60293   656429   325943   501029   315527   384599   315269   384827   314927   385127   314813   385199   314627   385403   314513   385607   314267   385793   314189   385877   314063   386117   313853   386279   313637   386489   312989   309797   426287   198977   374063    43577   639713     4889   464213    19013   597929   111767   646913   284057   625979   153953
   153743   626033   283859   646937   111659   598007    18959   464327     4799   639857    43487   374117   198833   387077    25127   675029    24923   675197    24767   675347    24593   675593    24179   675923    24077   675977    23789   683933    16067   684239    15737   684647    15233   684857    15137   684989   340709   312929   501173   325889   656519    60149   695207   235679   681047   101999   588347    53069   416147    73973   546263
   546317    73943   416243    52973   588383   101957   681089   235559   695327    59957   656603   325883   501287   312779   684923    13109   686963    13037   687023    12923   687107    12689   687359    12569   687593    12323   687737    12239   687779    12197   688067    11933   688097    11867   689033   348419    15083   387227   198719   374123    43403   640049     4679   464447    18917   598049   111623   647033   283763   626063   153689
   153437   626147   283607   647039   111497   598127    18869   464483     4229   640127    43397   374333   198689   387263    14897   688217   294149   405947   293603   406499   293459   406649   293147   406883   293099   407489   292427   407639   280817   419303   280589   419423   280547   425489   342899    11789   685109   312743   501317   325673   656609    59879   695777   235523   681137   101879   588509    52967   416399    73859   546569
   546599    73847   416543    52937   588683   101363   681167   235307   695867    59747   656687   325607   501383   312737   685247    11783   419597   176213   523847   176129   524057   175919   524507   175067   525017   174749   525353   174413   525599   174329   525809   174137   526829   348077   280409   688223    14759   387269   198623   374399    43319   640259     4139   464699    18839   598643   111323   647069   283463   626159   153407
   153287   626333   283133   647117   111269   598727    18749   464963     4133   640307    43223   374687   198503   387329    14669   688637   280253   526037   274457   425603   274223   425819   274103   425987   273929   426233   273653   426389   273233   426893   272933   427247   349343   173969   419753    11369   685337   312677   501503   325319   656783    59699   695873   235043   681257   101279   588737    52889   416873    73673   546719
   546869    73643   417089    52817   588743   101207   681293   235013   695879    59417   656939   325217   501593   312383   685367    11273   419777   173933   427079   343313   356933   343037   357347   342653   357359   342497   357593   342347   357767   342197   338543   368453   272927   526073   280229   688733    14639   387623   198413   374789    43067   640589     4127   464993    18713   598799   111263   647189   282917   626363   153137
   153113   626393   282833   647333   111227   599069    18587   464999     4079   640613    43013   374819   198347   387917    14369   688763   279977   526139   272903   358079   340937   359129   340859   359357   340169   360167   339749   360593   339257   364127   345689   341927   427103   173867   420029    11243   685637   312089   501659   325187   656993    59393   695927   235007   681419   100937   588779    52673   417173    73613   546893
   546947    73529   417239    52553   588953   100853   681563   234917   695999    59357   657017   325019   501827   312029   685679    11117   420149   173807   427403   341777   360869   264359   435653   264167   435893   264083   435947   263909   263849   522167   339137   358229   272603   526199   279857   688889    14327   387977   198179   374987    42989   640649     4007   465089    18443   599153   111053   647453   282767   626477   153059
   152909   626489   282713   647477   111029   599273    18329   465173     3929   640733    42773   375029   197963   388109    14033   688979   279689   526223   272567   358277   338669   436283   148157   551927   148073   552029   147827   607349   294659   263723   361337   341729   427439   173783   420317    11027   685973   311897   502043   324977   657233    59273   696077   234833   681677   100733   588977    52529   417293    73517   547097
   547223    73379   417617    52517   589187   100703   681719   234713   696083    59159   657269   324893   502079   311747   686009    10739   420593   173699   427457   341507   361433   263567   552263   260873   439157   260807   229139   560039   147743   436439   338573   358499   272549   526307   279413   689267    13997   388259   197927   375113    42737   640847     3923   465293    18287   599303   110819   647489   282389   626627   152783
   152777   626963   282383   647627   110597   599513    18233   465407     3767   640943    42683   375233   197759   388319    13967   689393   279407   526649   272477   358667   338369   436607   147689   439253   334379   195527   520103   260753   552317   263399   361637   341339   427529   173357   420599    10613   686039   311687   502247   324773   657323    59063   696239   234599   681773   100493   589409    52379   417623    73043   547229
   547487    73019   417719    52313   589439   100469   682049   234587   696413    58913   657473   324647   502409   311603   686099    10313   420677   173297   427913   341303   361727   263267   552659   250199   535727   350003   164279   449807   147347   436739   338279   358703   272093   526709   279329   689693    13907   388403   197597   375359    42533   641093     3593   465419    17957   599537   110567   647693   282287   626987   152519
   152429   627083   282167   647747   110477   599603    17747   465809     3389   649829    42509   375413   197507   388727    13829   689867   279269   526733   272039   358733   338237   437153   553073   659723   179903   504479   365627    40283   146933   262853   361769   341273   427967   173273   420737    10139   686177   311279   502499   324593   657497    50177   696617   234197   682259   100403   589529    52259   417839    72923   547577
   547583    72623   417863    52253   589877   100343   682277   234029   696659    50129   657539   324557   502553   311183   686453    10133   420803   173267   427997   341027   361793   262649    90833   139967   260849   439199   470867   439133   609173   437357   338213   358979   272009   526739   279203   689873    13553   388823   197453   375449    42467   649877     3347   465977    17729   599663   110129   647753   282143   627383   152423
   152363   627953   282059   647783   109883   599693    17669   466247     3119   650183    42299   375509   197159   389057    13487   689903   279029   527123   272003   359027   383633   608303   405347   148079   551933   147977   552179    92657   551849    91703   316373   340979   428003   172883   420977    10103   686519   310949   502847   324497   657707    49823   696887   233759   682337   100313   590123    52223   417947    72053   547643
   547709    71993   417953    51977   590489    99839   682673   233489   697049    49529   657779   324473   502883   310889   686639     9887   421103   172877   428039   361013   310049   177839   264353   435839   264113   435923   264059   436097   436157   435647   389957   338993   271967   527129   278903   690119    13367   389117   197123   375533    42227   650477     2957   466517    17333   600167   109517   648029   282053   628013   152297
   152219   628097   281933   648107   109469   600239    17327   466649     2927   650483    42197   375569   197033   389273    13337   690377   278843   527333   432149   355763   354317   340877   359147   340649   359837   339839   360257   339413   360749   335879   359069   344243   267857   172673   421163     9629   686669   310733   502973   324437   657809    49523   697079   233357   682679    99767   590537    51899   418073    71909   547787
   547817    71879   418079    51767   590573    99713   683303   232823   697127    49463   657827   324299   503003   310559   686789     9587   421397   528623   264899   331553   343073   356969   342659   357353   342647   357509   342413   357659   342239   357809   361463   356693   435107   171383   278609   690419    13217   389447   197003   375707    42179   650543     2879   467183    16703   600293   109433   648239   281927   628127   152189
   152183   628139   281849   648257   109397   600317    16649   467297     2789   650813    42023   376049   196799   389567    13163   690467   273269   166169   350663   274403   425783   274187   425903   274019   426077   273773   426353   273617   426773   273113   427073   272759   425549   533837   426737     9539   686843   310439   503207   323957   657983    49193   697217   232709   683357    99689   590609    51749   418157    71867   547823
   548003    71789   418169    51713   590627    99347   683453   232607   697373    49019   658079   323879   503267   310283   686879   349793   404969   351929   176159   523877   175949   524087   175499   524939   174989   525257   174653   525593   174407   525677   174197   525869   173177   523793   295037   350213    13127   389723   196739   376127    41927   650987     2633   467399    16553   600659   109379   648293   281837   628217   152003
   151967   628373   281807   648677   109253   600689    16529   467507     2609   651017    41879   376307   196709   389783    12113   346139   357107   294059   406403   293507   406547   293357   406859   293123   406907   292517   407579   292367   419189   280703   419417   280583   419459   274517   405857   353867   687893   310223   503297   323699   658127    48989   697397   232499   683477    99317   590753    51329   418199    71633   548039
   548069    71333   418259    51287   590867    99173   683513   232457   697457    48767   658247   323537   503423   391757   667697   351587    13043   686969    12983   687083    12899   687317    12647   687437    12413   687683    12269   687767    12227   687809    11939   688073    11909   688139    10973   686897    32309   308249   196583   376469    41759   651239     2549   467549    16493   600833   109139   648719   281747   628673   151937
   151883   628679   281717   648803   108917   600857    16319   467699     2423   651473    41729   376757   504677   380459   359297    24977   675083    24809   675239    24659   675413    24413   675827    24083   675929    24029   676217    16073   683939    15767   684269    15359   684773    15149   684869    15017   674879   319547   195329   323249   658277    48533   697583   232307   683687    99149   591089    51203   418289    71327   548123
   548189    71249   418337    50849   591113    99023   683777   232109   697673    48497   658319   377129   189437   273719   315407   384737   315179   385079   314879   385193   314807   385379   314603   385493   314399   385739   314213   385817   314129   385943   313889   386153   313727   386369   313517   387017   390209   384479   510569   322877    41687   651509     2333   467897    16229   600983   108893   649157   281669   628757   151817
   151643   628877   281663   649217   108869   601043    16223   467903     2273   651767   661769   315779   351653   202049   498053   201797   498557   201359   498803   200867   499283   200657   499397   200513   499523   200357   499853   200063   499973   199853   500333   199637   500483   199487   500603   199313   500957   198929   497729   384227    38237    48239   697733   232103   683783    98963   591137    50789   418343    71129   548363
   548399    71069   418427    50723   591509    98939   683789   232079   697877   653777    30839   352073   329333   370883   328919   371177   328667   371387   328589   371627   328373   371663   328109   371939   328007   372023   327869   372167   327827   372269   327707   372377   327317   372797   327203   373007   326663   373349   326147   370619   669167    46229     2129   467927    16217   601067   108497   649283   281579   628937   151607
   151553   629009   281339   649379   108347   601079    16187   468059   351479    30593   352133    47777   652493    47507   652667    47279   652913    46889   653153    46649   653363    46499   653819    46103   654047    45953   654509    45413   654629    45263   654827    45083   655043    44777   655373    44357   655727    44249   655847    43943   651809   669413   348527   231947   683819    98927   591659    50627   418667    70997   548453
   548489    70667   418709    50549   591743    98627   683909   468527   342569   352193    63719   636359    63599   636473    63473   636539    63443   636653    63197   636947    62939   637079    62723   637319    62627   637409    62507   637529    62297   637787    62189   638303    61583   638453    61547   638663    61007   639053    60923   639137    60167   636263   357437   231479    16097   601379   108263   649457   281297   629339   151517
   151253   629417   281243   649619   108179   601487    15887   452159   351797     7757   692333     7607   692423     7547   692753     7079   692963     6917   693137     6857   693179     6689   693353     6569   693533     6329   693683     6317   693743     6197   694019     5927   694193     5783   694313     5657   694367     5519   694523     5387   694919     4637   692099   247847   684119    98519   591827    50387   418763    70589   548753
   548837    70439   418799    50363   592133   602033   673667   122477   240893   459209   240623   459749   240203   460073   239879   460157   239633   460409   239543   460589   239387   460673   239297   460919   239069   460979   238859   461297   238673   461507   238397   461693   238163   462149   237767   462443   237287   462773   237179   462863   237053   463283   465917   459047    26339    97973   107873   649643   281207   629567   151169
   151163   629807   281117   649799   592649    87509   354257    23747   676337    23633   676469    23417   676649    23327   676727    23087   676943    23039   676979    22859   677309    22619   677639    22349   677813    22079   678077    21803   678407    21569   678599    21347   678779    21017   679067    20879   679157    20543   679607    20297   679823    20177   679859    17579   676253   612497   107357    50207   418889    70199   548843
   548957    70163   419057    50069    86843   353747   107717   592307   107279   592763   107033   593183   106619   593519   106433   593633   106103   593987   106013   594023   105899   594449   105437   594617   105107   595073   104849   595247   104729   595313   104459   595613   104297   596009   103979   596093   103889   596363   103583   596789   103079   596963   102953   597209   101627   592139   613163   649937   280949   629843   151049
   150503   629927   419147   640007   363119   117119   582983   116993   583139   116639   583469   116483   583619   116279   583733   116009   584027   115853   584183   115757   584279   115613   584417   115343   584873   115127   584993   114689   585413   114419   585677   114269   585839   114143   585917   113969   586073   113657   586493   113417   586679   113213   586979   112919   587219   102329   582767    59999   280859    70079   549503
   549509   629939   396413   353657    58679   641579    58367   641789    58193   641897    57809   642233    57587   642623    57269   642899    57059   643043    56807   643373    56543   643553    56417   643883    56087   644009    55949   644117    55487   644549    55337   644747    55217   644843    55073   645023    54869   645233    54623   645443    54539   645503    54377   645683    54293   645737    52859   641279   303593    70067   150497
   550757    57173   225299   292223   407969   291869   408173   291743   408437   291509   408563   291293   408719   290999   409043   290669   409349   290627   409517   290189   409823   290039   410117   289763   410279   289319   410903   288839   411233   288527   411617   288227   412067   287933   412133   287849   412193   287549   412619   287057   413033   286763   413417   286469   413579   286199   414053   414629   407723   642833   149249
   139547   353783    81569   618707    81173   618929    80819   619967    79973   620099    79889   620159    79823   620237    79613   620579    79367   620657    79229   620813    78989   621029    78893   621227    78653   621527    78173   621869    77933   622157    77513   622529    77369   622793    77003   623057    76679   623717    76283   624209    75773   624347    75539   624479    75407   624683    75269   624797    74489   618377   560459
   352907   160967   539129   160739   539309   160499   539633   160367   539663   160319   539837   160163   540149   159839   540173   159773   540269   159629   540383   159617   540437   159407   540713   159233   540779   159017   541097   158657   541439   158537   541577   158393   541763   158189   542117   157823   542207   157769   542447   157523   542579   157259   542873   157019   542999   156719   543299   156623   543539   155747   539009
