   176369   523673   176243   523793   176159   523877   175949   524087   175499   524939   174989   525257   174653   525593   174407   525677   174197   525869   173969   526073   173867   526199   173783   526307   173357   526709   173273   526739   173177   527123   172877   527333   172607   527453   172517   527633   172307   527789   172097   528137   171707   528623   171299   528929   170957   529229   170369   530063   169919   547583   328919
   530093    93047   607049    92849   607253    92699   607337    92657   607517    92387   607769    91733   608303    91583   608429    91397   608633    91163   608987    90863   609173    90647   609407    90473   609599    90263   609779    90203   609809    90017   610157    89819   610409    89567   610619    89303   610733    89189   610919    88937   611189    88799   611213    88547   611483    88463   611837    88079   613637   346223   169913
   169823   611969   306533   393587   306377   393677   306209   393857   306029   394007   305933   394157   305783   394367   305597   394523   305477   394637   305363   394739   305219   395027   304937   395159   304763   395453   304349   396203   303767   396293   303683   396413   303497   396533   303377   396713   303287   396887   303053   397037   302747   397283   302579   397433   302513   397547   302417   398063   347057    88037   530183
   530237    88007   398129    70067   629987    69899   630197    69653   630467    69317   630803    69143   631013    68819   631229    68699   631409    68477   631559    68147   632123    67853   632273    67709   632327    67559   632459    67523   632699    67289   633197    66797   633257    66629   633473    66509   633623    66377   633767    66173   633923    65993   634079    65837   634307    65633   635603   346259   301877   611999   169769
   169709   612137   301793   634397   129593   570419   129539   570497   129497   570587   129347   570719   129263   570887   128987   571037   128873   571679   128159   571853   128033   572027   127913   572303   127649   572399   127583   572519   127373   572843   127139   572903   127079   572969   126827   573263   126359   573863   126107   574109   125717   574367   125387   574667   125303   578453   344039    65609   398213    87869   530297
   530339    87833   398303    65357   574799   120503   579533   120299   579713   120233   580259   119633   580379   119429   580763   119087   581099   118673   581549   118409   581663   118277   581753   118163   582017   117839   582173   117797   582227   117497   582563   117329   582737   117239   582887   117023   583013   116867   583367   116537   583523   116387   583727   116273   589187   342497   125207   634649   301703   612173   169667
   169493   612263   301649   634679   125093   583997    35897   664253    35603   664583    35393   664667    35327   664739    35159   665123    34739   665303    34499   665549    34403   665723    34259   665789    33863   666233    33569   666527    33359   666857    33023   667013    32987   667427    32429   667643    32309   667769    32189   667949    31973   668159    31397   669887   346547   116009   574913    65327   398357    87743   530513
   530549    87629   398423    65213   575027   115979   668687   255467   444623   255329   444767   255173   444869   255077   444953   254987   445229   254699   445799   254039   446003   253919   446273   253607   446657   253247   447107   252887   447137   252827   447683   251939   448367   251609   448829   251099   449003   250889   449153   250703   449333   250643   249923   546263    31319   584027   124979   634793   301583   612377   169457
   169409   612383   301463   634859   124919   584153    31307   449663    18749   681293    18587   681563    18329   681719    18233   682049    17747   682277    17669   682427    17333   682679    16703   683357    16553   683477    16319   683777    16223   683789    16187   683909    16073   683939    15887   684239    15737   684647    15233   684857    15137   684989   348419   250343   668699   115853   575087    65147   398543    87623   530597
   530693    87509   398759    65063   575153   115823   668747   250307   684923    75269   624797    75167   624977    74903   625109    74873   625307    74687   625397    74597   625517    74363   625913    74027   626033    73943   626147    73847   626333    73643   626393    73529   626489    73379   626963    73019   627083    72623   627953    71993   638999   336827    15083   449699    31259   584183   124853   634943   301247   612497   169313
   169199   612713   301073   634979   124793   584249    31193   449807    14897   628097    59747   640307    59417   640613    59357   640733    59159   640943    58913   641279    58679   641579    58367   641789    58193   641897    57809   642233    57587   642623    57269   642833    57107   642947    56963   643199    56633   643463    56453   647033   344969    71909   685109   250199   668813   115757   575213    65027   398933    87293   530807
   531143    87083   399137    65003   575303   115727   668867   250043   685247    71879   643589   344243   355799   344153   356093   343787   356693   343073   356969   342899   357347   342653   357359   342569   357593   342347   357767   342197   358079   341777   358277   341507   358667   341303   358733   341027   359027   340937   361463   345749    56417   628127    14759   449963    31139   584279   124703   635003   300869   612923   168863
   168803   613013   300857   635087   124577   584393    30983   450209    14669   628139    56123   359129   213329   486797   213173   486977   212999   487133   212579   487637   212297   487889   211997   488057   211493   488573   211403   488633   211319   488723   211247   488909   210827   489197   210599   489449   210527   491219   347099   340877   643883    71867   685337   249797   669023   115613   575429    64919   399149    86993   531203
   531263    86843   399197    64667   575513   115589   669029   249779   685367    71789   643919   340859   489539   328589   371627   328373   371663   328109   371939   328007   372023   327869   372167   327827   372269   327707   372377   327317   372797   327203   373007   326663   373349   326147   373943   325943   374117   349043   210467   359147    56087   628217    14639   450227    30977   584417   124493   635339   300809   613163   168743
   168719   613169   300779   635507   124433   584663    30893   450257    14369   628673    55997   359297   210347   374123    37493   662693    37217   662867    37049   663149    36767   663407    36467   663653    36293   663737    36209   663869    35963   672767    27179   672863    26987   673157    26783   676217   337283   325883   489659   340709   644009    71333   685637   249749   669113   115343   575573    64499   399227    86837   531287
   531863    86753   399263    64439   575579   115133   669167   249593   685679    71327   644057   340649   489689   325673   673247    24809   675239    24659   675413    24413   675827    24083   675977    23753   676259    23669   676373    23537   676589    23357   676679    23279   676919    23063   677639   348527    26759   374333   210317   359357    55949   628679    14327   450413    30839   584873   124427   635567   300743   613253   168143
   168029   613427   300317   635849   124337   584879    30677   450473    14033   628757    55889   359837   210263   374399    26693   676967   308117   392087   307583   392477   307337   392723   307169   392927   306947   393257   306707   404693   295037   405347   294509   405527   294347   409337   333929    23039   673313   325607   489743   340169   644117    71249   685973   249533   669329   115127   575669    64157   399689    86579   531977
   531983    86399   399887    64067   575867   115013   669413   249503   686009    71129   644519   339839   489833   325319   673613    23027   405689   188519   511523   188303   511757   188147   512537   187463   512573   187409   512657   187163   513047   186947   513137   186653   183059   679157   294317   676979    26393   374687   210173   360167    55487   628877    13997   450503    30593   584993   124139   635939   300119   613607   168023
   167729   613763   300023   635969   123887   585317    30347   450557    13967   628937    55457   360257   209987   374789    26357   677147   294179   513419   286763   413417   286469   413579   286199   414053   285827   414467   285377   414779   285113   415109   284819   282917   481157   186587   405827    22859   673649   325217   490019   339749   644549    71069   686039   249449   669659   114689   576119    64037   399983    86243   532277
   532373    86117   399989    63857   576203   114593   669869   249419   686099    70997   644669   339413   490169   325187   673667    22697   405857   186239   415517     5639   694487     5483   694619     5087   694997     5003   695069     4919   695117     4799   696413   348407   284489   513767   294149   677309    26339   374819   209837   360593    55337   629009    13907   450587    30137   585413   123803   636149   300017   613889   167633
   167627   614153   299807   636263   123719   585587    30059   450677    13829   629339    55259   360749   209639   374987    26237   677387   294059   513899   284447   695327     3923   696239     3389   696659     3119   697049     2927   697127     2789   355049   691763     4679   415559   186107   405947    22619   673769   325019   490367   339257   644747    70667   686177   249329   669947   114419   576287    63743   400199    85853   532379
   532523    85829   400307    63719   576299   114329   670139   249287   686453    70589   644789   339137   490463   324977   673817    22349   406403   185993   415577     4637   697373   275987   424037   275837   424223   275573   424547   275447   425549   348827     2633   695369   284429   514013   293603   677657    26189   375029   209543   360869    55217   629417    13553   450719    29867   585677   123707   636287   299699   614177   167483
   167267   614387   299447   636359   123323   585737    29789   450899    13487   629567    55163   361013   209147   375113    25889   677813   293507   514049   284057   695777     2609   424667   160373   539639   160343   539687   160169   539843   349967   275339   697397     4229   415949   185957   406499    22193   674117   324893   490859   338993   644843    70439   686519   249107   670217   114269   576683    63647   400559    85619   532739
   532757    85523   400643    63599   577043   114167   670343   249089   686639    70199   644933   338669   490967   324773   674159    22079   406547   185903   416147     4139   697457   275039   540149   273233   426893   272933   272759   504197   159857   424967     2549   695867   283859   514103   293459   677927    25847   375233   209039   361337    55073   629807    13367   450917    29663   585839   122963   636407   299363   614483   167249
   167099   614693   299147   636473   122939   585863    29429   451097    13337   629843    54983   361433   208877   375359    25733   678077   293357   514187   283763   695873     2423   425003   159839   427079   349919   281747   418343   272927   540167   275003   697583     4133   416243   185819   406649    21929   674273   324647   491129   338573   645023    70163   686669   248909   670577   114143   577067    63533   400859    85313   532907
   532919    85247   400943    63473   577397   114089   670583   248903   686789    70079   645137   338369   491333   324593   674363    21803   406859   185693   416399     4127   697673   274817   540173   431807   418427   350003   281579   268199   159833   425189     2333   695879   283607   514313   293147   678203    25643   375413   208673   361637    54869   629927    13217   451103    29423   585917   122609   636533   299063   614759   167087
   166973   615137   298937   636539   122579   586037    29387   451397    13163   638663    54773   361727   208667   375449    25523   678407   293123   514523   283463   695927     2273   425297   545759   422087   281663   418259   350087   277919   154247   274709   697733     4079   416543   185483   406883    21599   674483   324557   491339   338279   645233    61343   686843   248609   670619   113969   577427    63467   401069    84869   533033
   533303    84737   401417    63443   577517   113933   670673   248483   686879    60953   645383   338237   491417   324497   674537    21569   406907   185477   416873     4007   697877   425489   153689   195809   273113   427073   427247   426773   546317   274517     2129   695999   283133   514529   293099   678437    25469   375509   208589   361769    54623   639053    13127   451523    29333   586073   122489   636563   298589   615269   166703
   166679   615473   298049   636653   122477   586349    29243   452009    13109   639083    54563   361793   208577   375533    25307   678599   292517   514637   282833   696077   349553   272549   350039   160367   539663   160319   539837   160163   539633   427457   350453     3929   417173   185369   407489    21407   674699   324473   491429   338213   645443    60923   686897   247997   670763   113657   577529    63353   401957    84533   533327
   533363    84509   401993    63197   577613   113513   670853   247847   686963    60869   645467   338207   491537   324437   674759    21347   407579   185363   417239   376757   690629   351179   275969   424169   275783   424433   275459   424559   274457   424019     9377   323249   282767   514643   292427   678659    25247   375569   208469   361799    54539   639137    13043   452159    29153   586493   122393   636809   298013   615497   166643
   166457   615539   297953   636947   122267   586589    29129   452393    13037   639269    54503   361973   208379   375707    25169   678779   292367   514739   417839   320153     8243     3767   696617     3347   696887     2957   697079     2879   697217   344957   696083   379853   282167   185267   407639    21227   674837   324299   491627   338033   645503    60737   686969   247613   670877   113417   577739    63059   402053    84467   533549
   533747    84449   402197    62939   577799   113327   671189   247553   687023    60443   645629   338027   491639   323957   674879    21017   407723   515993   410279   351599     5519   694523     5387   694919     5009   695003     4937   695087     4889   695207     3593   694367   289727   184013   292283   678989    25127   376049   208367   361979    54377   639563    12983   452453    28817   586679   122207   637067   297809   615557   166259
   166169   615599   297707   637079   122069   586793    28703   452597    12923   639689    54323   362099   208337   376127    24977   679067   408173   510569   218849   286589   413537   286427   413807   285953   414179   285539   414629   285227   414893   284897   415187   417089   413243   189437   291833    20939   675029   323879   491669   337907   645683    60317   687083   247409   671303   113213   577937    62927   402299    84407   533837
   533963    84389   402383    62723   577979   113027   671357   247193   687107    60293   645713   337859   491783   323699   675083   688097   261017    20849   188483   511703   188249   511859   187469   512543   187433   512597   187349   512843   186959   513059   186869   513353   516947   511487   438989    11909    24923   376307   208223   362147    54293   639713    12899   452813    28649   586979   122027   637283   297623   615617   166043
   166013   615743   297503   637319   121889   587087    28403   453107    12689   639839    54269   362213   208217   376469    24077     7547   366077   307919   392423   307529   392669   307283   392837   307079   393059   306749   393299   295313   404969   294659   405497   294479   405659   290669   391889   692459   675929   323537   491789   337793   645737    60167   687317   246899   671603   112919   578117    62687   402503    84263   533993
   534059    84239   402923    62627   578309   112787   671717   246809   687359    60149   645839   337697   491867   378779   651767   351479    24767   675347    24593   675593    24179   675923    24029   676253    23747   676337    23633   676469    23417   676649    23327   676727    23087   676943    22367   675197    48239   321227   208139   362309    54167   639857    12647   453197    28289   587219   121697   637379   297083   615767   165947
   165833   615827   296969   637409   121607   587417    28277   453293    12569   640007    53993   362657   491969   316577   362723    37313   662789    37139   662957    36857   663239    36599   663539    36353   663713    36269   663797    36137   664043    27239   672827    27143   673019    26849   673223    23789   662513   383429   208037   337349   646013    59999   687437   246713   671729   112589   578399    62597   403037    84179   534173
   534473    84137   403097    62507   578483   112577   671777   246689   687593    59957   646067   335669   201203   350963   328379   371633   328343   371897   328067   371999   327983   372137   327839   372179   327737   372299   327629   372689   327209   372803   326999   373343   326657   373859   326063   374063   325889   371417   498803   364337    53939   640049    12413   453317    28229   587429   121523   637499   296909   615869   165533
   165083   616073   296843   637529   121469   587603    27947   453797    12323   640127   648107   354779   352907   213209   486833   213029   487007   212873   487427   212369   487709   212117   488009   211949   488513   211433   488603   211373   488687   211283   488759   211097   489179   210809   489407   210557   489479   208787   486677   345227    51899    59879   687683   246209   672059   112403   578537    62477   403163    83933   534923
   535019    83903   403253    62297   578603   112337   672227   246173   687737   646157    42197   354257   344207   355853   343913   356219   343313   356933   343037   357107   342659   357353   342647   357437   342413   357659   342239   357809   341927   358229   341729   358499   341339   358703   341273   358979   340979   359069   338543   355763   657809    53849    12269   453833    27779   587669   121403   637709   296753   616103   164987
   164837   616229   296507   637787   121313   587753    27689   454109   687809    26813   355037    59699   640589    59393   640649    59273   640847    59063   641093    58727   641327    58427   641639    58217   641813    58109   642197    57773   642419    57383   642737    57173   642899    57059   643043    56807   643373    56543   643553    52973   640259   673193    12197   245897   672317   112253   578693    62219   403499    83777   535169
   535529    83717   403757    62189   578777   112019   672557   455603     5693   363179    75209   624839    75029   625103    74897   625133    74699   625319    74609   625409    74489   625643    74093   625979    73973   626063    73859   626159    73673   626363    73613   626477    73517   626627    73043   626987    72923   627383    72053   628013    61007   624737   694313   244403    27449   587987   121229   637817   296249   616289   164477
   164309   616367   296129   638303   121007   588113   673619   432287   351587    18713   681419    18443   681677    18287   681773    17957   682259    17729   682337    17579   682673    17327   683303    16649   683453    16529   683687    16229   683783    16217   683819    16097   683933    16067   684119    15767   684269    15359   684773    15149   684869    15017   681257   267719    26387   111893   578999    61703   403877    83639   535697
   535727    83597   403889    61583   579107   591137    16493   153743   255383   444677   255239   444833   255137   444929   255053   445019   254777   445307   254207   445967   254003   446087   253733   446399   253349   446759   252899   447119   252869   447179   252323   448067   251639   448397   251177   448907   251003   449117   250853   449303   250673   449363   450083   444539   683513   108869   120899   638423   296117   616409   164279
   164249   616529   296027   638453   579239    94433   353459    35753   664403    35423   664613    35339   664679    35267   664847    34883   665267    34703   665507    34457   665603    34283   665747    34217   666143    33773   666437    33479   666647    33149   666983    32993   667019    32579   667577    32363   667697    32237   667817    32057   668033    31847   668609    30119   664109   605573   120767    61553   403979    83477   535757
   535859    83459   404489    61547   108263   357509   120473   579707   120293   579773   119747   580373   119627   580577   119243   580919   118907   581333   118457   581597   118343   581729   118253   581843   117989   582167   117833   582209   117779   582509   117443   582677   117269   582767   117119   582983   116993   583139   116639   583469   116483   583619   116279   583733   110819   579503   591743   638459   295517   616547   164147
   164039   616589   404819   628373   355967   129587   570467   129509   570509   129419   570659   129287   570743   129119   571019   128969   571133   128327   571847   128153   571973   127979   572093   127703   572357   127607   572423   127487   572633   127163   572867   127103   572927   127037   573179   126743   573647   126143   573899   125897   574289   125639   574619   125339   574703   121553   570413    71633   295187    83417   535967
   536147    82757   284483   353747    70019   630107    69809   630353    69539   630689    69203   630863    68993   631187    68777   631307    68597   631529    68447   631859    67883   632153    67733   632297    67679   632447    67547   632483    67307   632717    66809   633209    66749   633377    66533   633497    66383   633629    66239   633833    66083   634013    65927   634169    65699   634373    64403   629939   415523   617249   163859
   536273   605477   352949   306419   393629   306329   393797   306149   393977   305999   394073   305849   394223   305639   394409   305483   394529   305369   394643   305267   394787   304979   395069   304847   395243   304553   395657   303803   396239   303713   396323   303593   396509   303473   396629   303293   396719   303119   396953   302969   397259   302723   397427   302573   397493   302459   397589   301943   393473    94529   163733
   132953   353783    92957   607157    92753   607307    92669   607349    92489   607619    92237   608273    91703   608423    91577   608609    91373   608843    91019   609143    90833   609359    90599   609533    90407   609743    90227   609803    90197   609989    89849   610187    89597   610439    89387   610703    89273   610817    89087   611069    88817   611207    88793   611459    88523   611543    88169   611927    86369   606959   567053
   371087   176333   523763   176213   523847   176129   524057   175919   524507   175067   525017   174749   525353   174413   525599   174329   525809   174137   526037   173933   526139   173807   526223   173699   526649   173297   526733   173267   526829   172883   527129   172673   527399   172553   527489   172373   527699   172217   527909   171869   528299   171383   528707   171077   529049   170777   529637   169943   530087   152423   523637
