   179327   520763   178853   521309   178643   521393   178559   521519   178469   521567   178403   521657   178187   521879   178103   522113   177839   522383   177383   522659   177269   522749   177167   523307   176573   523637   176333   523763   176213   523847   176129   524057   175919   524507   175067   525017   174749   525353   174413   525599   174329   525809   174137   526037   173933   526139   173807   526223   173699   528137   345227
   526649    96059   603989    95783   604259    95393   604727    95273   604787    95177   604997    94889   605393    94529   605543    94433   605609    94169   606083    93893   606323    93563   606449    93503   606527    93419   606743    93047   607049    92849   607253    92699   607337    92657   607517    92387   607769    91733   608303    91583   608429    91397   608633    91163   608987    90863   609173    90647   621527   335633   173357
   173297   609407   309797   390407   309503   390527   309359   390737   309137   391067   308933   391283   308639   391487   308327   391757   308117   392087   307583   392477   307337   392723   307169   392927   306947   393257   306707   393473   306419   393629   306329   393797   306149   393977   305999   394073   305849   394223   305639   394409   305483   394529   305369   394643   305267   394787   304979   301649   441179    90599   526709
   526733    90473   395069    73529   626489    73379   626963    73019   627083    72623   627953    71993   628097    71879   628139    71789   628373    71333   628679    71249   628877    71069   629009    70667   629417    70439   629807    70163   629927    70067   629987    69899   630197    69653   630467    69317   630803    69143   631013    68819   631229    68699   631409    68477   631559    68147   632273   347033   304937   609533   173273
   173267   609599   304847   632123   133439   566723   132953   567059   132863   567257   132623   567569   132347   567719   132059   568097   131639   568643   131297   568877   130817   569237   130589   569663   130259   569927   129959   570113   129593   570419   129539   570497   129497   570587   129347   570719   129263   570887   128987   571037   128873   571679   128159   571853   128033   576119   343313    67883   395159    90407   526739
   526829    90263   395243    67853   572027   123707   576683   122963   577067   122609   577427   122477   577613   122267   577799   122069   577979   121889   578309   121607   578453   121523   578537   121403   578693   121229   578999   120899   579239   120503   579533   120299   579713   120233   580259   119633   580379   119429   580763   119087   581099   118673   581549   118409   582983   346139   127979   632153   304763   609743   173177
   172883   609779   304553   632297   127913   581663    38567   661547    38453   661613    38333   661679    38237   661823    37649   662477    37493   662693    37217   662867    37049   663149    36767   663407    36467   663653    36293   663737    36209   663869    35963   664109    35753   664403    35423   664613    35339   664679    35267   664847    34883   665267    34703   665747   347873   118343   572093    67709   395453    90227   527123
   527129    90203   395657    67679   572303   118277   665507   258437   441887   257987   442139   257687   442367   257519   442517   257273   442817   257177   443039   256889   443129   256757   443363   256517   443837   256133   443987   255977   444089   255839   444293   255659   444539   255383   444677   255239   444833   255137   444929   255053   445019   254777   446657   346553    34499   581729   127703   632327   304349   609803   172877
   172673   609809   303803   632447   127649   581753    34457   445307    21407   678659    21227   678989    20939   679127    20849   679463    20399   679709    20183   679829    20147   679883    19979   680213    19709   680453    19373   680993    18959   681089    18869   681167    18749   681293    18587   681563    18329   681719    18233   682049    17747   683783   346439   254699   665549   118253   572357    67559   396203    90197   527333
   527399    90017   396239    67547   572399   118163   665603   254207   682277    79349   620777    79193   621017    78977   621113    78779   621353    78173   621869    77933   622157    77513   622529    77369   622793    77003   623057    76679   623717    76283   624209    75773   624347    75539   624479    75407   624683    75269   624797    75167   636359   336437    17729   445799    34403   581843   127607   632459   303767   609989   172607
   172553   610157   303713   632483   127583   582017    34283   445967    17669   624977    62939   637079    62723   637319    62627   637409    62477   637709    62219   637817    61703   638423    61553   638459    61343   639053    60923   639137    60737   639563    60317   639713    60167   639857    59999   640049    59879   640259    59699   640589   348353    75029   682337   254039   665723   117989   572423    67523   396293    89849   527453
   527489    89819   396323    67307   572519   117839   665789   254003   682427    74903   640613   348407   351797   348077   352049   347933   352193   347513   352907   347057   353459   346349   353747   346223   353819   346043   354257   345689   354533   345329   354743   344969   355049   344543   355643   344327   355763   344207   335009   368453    59393   625103    17579   446003    34217   582167   127487   632699   303683   610187   172517
   172373   610409   303593   632717   127373   582173    33863   446087    17333   625109    59357   355853   216233   483827   215939   484079   215723   484607   215393   484727   215273   484853   214943   485123   214589   485447   214463   485567   213953   486119   213827   486293   213599   486449   213467   486677   213209   502079   333623   344153   640649    74897   682673   253919   666143   117833   572633    67289   396413    89597   527633
   527699    89567   396509    66809   572843   117797   666233   253733   682679    74873   640733   344039   486833   332447   367613   332273   367823   332117   368099   331889   368729   331217   369023   330887   369353   330587   369647   330347   369959   329873   370217   329393   370619   329333   370883   328919   380459   338369   213173   355967    59273   625133    17327   446273    33773   582209   127163   633197   303497   610439   172307
   172217   610619   303473   633209   127139   582227    33569   446399    16703   625319    59159   356093   213029   371177    39887   660137    39839   660227    39659   660503    39443   660683    39119   660893    39107   660917    39023   661103    38867   661259    30347   669869    30119   670139    29789   678203   340937   328829   486977   343913   640847    74687   683303   253607   666437   117779   572867    66797   396533    89387   527789
   527909    89303   396629    66749   572903   117497   666527   253247   683357    74609   640943   343787   487007   328667   670343    27179   672863    26849   673193    26783   673247    26693   673613    26387   673649    26339   673769    26189   674117    25847   674273    25643   674483    25469   686789   336689    29663   371339   212999   356219    59063   625397    16649   446759    33479   582509   127103   633257   303377   610703   172097
   171707   610733   303293   633377   127079   582563    33359   447107    16553   625409    58913   356933   212873   371387    29429   674699   310889   389273   310559   389567   310283   389783   310187   389957   309929   390107   299699   400559   299363   400943   298937   401417   298049   292367   458189    25307   670577   328619   487133   343073   641093    74597   683453   252899   666647   117443   572927    66629   396713    89273   528299
   528623    89189   396719    66533   572969   117329   666857   252887   683477    74489   641279   343037   487427   328589   670583    25247   401993   191903   508223   191747   508349   191507   508559   191297   508817   191033   509027   190709   509393   190577   509477   190403   180623   678407   298013   674759    29423   371417   212579   356969    58727   625517    16529   447119    33149   582677   127037   633473   303287   610817   171383
   171299   610919   303119   633497   126827   582737    33023   447137    16493   625643    58679   357107   212369   371627    29387   674837   297953   509693   290627   409517   290189   409823   290039   410117   289763   410279   289319   410903   288839   411233   288527   288227   472643   190313   402053    25169   670619   328379   487637   342899   641327    74363   683513   252869   666983   117269   573179    66509   396887    89087   528707
   528929    88937   396953    66383   573263   117239   667013   252827   683687    74093   641579   342659   487709   328373   670673    25127   402197   190283   411617     7607   692423     7547   692753     7079   692963     6917   693137     6857   693179     6689   351179   691709   288389   509723   297809   674879    29333   371633   212297   357347    58427   625913    16319   447179    32993   582767   126743   633623   303053   611069   171077
   170957   611189   302969   633629   126359   582887    32987   447683    16229   625979    58367   357353   212117   371663    29243   675029   297707   509909   287939   693353     5813   694223     5693   694349     5639   694487     5483   694619     5087   695087   349553     6653   412067   190097   402299    24977   670763   328343   487889   342653   641639    74027   683777   252323   667019   117119   573647    66377   397037    88817   529049
   529229    88799   397259    66239   573863   116993   667427   251939   683789    73973   641789   342647   488009   328109   670877    24923   402383   189929   412073     6473   694997   278843   421397   278489   421643   278279   421943   277919   277547   493967     5009   693533   287933   510077   297623   675083    29129   371897   211997   357359    58217   626033    16217   448067    32579   583013   126143   633767   302747   611207   170777
   170369   611213   302723   633833   126107   583139    32429   448367    16187   626063    58193   357437   211949   371939    28817   675197   297503   510569   287873   693677     5003   422249   164039   536147   163733   536699   162593   538367   348443   277757   695003     6329   412133   189437   402503    24809   671189   328067   488057   342569   641813    73943   683819   251639   667577   116867   573899    66173   397283    88793   529637
   530063    88547   397427    66083   574109   116639   667643   251609   683909    73859   641897   342497   488513   328007   671303    24767   402923   189389   412157     6323   695069   277643   537587   275969   424169   275783   274697   499397   162419   422363     4937   693683   287849   510617   297083   675239    28703   371999   211493   357509    58109   626147    16097   448397    32363   583367   125897   633923   302579   611459   169943
   169919   611483   302573   634013   125717   583469    32309   448829    16073   626159    57809   357593   211433   372023    28649   675347   296969   510767   287813   693689     4889   422369   162263   424433     1613   699053   349343   275573   537743   277637   695117     6317   412193   189239   403037    24659   671357   327983   488573   342413   642197    73847   683933   251177   667697   116537   574289    65993   397433    88523   530087
   530093    88463   397493    65927   574367   116483   667769   251099   683939    73673   642233   342347   488603   327869   671603    24593   403097   189017   412457     6263   695207   277247   537749   263267   697733   350003     2273   436739   162257   422759     4799   693743   287549   510989   296909   675413    28403   372137   211403   357659    57773   626333    16067   448907    32237   583523   125639   634079   302513   611543   169913
   169823   611837   302459   634169   125387   583619    32189   449003    15887   626363    57383   357767   211373   372167    28289   675593   296843   511163   287387   693809     4679   422789   539687   585737   350663      953   698393   114269   160319   277217   695327     6197   412619   188843   403163    24413   671717   327839   488633   342239   642623    73643   684119   251003   667817   116387   574619    65837   397547    88169   530183
   530237    88079   397589    65699   574667   116279   667949   250889   684239    73613   642737   342197   488687   327827   671729    24179   403253   188519   412949     5987   695369   424559   157133   200609   275837   424223   425309   424037   542873   275447     4637   694019   287057   511487   296753   675827    28277   372179   211319   357809    57269   626393    15767   449117    32057   583727   125339   634307   302417   611927   169769
   169709   611969   301943   634373   125303   583733    31973   449153    15737   636149    57173   358079   211283   372269    28229   675923   296507   511523   286973   694079   696887   418289   351563   163859   536273   163307   537413   161639   535967   281717     3119     5927   413033   188483   403499    24083   671777   327737   488723   341927   642833    63857   684269   250853   668033   116273   574703    65633   398063    88037   530297
   530339    88007   398129    65609   574799   116009   668159   250703   684647    63743   642899   341777   488759   327707   672059    24077   403757   188303   413243   381323     1667   206039   278609   421517   278363   421727   278063   422087   422459   421163   698339   318683   286763   511703   296249   675929    27947   372299   211247   358229    57107   636263    15359   449303    31847   583997   125207   634397   301877   611999   169667
   169493   612137   301793   634649   125093   584027    31397   449333    15233   636287    57059   358277   211097   372377    27779   675977   296129   511757   285827   659159   350453     5783   694313     5657   694367     5519   694523     5387   694919     4919   694193    40847   414179   188249   403877    24029   672227   327629   488909   341729   642947    63719   684773   250673   668609   115979   574913    65357   398213    87869   530513
   530549    87833   398303    65327   575027   115853   668687   250643   684857    63599   643043   341507   489179   327317   672317    23789   403889   534059   533747     8297     7583   692459     7253   692927     7043   693089     6869   693149     6827   693317   348827   692399   166259   165947   296117   676217    27689   372689   210827   358499    56963   636407    15149   449363    31319   584153   124979   634679   301703   612173   169457
   169409   612263   301583   634793   124919   584183    31307   449663    15137   636473    56807   358667   210809   372797    27449   676253   407969   491669   227363   290489   409817   290183   409967   289889   410243   289727   410687   289103   411167   288773   411479   411779   409379   208337   292037    23753   672557   327209   489197   341339   643199    63533   684869   250343   668699   115823   575087    65213   398423    87743   530597
   530693    87629   398543    65147   575153   115757   668747   250307   684923    63473   643373   341303   489407   327203   672767   676337   386279    21599   191783   508259   191657   508499   191447   508709   191189   508973   190979   509297   190613   509429   190529   509603   519383   508103   313727    23669    27239   372803   210599   358703    56633   636533    15083   449699    31259   584249   124853   634859   301463   612377   169313
   169199   612383   301247   634943   124793   584279    31193   449807    15017   636539    56543   358733   210557   373007   673019     7673   241817   310733   389447   310439   389723   310223   389819   310049   390077   309899   400307   299447   400643   299063   401069   298589   401957   407639   389117   692333    26987   326999   489449   341273   643463    63467   684989   250199   668813   115727   575213    65063   398759    87623   530807
   531143    87509   398933    65027   575303   115613   668867   250043   685109    63443   643553   341027   489479   324593     6569   363317    27143   673157    26813   673223    26759   673313    26393   673619    26357   673667    26237   673817    25889   674159    25733   674363    25523   674537    13217   672827   693437   375413   210527   358979    56453   636563    14897   449963    31139   584393   124703   634979   301073   612497   168863
   168803   612713   300869   635003   124577   584417    30983   450083    14759   636653    56417   359027   210317   359297   359069    39869   660167    39779   660347    39503   660563    39323   660887    39113   660899    39089   660983    38903   661139    38747   669659    30137   669887    29867   670217    21803   660119   340709   489689   340979   643589    63353   685247   249923   669023   115589   575429    65003   399137    87293   531203
   531263    87083   399149    64919   575513   115343   669029   249797   685337    63197   643883   337697   468647   361637   332393   367733   332183   367889   331907   368117   331277   368789   330983   369119   330653   369419   330359   369659   330047   370133   329789   370613   329387   370673   329123   371087   319547   367559   231359   362309    56123   636809    14669   450209    30977   584663   124493   635087   300857   612923   168743
   168719   613013   300809   635339   124433   584873    30893   450227    14639   636947   646859   374687   366383   216179   484067   215927   484283   215399   484613   215279   484733   215153   485063   214883   485417   214559   485543   214439   486053   213887   486179   213713   486407   213557   486539   213329   486797   197927   483773   325319    53147    63059   685367   249779   669113   115133   575573    64667   399197    86993   531287
   531863    86843   399227    64499   575579   115127   669167   249749   685637   642419    46229   331553   348209   351929   347957   352073   347813   352493   347099   352949   346547   353657   346259   353783   346187   353963   345749   354317   345473   354677   345263   355037   344957   355463   344363   355679   344243   355799   364997   351599   653777    57587    14369   450257    30839   584879   124427   635507   300779   613163   168143
   168029   613169   300743   635567   124337   584993    30677   450413    13553    29153   351653    62927   637283    62687   637379    62597   637529    62297   637787    62189   638303    61583   638453    61547   638663    60953   639083    60869   639269    60443   639689    60293   639839    60149   640007    59957   640127    59747   640307    59417   637067   670853   686453   249593   669329   115013   575669    64439   399263    86837   531977
   531983    86753   399689    64403   575867   114689   669413   450557   677639   363569    79229   620813    78989   621029    78893   621227    78653   621833    78137   622073    77849   622493    77477   622637    77213   623003    76949   623327    76289   623723    75797   624233    75659   624467    75527   624599    75323   624737    75209   624839    63647   620657    22367   249449    30593   585317   124139   635603   300317   613253   168023
   167729   613427   300119   635849   123803   585413   669947   239417   353567    21347   678779    21017   679067    20879   679157    20543   679607    20297   679823    20177   679859    20123   680027    19793   680297    19553   680633    19013   681047    18917   681137    18839   681257    18713   681419    18443   681677    18287   681773    17957   682259    16223   678599   460589    30059   114593   576203    64157   399887    86579   532277
   532373    86399   399983    64067   576287   614759    22193   353453   258119   442019   257867   442319   257639   442487   257489   442733   257189   442829   256967   443117   256877   443249   256643   443489   256169   443873   256019   444029   255917   444167   255713   444347   255467   444623   255329   444767   255173   444869   255077   444953   254987   445229   253349   441569   677813    85247   123719   635939   300023   613607   167633
   167627   613637   300017   635969   122489    74699   352133    38459   661553    38393   661673    38327   661769    38183   662357    37529   662513    37313   662789    37139   662957    36857   663239    36599   663539    36353   663713    36269   663797    36137   664043    35897   664253    35603   664583    35393   664667    35327   664739    35159   665123    34739   665303    34259   661439   625307   577517    64037   399989    86369   532379
   532523    86243   400199   638999   563357   353867   123323   577043   122939   577397   122579   577529   122393   577739   122207   577937   122027   578117   121697   578399   121553   578483   121469   578603   121313   578777   121007   579107   120767   579503   120473   579707   120293   579773   119747   580373   119627   580577   119243   580919   118907   581333   118457   581597   117023   576299   136649    61007   299807   613763   167483
   167267   613889   400859    50549   356693   133283   567053   132947   567143   132749   567383   132437   567659   132287   567947   131909   568367   131363   568709   131129   569189   130769   569417   130343   569747   130079   570047   129893   570413   129587   570467   129509   570509   129419   570659   129287   570743   129119   571019   128969   571133   128327   571847   128153   571973   123887   566567   649457   299147    86117   532739
   532757   615497   383153   352973    73517   626627    73043   626987    72923   627383    72053   628013    71909   628127    71867   628217    71633   628673    71327   628757    71129   628937    70997   629339    70589   629567    70199   629843    70079   629939    70019   630107    69809   630353    69539   630689    69203   630863    68993   631187    68777   631307    68597   631529    68447   631859    67733   626477   316853    84509   167249
   166973    62507   258827   309599   390503   309479   390647   309269   390869   308939   391073   308723   391367   308519   391679   308249   391889   307919   392423   307529   392669   307283   392837   307079   393059   306749   393299   306533   393587   306377   393677   306209   393857   306029   394007   305933   394157   305783   394367   305597   394523   305477   394637   305363   394739   305219   395027   398357   390209   637499   533033
   519257   364373    96017   604223    95747   604613    95279   604733    95219   604829    95009   605117    94613   605477    94463   605573    94397   605837    93923   606113    93683   606443    93557   606503    93479   606587    93263   606959    92957   607157    92753   607307    92669   607349    92489   607619    92237   608273    91703   608423    91577   608609    91373   608843    91019   609143    90833   609359    78479   603947   180749
   354779   179243   521153   178697   521363   178613   521447   178487   521537   178439   521603   178349   521819   178127   521903   177893   522167   177623   522623   177347   522737   177257   522839   176699   523433   176369   523673   176243   523793   176159   523877   175949   524087   175499   524939   174989   525257   174653   525593   174407   525677   174197   525869   173969   526073   173867   526199   173783   526307   171869   520679
