   179657   520427   179573   520649   179327   520763   178853   521309   178643   521393   178559   521519   178469   521567   178403   521657   178187   521879   178103   522113   177839   522383   177383   522659   177269   522749   177167   523307   176573   523637   176333   523763   176213   523847   176129   524057   175919   524507   175067   525017   174749   525353   174413   525599   174329   525809   174137   526037   173933   173867   699059
   526199    96797   603227    96749   603563    96059   603989    95783   604259    95393   604727    95273   604787    95177   604997    94889   605393    94529   605543    94433   605609    94169   606083    93893   606323    93563   606449    93503   606527    93419   606743    93047   607049    92849   607253    92699   607337    92657   607517    92387   607769    91733   608303    91583   608429    91397   608633    91163   615557   340937   173807
   173783   608987   310187   389957   309929   390107   309797   390407   309503   390527   309359   390737   309137   391067   308933   391283   308639   391487   308327   391757   308117   392087   307583   392477   307337   392723   307169   392927   306947   393257   306707   393473   306419   393629   306329   393797   306149   393977   305999   394073   305849   394223   305639   394409   305483   394529   305369   299807   442517    91019   526223
   526307    90863   394643    73847   626333    73643   626393    73529   626489    73379   626963    73019   627083    72623   627953    71993   628097    71879   628139    71789   628373    71333   628679    71249   628877    71069   629009    70667   629417    70439   629807    70163   629927    70067   629987    69899   630197    69653   630467    69317   630803    69143   631013    68819   631229    68699   632459   346223   305363   609143   173699
   173357   609173   305267   631409   134087   565973   133949   566273   133439   566723   132953   567059   132863   567257   132623   567569   132347   567719   132059   568097   131639   568643   131297   568877   130817   569237   130589   569663   130259   569927   129959   570113   129593   570419   129539   570497   129497   570587   129347   570719   129263   570887   128987   571037   128873   573647   345227    68597   394739    90833   526649
   526709    90647   394787    68477   571679   124139   576119   123803   576287   123707   576683   122963   577067   122609   577427   122489   577529   122393   577739   122207   577937   122027   578309   121607   578453   121523   578537   121403   578693   121229   578999   120899   579239   120503   579533   120299   579713   120233   580259   119633   580379   119429   580763   119087   581729   346547   128327   631529   305219   609359   173297
   173273   609407   304979   631559   128159   581099    39023   661103    38867   661259    38567   661547    38453   661613    38333   661679    38237   661823    37649   662477    37493   662693    37217   662867    37049   663149    36767   663407    36467   663653    36293   663737    36209   663869    35963   664109    35753   664403    35423   664613    35339   664679    35267   669029   344039   118907   571847    68447   395027    90599   526733
   526739    90473   395069    68147   571853   118673   664847   258743   441443   258527   441557   258443   441569   258119   442019   257867   442319   257639   442487   257273   442817   257177   443039   256889   443129   256757   443363   256517   443837   256133   443987   255977   444089   255839   444293   255659   444539   255383   444677   255239   444833   255137   255053   537743    35159   581333   128153   631859   304937   609533   173267
   173177   609599   304847   632123   128033   581549    34883   444929    22079   678077    21803   678407    21569   678599    21347   678779    21017   679067    20879   679157    20543   679607    20297   679823    20177   679859    20123   680027    19793   680297    19553   680633    19013   681047    18917   681137    18839   681257    18713   681419    18443   684119   345689   255077   665123   118457   571973    67883   395159    90407   526829
   527123    90263   395243    67853   572027   118409   665267   254987   681677    79427   620639    79349   620777    79193   621017    78977   621113    78779   621353    78479   621833    78137   622073    77849   622493    77477   622637    77213   623003    76949   623327    76289   623723    75797   624233    75659   624467    75527   624599    75323   636149   336239    18329   445019    34739   581597   127979   632153   304763   609743   172883
   172877   609779   304553   632273   127913   581663    34703   445229    18287   624737    63197   636947    62939   637079    62723   637319    62627   637409    62507   637529    62297   637787    62189   638303    61583   638453    61547   638663    61007   639053    60923   639137    60737   639563    60317   639713    60167   639857    59999   640589   347933    75269   681719   254777   665303   118343   572093    67733   395453    90227   527129
   527333    90203   395657    67709   572303   118253   665507   254699   681773    75209   640049   348527   351563   348419   351599   348353   351797   348077   352049   347873   352193   347513   352907   347057   352973   346553   353567   346349   353747   346187   353867   346043   354257   345473   354677   345263   355037   344957   344543   358667    59957   624797    18233   445307    34499   581753   127703   632297   304349   609803   172673
   172607   609809   303803   632327   127649   581843    34457   445799    17957   624839    59879   355643   217409   482687   217253   482837   216617   483773   216179   484067   215927   484283   215399   484613   215279   484733   215153   485063   214883   485417   214559   485543   214439   486053   213887   486179   213713   493109   341027   344363   640127    75167   682049   254207   665549   118163   572357    67679   396203    90197   527399
   527453    90017   396239    67559   572399   117989   665603   254039   682259    75029   640259   344327   486407   332987   367277   332699   367559   332393   367733   332183   367889   331907   368117   331553   368729   331217   369023   330887   369353   330587   369647   330347   369959   329873   370217   329393   377687   340859   213599   355679    59747   624977    17747   445967    34403   582017   127607   632447   303767   609989   172553
   172517   610157   303713   632483   127583   582167    34283   446003    17729   625103    59699   355763   213557   370619    40493   659723    40163   660053    39887   660137    39839   660227    39659   660503    39443   660683    39119   660893    39107   660917    30893   669167    30677   669413    30347   691409   327317   329387   486449   344243   640307    74903   682277   254003   665723   117839   572423    67523   396293    89849   527489
   527633    89819   396323    67307   572519   117833   665747   253919   682337    74897   640613   344207   486539   329333   669869    27779   672317    27449   672767    27179   672863    26987   673157    26813   673223    26759   673313    26393   673619    26357   673667    26237   673817    25889   687809   335669    30137   370673   213467   355799    59393   625109    17669   446087    34259   582173   127487   632699   303683   610187   172373
   172307   610409   303593   632717   127373   582209    34217   446273    17333   625133    59357   355853   213329   370883    30119   674159   312029   388109   311747   388319   311603   388727   311183   389057   310889   389273   310559   389567   310283   389783   300317   399887   300023   293099   455603    25847   669887   329123   486677   344153   640649    74873   682673   253733   665789   117797   572633    67289   396413    89597   527699
   527789    89567   396509    66809   572843   117779   666143   253607   682679    74699   640733   343913   486797   328919   670139    25733   399989   192677   507599   192263   507953   191969   508103   191783   508259   191657   508499   191447   508709   191189   508973   190979   181619   676373   300017   674273    29867   371087   213209   356093    59273   625307    17327   446399    33863   582227   127163   633197   303497   610439   172217
   172097   610619   303473   633209   127139   582509    33773   446657    16703   625319    59159   356219   213173   371177    29789   674363   299699   509297   291443   408713   291287   409007   290963   409337   290657   409379   290489   409817   290183   409967   289889   284897   474017   190709   400307    25643   670217   328829   486833   343787   640847    74687   683303   253349   666233   117497   572867    66797   396533    89387   527909
   528137    89303   396629    66749   572903   117443   666437   253247   683357    74609   640943   343313   486977   328667   670577    25523   400559   190613   410243     8297   691763     8219   691919     7907   692249     7673   692399     7583   692459     7253   385379   656939   289763   509393   299447   674483    29429   371339   213029   356693    59063   625397    16649   446759    33569   582563   127103   633257   303377   610703   171869
   171707   610733   303293   633377   127079   582677    33479   447107    16553   625409    58913   356933   212999   371387    29423   674537   299363   509429   289727   692927     6473   693677     6323   693689     6263   693809     5987   694079     5813   694367   349553     7079   410279   190577   400643    25469   670583   328619   487007   343073   641093    74597   683453   252899   666527   117329   572927    66629   396713    89273   528299
   528623    89189   396719    66533   572969   117269   666647   252887   683477    74489   641279   343037   487133   328589   670619    25307   400859   190529   410687     7043   694223   279413   420599   279329   420737   279203   420977   278903   278489   492377     5783   692963   289319   509477   299147   674699    29387   371417   212873   356969    58727   625517    16529   447119    33359   582737   127037   633473   303287   610817   171383
   171299   610919   303119   633497   126827   582767    33149   447137    16493   625643    58427   357107   212579   371627    29333   674759   299063   509603   289103   693089     5693   421163   165083   535019   164837   535529   164309   550607   334637   278843   694313     6917   410903   190403   400943    25247   670673   328379   487427   342899   641579    74363   683513   252869   666857   117239   573179    66509   396887    89087   528707
   528929    88937   396953    66383   573263   117119   666983   252827   683687    74093   641639   342659   487637   328373   670763    25169   401069   190313   411167     6869   694349   278363   535727   276293   423749   276137   275783   498053   164279   421643     5657   693137   288839   509693   298937   674837    29243   371633   212369   357347    58367   625913    16319   447179    33023   582887   126743   633623   303053   611069   171077
   170957   611189   302969   633629   126143   582983    32993   447683    16229   625979    58217   357353   212297   371663    29153   674879   298589   509723   288773   693149     5519   421727   164249   424007     1613   697733   350663   275999   535757   278279   694487     6857   411233   190283   401417    25127   670853   328343   487709   342653   641789    74027   683777   252323   667013   117023   573863    66377   397037    88817   529049
   529229    88799   397259    66173   573899   116993   667019   251939   683783    73973   641813   342647   487889   328109   670877    24977   401957   190097   411479     6827   694523   278063   535859   425003   699053   350003      953   275003   164147   421943     5483   693179   288527   509909   298049   675029    29129   371897   212117   357359    58193   626033    16223   448067    32987   583013   126107   633833   302747   611207   170777
   170369   611213   302723   633923   125897   583139    32579   448367    16217   626063    58109   357437   211997   371939    28817   675083   298013   510077   288389   693317     5387   422087   538697   422759   349343     2273   698393   277247   161309   277919   694619     6689   411617   189929   401993    24923   671189   328067   488009   342569   641897    73943   683789   251639   667427   116867   574109    66083   397283    88793   529637
   530063    88547   397427    65993   574289   116639   667577   251609   683819    73859   642197   342497   488057   328007   671303    24809   402053   189437   411779     6653   694919   276593   145037   201953   276257   423869   424223   423713   554969   423413     5087   693353   288227   510569   297953   675197    28703   371999   211949   357509    57809   626147    16187   448397    32429   583367   125717   634013   302579   611459   169943
   169919   611483   302573   634079   125639   583469    32363   448829    16097   635849    57773   357593   211493   372023    28649   675239   297809   510617   287939   693437   697217   564989   365369   164987   535169   164477   535697   149399   534923   135017     2789     6569   412067   189389   402197    24767   671357   327983   488513   342413   642233    64157   683909   251177   667643   116537   574367    65927   397433    88523   530087
   530093    88463   397493    65837   574619   116483   667697   251099   683933    64067   642419   342347   488573   327869   671603    24659   402299   189239   412073   359297     1277   207629   279407   420677   279269   420803   279029   421103   421517   420593   698729   340709   287933   510767   297707   675347    28403   372137   211433   357659    57587   635939    16073   448907    32309   583523   125387   634169   302513   611543   169913
   169823   611837   302459   634307   125339   583619    32237   449003    16067   636263    57383   357767   211403   372167    28289   675413   297623   510989   418157   646067   350453     6329   693683     6317   693743     6197   694019     5927   694193     5639   693533    53939   281849   189017   402383    24593   671717   327839   488603   342239   642623    63743   683939   251003   667769   116387   574667    65699   397547    88169   530183
   530237    88079   397589    65633   574703   116279   667817   250889   684239    63719   642737   342197   488633   327827   671729    24413   402503   519509   403097    43067     8243   691787     8087   692099     7757   692333     7607   692423     7547   692753   314627   691709   296909   180497   297503   675593    28277   372179   211373   357809    57269   636287    15767   449117    32189   583727   125303   634373   302417   611927   169769
   169709   611969   301943   634397   125207   583733    32057   449153    15737   636359    57173   358079   211319   372269    28229   675827   405689   504269   225989   291293   408719   290999   409043   290669   409349   290627   409517   290189   409823   290039   410117   415109   408563   195737   294317    24179   671777   327737   488687   341927   642833    63647   684269   250853   667949   116273   574799    65609   398063    88037   530297
   530339    88007   398129    65357   574913   116009   668033   250703   684647    63599   642899   341777   488723   327707   672059   404489   386489    23633   192407   507743   192053   508037   191903   508223   191747   508349   191507   508559   191297   508817   191033   509027   518387   507329   313517   295517    27947   372299   211283   358229    57107   636407    15359   449303    31973   583997   125093   634649   301877   611999   169667
   169493   612137   301793   634679   124979   584027    31847   449333    15233   636473    57059   358277   211247   372377     8009   278609   244403   311897   388259   311687   388403   311279   388823   310949   389117   310733   389447   310439   389723   310223   399689   300119   399983   406907   387977   421397   691997   327629   488759   341729   642947    63533   684773   250673   668159   115979   575027    65327   398213    87869   530513
   530549    87833   398303    65213   575087   115853   668609   250643   684857    63473   643043   341507   488909   324977   657539   364337    27689   672557    27239   672827    27143   673019    26849   673193    26783   673247    26693   673613    26387   673649    26339   673769    26189   674117    12197   672227    42467   375029   211097   358499    56963   636533    15149   449363    31397   584153   124919   634793   301703   612173   169457
   169409   612263   301649   634859   124853   584183    31319   449663    15137   636539    56807   358703   210599   361433   372689    40283   659843    39953   660119    39869   660167    39779   660347    39503   660563    39323   660887    39113   660899    39089   669113    30839   669329    30593   669659     8597   659513   338573   489407   341303   643199    63467   684869   250343   668687   115823   575153    65147   398357    87743   530597
   530693    87629   398423    65063   575213   115757   668699   250307   684923    63443   643373   341273   475427   359147   332729   367307   332447   367613   332273   367823   332117   368099   331889   368453   331277   368789   330983   369119   330653   369419   330359   369659   330047   370133   329789   370613   322319   367019   224579   358733    56633   636563    15083   449699    31307   584249   124793   634943   301583   612377   169313
   169199   612383   301463   634979   124703   584279    31259   449807    15017   636653   643883   361793   358979   217319   482753   217169   483389   216233   483827   215939   484079   215723   484607   215393   484727   215273   484853   214943   485123   214589   485447   214463   485567   213953   486119   213827   486293   206897   482597   338213    56123    63353   684989   250199   668747   115727   575303    65027   398543    87623   530807
   531143    87509   398759    65003   575429   115613   668813   250043   685109   641327    48989   341339   348443   351587   348407   351653   348209   351929   347957   352133   347813   352493   347099   352949   347033   353453   346439   353657   346259   353819   346139   353963   345749   354533   345329   354743   344969   355049   355463   351479   651017    58679    14897   449963    31193   584393   124577   635003   301247   612497   168863
   168803   612713   301073   635087   124493   584417    31139   450083    13217    30059   352073    63059   637067    62927   637283    62687   637379    62597   637499    62477   637709    62219   637817    61703   638423    61553   638459    61343   638999    60953   639083    60869   639269    60443   639689    60293   639839    60149   640007    59417   636809   669947   686789   249923   668867   115589   575513    64919   398933    87293   531203
   531263    87083   399137    64667   575573   115343   669023   450587   677147   363767    79367   620657    79229   620813    78989   621029    78893   621227    78653   621527    78173   621869    77933   622157    77513   622529    77369   622793    77003   623057    76679   623717    76283   624209    75773   624347    75539   624479    75407   624683    63857   620579    22859   249419    30983   584663   124433   635339   300869   612923   168743
   168719   613013   300857   635507   124427   584873   670343   430019   354317    21929   678203    21599   678437    21407   678659    21227   678989    20939   679127    20849   679463    20399   679709    20183   679829    20147   679883    19979   680213    19709   680453    19373   680993    18959   681089    18869   681167    18749   681293    18587   681563    15887   677927   269987    29663   115133   575579    64499   399149    86993   531287
   531863    86843   399197    64439   575669   585587    17579   162263   258563   441479   258449   441563   258437   441887   257987   442139   257687   442367   257519   442733   257189   442829   256967   443117   256877   443249   256643   443489   256169   443873   256019   444029   255917   444167   255713   444347   255467   444623   255329   444767   255173   444869   444953   441263   682427   114419   124337   635567   300809   613163   168143
   168029   613169   300779   635603   121889   103997   355967    38903   661139    38747   661439    38459   661553    38393   661673    38327   661769    38183   662357    37529   662513    37313   662789    37139   662957    36857   663239    36599   663539    36353   663713    36269   663797    36137   664043    35897   664253    35603   664583    35393   664667    35327   664739    30977   660983   596009   578117    64403   399227    86837   531977
   531983    86753   399263   635969   565787   353459   123887   576203   123719   576299   123323   577043   122939   577397   122579   577517   122477   577613   122267   577799   122069   577979   121697   578399   121553   578483   121469   578603   121313   578777   121007   579107   120767   579503   120473   579707   120293   579773   119747   580373   119627   580577   119243   580919   118277   575867   134219    64037   300743   613253   168023
   167729   613427   403757    53609   354779   134033   566057   133733   566567   133283   567053   132947   567143   132749   567383   132437   567659   132287   567947   131909   568367   131363   568709   131129   569189   130769   569417   130343   569747   130079   570047   129893   570413   129587   570467   129509   570509   129419   570659   129287   570743   129119   571019   128969   571133   126359   565919   646397   296249    86579   532277
   532373   616829   382037   353783    73673   626363    73613   626477    73517   626627    73043   626987    72923   627383    72053   628013    71909   628127    71867   628217    71633   628673    71327   628757    71129   628937    70997   629339    70589   629567    70199   629843    70079   629939    70019   630107    69809   630353    69539   630689    69203   630863    68993   631187    68777   631307    67547   626159   317969    83177   167633
   544979    66239   257489   310049   390077   309899   390209   309599   390503   309479   390647   309269   390869   308939   391073   308723   391367   308519   391679   308249   391889   307919   392423   307529   392669   307283   392837   307079   393059   306749   393299   306533   393587   306377   393677   306209   393857   306029   394007   305933   394157   305783   394367   305597   394523   305477   394637   400199   389819   633767   155027
   494609   359069    96779   603257    96443   603947    96017   604223    95747   604613    95279   604733    95219   604829    95009   605117    94613   605477    94463   605573    94397   605837    93923   606113    93683   606443    93557   606503    93479   606587    93263   606959    92957   607157    92753   607307    92669   607349    92489   607619    92237   608273    91703   608423    91577   608609    91373   608843    84449   603209   205397
      947   179579   520433   179357   520679   179243   521153   178697   521363   178613   521447   178487   521537   178439   521603   178349   521819   178127   521903   177893   522167   177623   522623   177347   522737   177257   522839   176699   523433   176369   523673   176243   523793   176159   523877   175949   524087   175499   524939   174989   525257   174653   525593   174407   525677   174197   525869   173969   526073   526139   520349
