   178559   521519   178469   521567   178403   521657   178187   521879   178103   522113   177839   522383   177383   522659   177269   522749   177167   523307   176573   523637   176333   523763   176213   523847   176129   524057   175919   524507   175067   525017   174749   525353   174413   525599   174329   525809   174137   526037   173933   526139   173807   526223   173699   526649   173297   526733   173267   526829   172883   535757   338237
   527129    95219   604829    95009   605117    94613   605477    94463   605573    94397   605837    93923   606113    93683   606443    93557   606503    93479   606587    93263   606959    92957   607157    92753   607307    92669   607349    92489   607619    92237   608273    91703   608423    91577   608609    91373   608843    91019   609143    90833   609359    90599   609533    90407   609743    90227   609803    90197   611213   345689   172877
   172673   609989   308939   391073   308723   391367   308519   391679   308249   391889   307919   392423   307529   392669   307283   392837   307079   393059   306749   393299   306533   393587   306377   393677   306209   393857   306029   394007   305933   394157   305783   394367   305597   394523   305477   394637   305363   394739   305219   395027   304937   395159   304763   395453   304349   396203   303767   301649   441479    90017   527333
   527399    89849   396293    71993   628097    71879   628139    71789   628373    71333   628679    71249   628877    71069   629009    70667   629417    70439   629807    70163   629927    70067   629987    69899   630197    69653   630467    69317   630803    69143   631013    68819   631229    68699   631409    68477   631559    68147   632123    67853   632273    67709   632327    67559   632459    67523   634079   346439   303713   610157   172607
   172553   610187   303683   632699   132437   567659   132287   567947   131909   568367   131363   568709   131129   569189   130769   569417   130343   569747   130079   570047   129893   570413   129587   570467   129509   570509   129419   570659   129287   570743   129119   571019   128969   571133   128327   571847   128153   571973   127979   572093   127703   572357   127607   572423   127487   575087   344969    67307   396323    89819   527453
   527489    89597   396413    67289   572633   122477   577613   122267   577937   122027   578117   121697   578399   121553   578483   121469   578603   121313   578777   121007   579107   120767   579503   120473   579707   120293   579773   119747   580373   119627   580577   119243   580919   118907   581333   118457   581597   118343   581729   118253   581843   117989   582167   117833   582767   347057   127373   632717   303593   610409   172517
   172373   610439   303497   633197   127163   582209    37649   662477    37493   662693    37217   662867    37049   663149    36767   663407    36467   663653    36293   663737    36209   663869    35963   664109    35753   664403    35423   664613    35339   664679    35267   664847    34883   665267    34703   665507    34457   665603    34283   665747    34217   666143    33773   668813   345329   117797   572843    66809   396509    89567   527633
   527699    89387   396533    66797   572867   117779   666437   257489   442733   257189   442829   256967   443117   256877   443249   256643   443489   256169   443873   256019   444029   255917   444167   255713   444347   255467   444623   255329   444767   255173   444869   255077   444953   254987   445229   254699   445799   254039   446003   253919   446273   253607   252869   541613    33569   582227   127139   633209   303473   610619   172307
   172217   610703   303377   633257   127103   582509    33479   446657    20399   679709    20183   679829    20147   679883    19979   680213    19709   680453    19373   680993    18959   681089    18869   681167    18749   681293    18587   681563    18329   681719    18233   682049    17747   682277    17669   682427    17333   682679    16703   683357    16553   683477   348407   253349   666527   117497   572903    66749   396629    89303   527789
   527909    89273   396713    66629   572927   117443   666647   253247   683513    78137   622073    77849   622493    77477   622637    77213   623003    76949   623327    76289   623723    75797   624233    75659   624467    75527   624599    75323   624737    75209   624839    75029   625103    74897   625133    74699   625319    74609   625409    74489   625643   348209    16493   446759    33359   582563   127079   633377   303293   610733   172097
   171869   610817   303287   633473   127037   582677    33149   447107    16319   625913    61703   638423    61553   638459    61343   638999    60953   639083    60869   639269    60443   639689    60293   639839    60149   640007    59957   640127    59747   640307    59417   640613    59357   640733    59159   640943    58913   641279    58679   646889   342899    74093   683687   252899   666857   117329   572969    66533   396719    89189   528137
   528299    89087   396887    66509   573179   117269   666983   252887   683777    74027   641579   346553   353459   346349   353747   346223   353819   346139   353963   345749   354533   345263   354779   344957   355463   344363   355679   344243   355799   344153   355967   343913   356219   343313   356933   343037   357347   342653   357659   347813    58427   625979    16229   447119    33023   582737   126827   633497   303119   610919   171707
   171383   611069   303053   633623   126743   582887    32993   447179    16223   626033    58367   357359   215393   484727   215273   484853   214943   485123   214589   485447   214463   485567   213953   486119   213827   486293   213599   486449   213467   486677   213209   486833   213029   487007   212873   487427   212369   489539   347033   342647   641639    73973   683783   252827   667013   117119   573263    66383   396953    88937   528623
   528707    88817   397037    66377   573647   117023   667019   252323   683789    73943   641789   342569   487709   331217   369023   330887   369353   330587   369647   330347   369959   329873   370217   329393   370619   329333   370883   328919   371177   328667   371387   328589   371627   328373   371663   328109   372269   347957   212297   357437    58217   626063    16217   447683    32987   582983   126359   633629   302969   611189   171299
   171077   611207   302747   633767   126143   583013    32579   448067    16187   626147    58193   357509   212117   371939    39023   661103    38867   661259    38567   661547    38453   661613    38333   661679    38237   661823    29423   670619    29333   670763    29153   671189    28703   671357    28403   686843   333779   328067   487889   342497   641813    73859   683819   251939   667427   116993   573863    66239   397259    88799   528929
   529049    88547   397283    66173   573899   116867   667577   251639   683909    73847   641897   342413   488009   328007   671717    26339   673769    26189   674117    25847   674273    25643   674483    25469   674699    25247   674837    24977   675083    24809   675239    24659   675413    24413   690629   333929    28289   371999   211997   357593    58109   626159    16097   448367    32429   583139   126107   633833   302723   611459   170957
   170777   611483   302579   633923   125897   583367    32363   448397    16073   626333    57809   357767   211949   372023    28277   675827   309929   390107   309797   390407   309503   390527   309359   390737   309137   401957   298013   402197   297707   402383   297503   402923   296969   407579   333323    24179   671729   327983   488057   342239   642197    73673   683933   251609   667643   116639   574109    66083   397427    88523   529229
   529637    88463   397433    65993   574289   116537   667697   251177   683939    73643   642419   342197   488513   327869   671777    24083   403097   191189   508973   190979   509297   190613   509429   190529   509603   190313   509723   190097   510077   189437   510617   189239   511859   348077   296909   675923    28229   372137   211493   357809    57587   626363    16067   448829    32309   583469   125717   634013   302573   611543   170369
   169943   611837   302513   634169   125639   583523    32237   448907    15887   626393    57383   358079   211433   372167    27947   675929   296843   510989   289103   411167   288773   411479   288389   411779   287939   412073   287873   412157   287813   412457   287387   285227   476429   189017   403163    24077   672059   327839   488573   341927   642623    73613   684119   251099   667769   116483   574367    65837   397493    88169   530063
   530087    88079   397547    65699   574619   116387   667817   251003   684239    73529   642737   341777   488603   327707   672227    24029   403253   188843   412949     6857   693179     6689   693353     6569   693533     6329   693683     6317   693743     6197   696077   347513   287057   511163   296753   675977    27779   372299   211403   358229    57269   626477    15767   449003    32189   583619   125387   634307   302459   611927   169919
   169913   611969   302417   634373   125339   583727    32057   449117    15737   626489    57173   358277   211373   372377    27689   676217   296507   511487   286973   694019     5387   694919     5009   695003     4937   695117     4799   695369     4229   368117   677147     5987   413033   188519   403499    23789   672317   327629   488633   341729   642833    73517   684269   250889   667949   116279   574667    65633   397589    88037   530093
   530183    88007   398063    65609   574703   116273   668033   250853   684647    73379   642899   341507   488687   327317   672557    23753   403757   188483   413243     5927   695873   277643   422369   277547   422759   277217   423053   276833   276707   495899     4133   694079   286763   511523   296249   676253    27449   372689   211319   358499    57107   626627    15359   449153    31973   583733   125303   634397   301943   611999   169823
   169769   612137   301877   634649   125207   583997    31847   449303    15233   626987    57059   358667   211283   372797    27239   676259   296129   511703   286589   694193     4127   423179   162593   537587   162263   537749   161957   549503   338369   276827   695879     5813   413417   188303   403877    23747   672767   327209   488723   341339   642947    73019   684773   250703   668159   116009   574799    65357   398129    87869   530237
   530297    87833   398213    65327   574913   115979   668609   250673   684857    72923   643043   341303   488759   327203   672827    23669   403889   188249   413537     5783   695927   276593   538127   275003   425189   274709   426287   348827   161879   423413     4079   694223   286469   511757   296117   676337    27179   372803   211247   358703    56963   627083    15149   449333    31397   584027   125093   634679   301793   612173   169709
   169667   612263   301703   634793   124979   584153    31319   449363    15137   627383    56807   358733   211097   373007    27143   676373   296027   512537   286427   694313     4007   423503   161807   425309      479   699437   350093   274697   538199   276503   695999     5693   413579   187469   403979    23633   672863   326999   488909   341273   643199    72623   684869   250643   668687   115853   575027    65213   398303    87743   530339
   530513    87629   398423    65147   575153   115823   668699   250343   684923    72053   643373   341027   489179   326663   673019    23537   404489   187463   413807     5657   696083   276449   538367   274517   699617   350003      389   425489   161639   423557     3923   694349   286199   512543   295517   676469    26987   373343   210827   358979    56633   627953    15083   449663    31307   584183   124853   634859   301583   612377   169493
   169457   612383   301463   634943   124793   584249    31259   449699    15017   636653    56543   359027   210809   373349    26849   676589   295313   512573   285953   694367     3767   423617   539663   424007   349913      569   699527   275999   160343   276389   696239     5639   414053   187433   404693    23417   673157   326657   489197   340979   643463    63353   684989   250307   668747   115757   575213    65063   398543    87623   530549
   530597    87509   398759    65027   575303   115727   668867   250199   685109    63197   643553   340937   489407   326147   673193    23357   404819   187409   414179     5519   696413   426737   147827   351179   274817   425297   273719   425003   552179   273269     3593   694487   285827   512597   295187   676649    26813   373859   210599   359069    56453   636809    14897   449807    31139   584279   124703   634979   301247   612497   169409
   169313   612713   301073   635003   124577   584393    30983   449963    14759   636947    56417   359129   210557   373943    26783   676679   295037   512657   285539   694523   347933   418199   361637   162419   537743   162257   538049   150503   537413   281807   352073     5483   414467   187349   404969    23327   673223   326063   489449   340877   643589    63059   685247   250043   669023   115613   575429    65003   398933    87293   530693
   530807    87083   399137    64919   575513   115589   669029   249923   685337    62927   643883   340859   489479   325943   673247    23279   405347   187163   414629     4679   677657   204107   277637   422459   277247   422789   276953   423173   423299   422363    22349   695327   285377   512843   294659   676727    26759   374063   210527   359147    56123   637079    14669   450083    30977   584417   124493   635087   300869   612923   169199
   168863   613013   300857   635339   124433   584663    30893   450209    14639   637283    56087   359297   210347   374117    26693   676919   294509   513047   282767   691709    22859     5087   694997     5003   695069     4889   695207     4637   695777   331889   694619     8297   417239   186959   405497    23087   673313   325889   489659   340709   643919    62723   685367   249797   669113   115343   575573    64667   399149    86993   531143
   531203    86843   399197    64499   575579   115133   669167   249779   685637    62687   644009   340649   489689   325883   673613    23063   405527   513137   540773   352493     6827   693317     6653   693437     6473   693677     6323   693689     6263   693809     3929   693149   159233   186869   294479   676943    26393   374123   210317   359357    55997   637319    14369   450227    30839   584873   124427   635507   300809   613163   168803
   168743   613169   300779   635567   124337   584879    30677   450257    14327   637379    55949   359837   210263   374333    26387   676967   406649   181193   223577   288839   411233   288527   411617   288227   412067   287933   412133   287849   412193   287549   412619   414779   410903   518813   293357    23039   673619   325673   489743   340169   644057    62627   685679   249749   669329   115127   575669    64439   399227    86837   531263
   531287    86753   399263    64403   575867   115013   669413   249593   685973    62597   644117   339839   489833   325607   673649   676979   262253   351929   191033   509027   190709   509393   190577   509477   190403   509693   190283   509909   189929   510569   189389   510767   188147   508817   437753    23027    26357   374399   210173   360167    55889   637409    14033   450413    30593   584993   124139   635603   300743   613253   168719
   168143   613427   300317   635849   123887   585317    30347   450473    13997   637499    55487   360257   209987   374687    25127     4139   366683   309899   390209   309599   390503   309479   390647   309269   390869   298049   401993   297809   402299   297623   402503   297083   403037   292427   390077   695867   674879   325319   490019   339749   644519    62507   686009   249533   669659   114689   576119    64157   399689    86579   531863
   531977    86399   399887    64067   576203   114593   669869   249503   686039    62477   644549   339413   490169   377147   646859   366077    26237   673817    25889   674159    25733   674363    25523   674537    25307   674759    25169   675029    24923   675197    24767   675347    24593   675593     9377   673667    53147   322859   209837   360593    55457   637529    13967   450503    30137   585413   123803   635939   300119   613607   168029
   168023   613637   300023   635969   123719   585587    30119   450557    13907   637709    55337   360749   497597   316577   366227    38903   661139    38747   661439    38459   661553    38393   661673    38327   661769    38183   670583    29387   670673    29243   670853    28817   671303    28649   671603    13163   660983   383429   202409   339257   644669    62297   686099   249449   669887   114419   576287    64037   399983    86369   531983
   532277    86243   399989    63857   576299   114329   669947   249419   686177    62219   644747   364337   194867   352049   330983   369119   330653   369419   330359   369659   330047   370133   329789   370613   329387   370673   329123   371087   328829   371339   328619   371417   328379   371633   328343   371897   327737   368789   505139   335669    55259   637787    13829   450587    30059   585677   123707   636149   300017   613763   167729
   167633   613889   299807   636263   123323   585737    29867   450677    13553   637817   648239   327827   352973   215279   484733   215153   485063   214883   485417   214559   485543   214439   486053   213887   486179   213713   486407   213557   486539   213329   486797   213173   486977   212999   487133   212579   487637   210467   484613   372179    51767    62189   686453   249329   670139   114269   576683    63743   400199    86117   532373
   532379    85853   400307    63719   577043   114167   670217   249287   686519   642233    39839   352193   346547   353657   346259   353783   346187   353867   346043   354257   345473   354743   345227   355049   344543   355643   344327   355763   344207   355853   344039   356093   343787   356693   343073   356969   342659   357353   342347   353453   660167    57773    13487   450719    29789   585839   122963   636287   299699   614153   167627
   167483   614177   299447   636359   122939   585863    29663   450899   687809    41519   357107    61583   638453    61547   638663    61007   639053    60923   639137    60737   639563    60317   639713    60167   639857    59999   640049    59879   640259    59699   640589    59393   640649    59273   640847    59063   641093    58727   641327    53117   638303   658487    12197   249107   670343   114143   577067    63647   400559    85829   532523
   532739    85619   400643    63599   577397   114089   670577   248483     4919   351797    77933   622157    77513   622529    77369   622793    77003   623057    76679   623717    76283   624209    75773   624347    75539   624479    75407   624683    75269   624797    75167   624977    74903   625109    74873   625307    74687   625397    74597   625517    74363   621869   695087   451523    29429   585917   122609   636407   299363   614387   167267
   167249   614483   299147   636473   122579   586037    29129   637067   351599    20297   679823    20177   679859    20123   680027    19793   680297    19553   680633    19013   681047    18917   681137    18839   681257    18713   681419    18443   681677    18287   681773    17957   682259    17729   682337    17579   682673    17327   683303    16649   683453    16529   679607    62939   670877   113969   577427    63533   400859    85523   532757
   532907    85313   400943    63473   577517   588683   660227   158393   257273   442817   257177   443039   256889   443129   256757   443363   256517   443837   256133   443987   255977   444089   255839   444293   255659   444539   255383   444677   255239   444833   255137   444929   255053   445019   254777   445307   254207   445967   254003   446087   253733   446399   447137   442517    39779   111323   122489   636533   299063   614693   167099
   167087   614759   298937   636539   577799   101207   354677    37529   662513    37313   662789    37139   662957    36857   663239    36599   663539    36353   663713    36269   663797    36137   664043    35897   664253    35603   664583    35393   664667    35327   664739    35159   665123    34739   665303    34499   665549    34403   665723    34259   665789    33863   666233    31193   662357   598799   122207    63467   401069    85247   532919
   533033    84869   401417   636563   109469   352949   122393   577739   122069   577979   121889   578309   121607   578453   121523   578537   121403   578693   121229   578999   120899   579239   120503   579533   120299   579713   120233   580259   119633   580379   119429   580763   119087   581099   118673   581549   118409   581663   118277   581753   118163   582017   117839   582173   117239   577529   590537    63443   298589   615137   166973
   166703   615269   402053    52673   355037   132347   567719   132059   568097   131639   568643   131297   568877   130817   569237   130589   569663   130259   569927   129959   570113   129593   570419   129539   570497   129497   570587   129347   570719   129263   570887   128987   571037   128873   571679   128159   571853   128033   572027   127913   572303   127649   572399   127583   572519   124919   567569   647333   297953    84737   533303
   533327   615497   381659   353567    71909   628127    71867   628217    71633   628673    71327   628757    71129   628937    70997   629339    70589   629567    70199   629843    70079   629939    70019   630107    69809   630353    69539   630689    69203   630863    68993   631187    68777   631307    68597   631529    68447   631859    67883   632153    67733   632297    67679   632447    67547   632483    65927   628013   318347    84509   166679
   539507    73043   258527   308933   391283   308639   391487   308327   391757   308117   392087   307583   392477   307337   392723   307169   392927   306947   393257   306707   393473   306419   393629   306329   393797   306149   393977   305999   394073   305849   394223   305639   394409   305483   394529   305369   394643   305267   394787   304979   395069   304847   395243   304553   395657   303803   396239   398357   391067   626963   160499
   140477   354317    95177   604997    94889   605393    94529   605543    94433   605609    94169   606083    93893   606323    93563   606449    93503   606527    93419   606743    93047   607049    92849   607253    92699   607337    92657   607517    92387   607769    91733   608303    91583   608429    91397   608633    91163   608987    90863   609173    90647   609407    90473   609599    90263   609779    90203   609809    88793   604787   559529
   361769   178487   521537   178439   521603   178349   521819   178127   521903   177893   522167   177623   522623   177347   522737   177257   522839   176699   523433   176369   523673   176243   523793   176159   523877   175949   524087   175499   524939   174989   525257   174653   525593   174407   525677   174197   525869   173969   526073   173867   526199   173783   526307   173357   526709   173273   526739   173177   527123   164249   521447
