   178103   522113   177839   522383   177383   522659   177269   522749   177167   523307   176573   523637   176333   523763   176213   523847   176129   524057   175919   524507   175067   525017   174749   525353   174413   525599   174329   525809   174137   526037   173933   526139   173807   526223   173699   526649   173297   526733   173267   526829   172883   527129   172673   527399   172553   527489   172373   527699   172217   529229   345473
   527909    94433   605609    94169   606083    93893   606323    93563   606449    93503   606527    93419   606743    93047   607049    92849   607253    92699   607337    92657   607517    92387   607769    91733   608303    91583   608429    91397   608633    91163   608987    90863   609173    90647   609407    90473   609599    90263   609779    90203   609809    90017   610157    89819   610409    89567   610619    89303   615497   343037   172097
   171869   610733   308249   391889   307919   392423   307529   392669   307283   392837   307079   393059   306749   393299   306533   393587   306377   393677   306209   393857   306029   394007   305933   394157   305783   394367   305597   394523   305477   394637   305363   394739   305219   395027   304937   395159   304763   395453   304349   396203   303767   396293   303683   396413   303497   396533   303377   303293   440339    89273   528137
   528299    89189   396719    71327   628757    71129   628937    70997   629339    70589   629567    70199   629843    70079   629939    70019   630107    69809   630353    69539   630689    69203   630863    68993   631187    68777   631307    68597   631529    68447   631859    67883   632153    67733   632297    67679   632447    67547   632483    67307   632717    66809   633209    66749   633377    66533   634679   346553   303287   610817   171707
   171383   610919   303119   633497   131297   568877   130817   569237   130589   569663   130259   569927   129959   570113   129593   570419   129539   570497   129497   570587   129347   570719   129263   570887   128987   571037   128873   571679   128159   571853   128033   572027   127913   572303   127649   572399   127583   572519   127373   572843   127139   572903   127079   572969   126827   573863   347033    66509   396887    89087   528623
   528707    88937   396953    66383   573263   121607   578453   121523   578537   121403   578693   121229   578999   120899   579239   120503   579533   120299   579713   120233   580259   119633   580379   119429   580763   119087   581099   118673   581549   118409   581663   118277   581753   118163   582017   117839   582173   117797   582227   117497   582563   117329   582737   117239   584663   346043   126743   633623   303053   611069   171299
   171077   611189   302969   633629   126359   582887    37049   663149    36767   663407    36467   663653    36293   663737    36209   663869    35963   664109    35753   664403    35423   664613    35339   664679    35267   664847    34883   665267    34703   665507    34457   665603    34283   665747    34217   666143    33773   666437    33479   666647    33149   666983    32993   671777   343073   117119   573647    66377   397037    88817   528929
   529049    88799   397259    66239   573899   117023   667019   256877   443249   256643   443489   256169   443873   256019   444029   255917   444167   255713   444347   255467   444623   255329   444767   255173   444869   255077   444953   254987   445229   254699   445799   254039   446003   253919   446273   253607   446657   253247   447107   252887   447137   252827   448397   346547    32987   582983   126107   633767   302747   611207   170957
   170369   611213   302723   633833   125897   583013    32579   447683    20147   679883    19979   680213    19709   680453    19373   680993    18959   681089    18869   681167    18749   681293    18587   681563    18329   681719    18233   682049    17747   682277    17669   682427    17333   682679    16703   683357    16553   683477    16493   683687    16229   683909   348209   252323   667427   116993   574109    66173   397283    88793   529637
   530063    88547   397427    66083   574289   116867   667577   251939   683783    77003   623057    76679   623717    76283   624209    75773   624347    75539   624479    75407   624683    75269   624797    75167   624977    74903   625109    74873   625307    74687   625397    74597   625517    74363   625913    74027   626033    73943   626147    73847   642833   331217    16223   448067    32429   583139   125717   633923   302579   611459   169943
   169919   611483   302573   634013   125639   583367    32363   448367    16217   626333    61343   638999    60953   639083    60869   639269    60443   639689    60293   639839    60149   640007    59957   640127    59747   640307    59417   640649    59273   640847    59063   641093    58727   641327    58427   641639    58217   641813    58109   644669   345749    73673   683789   251639   667643   116639   574367    65993   397433    88523   530087
   530093    88463   397493    65927   574619   116537   667697   251177   683819    73643   642197   346187   353867   345689   354677   345263   354779   344969   355049   344543   355643   344327   355763   344207   355853   344039   356093   343787   356693   342899   357347   342653   357359   342569   357509   342413   357659   342239   358079   347933    57809   626363    16187   448829    32309   583469   125387   634079   302513   611543   169913
   169823   611837   302459   634169   125339   583523    32237   448907    16073   626393    57773   357809   214589   485447   214463   485567   213953   486179   213713   486407   213557   486539   213329   486797   213173   486977   212999   487133   212579   487637   212297   487889   211997   488057   211493   488573   211403   501827   335507   342197   642233    73613   683933   251099   667769   116483   574667    65837   397547    88169   530183
   530237    88079   397589    65699   574703   116387   667817   251003   683939    73529   642419   341777   488633   330359   369659   330047   370133   329789   370613   329387   370673   328919   371177   328667   371387   328589   371627   328373   371663   328109   371939   328007   372023   327869   372167   327827   385193   335879   211373   358229    57587   626477    16067   449003    32189   583619   125303   634307   302417   611927   169769
   169709   611969   301943   634373   125207   583727    32057   449117    15887   626489    57383   358277   211319   372269    38903   661139    38747   661439    38459   661553    38393   661673    38327   661769    38183   662357    37529   662513    37313   662789    37139   670877    28817   671303    28649   678659   333539   327737   488687   341729   642623    73517   684119   250889   667949   116279   574799    65633   398063    88037   530297
   530339    88007   398129    65609   574913   116273   668033   250853   684239    73379   642737   341507   488723   327707   671603    26189   674117    25847   674273    25643   674483    25469   674699    25247   674837    25127   675029    24923   675197    24767   675413    24413   675827    24083   676967   347513    28403   372299   211283   358499    57269   626627    15767   449153    31973   583733   125093   634397   301877   611999   169667
   169493   612137   301793   634649   124979   583997    31847   449303    15737   626963    57107   358667   211247   372377    28289   675929   309599   390503   309479   390647   309269   390869   308939   391073   308723   391367   308519   391679   297503   402923   296969   403163   296753   295313   456767    24077   671717   327629   488759   341339   642899    73043   684269   250703   668159   116009   575027    65357   398213    87869   530513
   530549    87833   398303    65213   575087   115979   668609   250673   684647    73019   642947   341303   488909   327317   671729    24029   403499   190529   509603   190313   509723   190097   510077   189437   510617   189239   510989   188843   511487   188483   511703   188249   514313   346349   296507   675977    28277   372689   211097   358703    57059   626987    15359   449333    31397   584027   124919   634793   301703   612173   169457
   169409   612263   301649   634859   124853   584153    31319   449363    15233   627083    56963   358733   210827   372797    27947   676217   296249   511859   288527   411617   288227   412067   287933   412133   287849   412193   287549   412619   287057   413033   286763   282059   480419   188147   403757    23789   672059   327209   489179   341273   643043    72923   684773   250643   668687   115853   575153    65147   398357    87743   530597
   530693    87629   398423    65063   575213   115823   668699   250343   684857    72623   643199   341027   489197   327203   672227    23753   403877   187469   413417     6569   693533     6329   693683     6317   693743     6197   694019     5927   694193     5783   694919   348827   286589   512537   296129   676253    27779   372803   210809   358979    56807   627383    15149   449663    31307   584183   124793   634943   301583   612377   169313
   169199   612383   301463   634979   124703   584249    31259   449699    15137   627953    56633   359027   210599   373007    27689   676259   296117   512543   286469   694313     4919   695117     4799   695777     4139   695873     4127   695927     4007   352949   692399     5693   413537   187463   403889    23747   672317   326999   489407   340979   643373    72053   684869   250307   668747   115757   575303    65027   398543    87623   530807
   531143    87509   398759    65003   575429   115727   668813   250199   684923    71993   643463   340937   489449   326663   672557    23669   403979   187433   413579     5657   696077   277217   423053   276833   423179   276707   423413   276503   275783   497339     3929   694349   286427   512573   296027   676337    27449   373343   210557   359069    56543   628013    15083   449807    31193   584279   124577   635003   301247   612497   168863
   168803   612713   301073   635087   124493   584393    31139   449963    15017   628097    56453   359129   210527   373349    27239   676373   295517   512597   286199   694367     3923   423557   161309   538739   160997   539039   160877   539267   349793   276449   696083     5639   413807   187409   404489    23633   672767   326657   489479   340877   643553    71909   684989   250043   668867   115613   575513    64919   398933    87293   531203
   531263    87083   399137    64667   575573   115589   669023   249923   685109    71879   643589   340859   489539   326147   672827    23537   404819   187349   414053     5519   696239   276389   539309   274583   425489   274457   274103   501383   160697   423617     3767   694487   285953   512657   295187   676469    27179   373859   210467   359147    56417   628127    14897   450083    30983   584417   124433   635339   300869   612923   168743
   168719   613013   300857   635507   124427   584873    30977   450209    14759   628139    56123   359297   210347   373943    27143   676589   295037   512843   285827   694523     3593   423713   160499   425603      479   699437   350093   274403   539507   276293   696413     5483   414179   187163   404969    23417   672863   326063   489659   340709   643883    71867   685247   249797   669029   115133   575579    64499   399149    86993   531287
   531863    86843   399197    64439   575669   115127   669113   249779   685337    71789   643919   340649   489689   325943   673193    23357   405347   186959   414467     5387   696617   276257   539633   426773   699617   350003      389   273233   160373   423749     3389   694619   285539   513047   294659   676649    26813   374063   210317   359357    56087   628217    14669   450227    30893   584879   124337   635567   300809   613163   168143
   168029   613169   300779   635603   124139   584993    30839   450257    14639   628373    55997   359837   210263   374117    26783   676679   294509   513059   285377   694997     3347   423869   540149   424433   349913      569   699527   275573   159857   276137   696659     5009   414629   186947   405497    23327   673223   325889   489743   340169   644009    71633   685367   249749   669167   115013   575867    64403   399227    86837   531977
   531983    86753   399263    64157   576119   114689   669329   249593   685637    71333   644057   339839   489833   325883   673247    23279   405527   186869   414779     5003   696887   258119   158909   198623   274517   425549   425903   425423   541097   441887     3119   695003   285227   513137   294479   676727    26759   374123   210173   360167    55949   628673    14369   450413    30677   585317   123887   635849   300743   613253   168023
   167729   613427   300317   635939   123803   585413    30593   450473    14327   637379    55889   360257   209987   374333    26693   676919   294347   513353   285113   695069   349787   588239   350213   161267   539009   160967   539129   160739   538697   111767   350219     4937   414893   186653   405659    23087   673313   325673   490019   339749   644117    62627   685679   249533   669413   114593   576203    64067   399689    86579   532277
   532373    86399   399887    64037   576287   114419   669659   249503   685973    62597   644519   339413   490169   325607   673613    23063   405689   186587   415109   695327   691037   202667   276953   423173   276827   423299   276593   423503   424223   422789     8969     4679   284897   513419   294317   676943    26393   374399   209837   360593    55487   637409    14033   450503    30347   585587   123719   635969   300119   613607   167633
   167627   613637   300023   636149   123707   585677    30137   450557    13967   637499    55457   360749   209639   374687    26387   676979   294179   513767   417719     2129     7607     4889   695207     4229   695867     4133   695879     4079   695999   347057   695087   697877   282287   186239   405827    23027   673619   325319   490367   339257   644549    62507   686039   249449   669869   114329   576299    63857   399983    86369   532379
   532523    86243   399989    63743   576683   114269   669887   249419   686099    62477   644747   339137   490463   325217   673649    22859   405857   514739   409823   351179     6473   693677     6323   693689     6263   693809     5987   694079     5813   694223     5087   693437   290183   185267   294149   677147    26357   374789   209543   360869    55259   637529    13907   450587    30119   585737   123323   636263   300017   613763   167483
   167267   613889   299807   636287   122963   585839    30059   450677    13829   637709    55217   361013   209147   374819    26339   677309   293147   178439   219587   288389   411779   287939   412073   287873   412157   287813   412457   287387   412949   286973   413243   417947   411479   521567   406859    22697   673667   325187   490859   338993   644789    62297   686177   249329   669947   114167   577043    63719   400199    86117   532739
   532757    85853   400307    63647   577067   114143   670139   249287   686453    62219   644843   338669   490967   325019   673769   687893   499523   353657   190403   509693   190283   509909   189929   510569   189389   510767   189017   511163   188519   511523   188303   511757   185693   509477   200483    12113    26237   374987   209039   361337    55163   637787    13553   450719    29867   585863   122939   636359   299699   614153   167249
   167099   614177   299447   636407   122609   585917    29789   450899    13487   637817    55073   361433   208877   375029    24659     6689   243239   309503   390527   309359   390737   309137   391067   308933   391283   308639   391487   308327   402503   297083   403037   296843   403253   404693   390407   693317   675347   324977   491129   338573   644933    62189   686519   249107   670217   114089   577397    63599   400559    85829   532907
   532919    85619   400643    63533   577427   113969   670343   249089   686639    61703   645023   338543   491219   320009   647117   352493    25889   674159    25733   674363    25523   674537    25307   674759    25169   674879    24977   675083    24809   675239    24593   675593    24179   675923    23039   673817    52889   379997   208787   361463    54983   638303    13367   450917    29663   586037   122579   636473   299363   614387   167087
   166973   614483   299147   636533   122489   586073    29429   451097    13337   638423    54869   361637   208577   362147   366467    38867   661259    38567   661547    38453   661613    38333   661679    38237   661823    37649   662477    37493   662693    37217   662867    29129   671189    28703   671357    21347   661103   337859   491429   338369   645137    61583   686669   248909   670577   113933   577517    63473   400859    85523   533033
   533303    85313   400943    63467   577529   113657   670583   248903   686789    61553   645233   363179   472847   364127   330347   369959   329873   370217   329393   370619   329333   371087   328829   371339   328619   371417   328379   371633   328343   371897   328067   371999   327983   372137   327839   372179   314813   369647   227159   336827    54773   638453    13217   451103    29423   586349   122477   636539   299063   614693   166703
   166679   614759   298937   636563   122393   586493    29387   451397    13163   638459   646307   329123   364499   214559   485543   214439   486053   213827   486293   213599   486449   213467   486677   213209   486833   213029   487007   212873   487427   212369   487709   212117   488009   211949   488513   211433   488603   198179   485417   370883    53699    61547   686843   248609   670619   113513   577613    63443   401069    85247   533327
   533363    84869   401417    63353   577739   113417   670673   248483   686879   640613    44357   352073   346139   354317   345329   354743   345227   355037   344957   355463   344363   355679   344243   355799   344153   355967   343913   356219   343313   357107   342659   357353   342647   357437   342497   357593   342347   357767   341927   353819   655649    59393    13127   451523    29333   586589   122267   636653   298589   615137   166643
   166457   615269   298049   636809   122207   586679    29243   452009   687593    26849   354257    61007   639053    60923   639137    60737   639563    60317   639713    60167   639857    59999   640049    59879   640259    59699   640589    59357   640733    59159   640943    58913   641279    58679   641579    58367   641789    58193   641897    55337   638663   673157    12413   247997   670763   113327   577799    63197   401957    84737   533549
   533747    84533   401993    63059   577937   113213   670853   247613     4637   368789    76949   623327    76289   623723    75797   624233    75659   624467    75527   624599    75323   624737    75209   624839    75029   625103    74897   625133    74699   625319    74609   625409    74489   625643    74093   625979    73973   626063    73859   626159    57173   623003   695369   452393    29153   586793   122069   636947   298013   615473   166259
   166169   615539   297953   637067   122027   586979   673019   442019   351797    20123   680027    19793   680297    19553   680633    19013   681047    18917   681137    18839   681257    18713   681419    18443   681677    18287   681773    17957   682259    17729   682337    17579   682673    17327   683303    16649   683453    16529   683513    16319   683777    16097   679859   257987    26987   113027   577979    62939   402053    84467   533837
   533963    84449   402197    62927   578117   588347    13997   353459   256757   443363   256517   443837   256133   443987   255977   444089   255839   444293   255659   444539   255383   444677   255239   444833   255137   444929   255053   445019   254777   445307   254207   445967   254003   446087   253733   446399   253349   446759   252899   447119   252869   447179   251609   443129   686009   111659   121889   637079   297809   615557   166043
   166013   615599   297707   637283   121697   100853   356933    36857   663239    36599   663539    36353   663713    36269   663797    36137   664043    35897   664253    35603   664583    35393   664667    35327   664739    35159   665123    34739   665303    34499   665549    34403   665723    34259   665789    33863   666233    33569   666527    33359   666857    33023   667013    28229   662957   599153   578309    62723   402299    84407   533993
   534059    84389   402383   637319   568367   353963   121553   578483   121469   578603   121313   578777   121007   579107   120767   579503   120473   579707   120293   579773   119747   580373   119627   580577   119243   580919   118907   581333   118457   581597   118343   581729   118253   581843   117989   582167   117833   582209   117779   582509   117443   582677   117269   582767   115343   578399   131639    62687   297623   615617   165947
   165833   615743   296909    52553   352973   131129   569189   130769   569417   130343   569747   130079   570047   129893   570413   129587   570467   129509   570509   129419   570659   129287   570743   129119   571019   128969   571133   128327   571847   128153   571973   127979   572093   127703   572357   127607   572423   127487   572633   127163   572867   127103   572927   127037   573179   126143   568709   647453   403097    84263   534173
   534473    83777   486119   353453    71249   628877    71069   629009    70667   629417    70439   629807    70163   629927    70067   629987    69899   630197    69653   630467    69317   630803    69143   631013    68819   631229    68699   631409    68477   631559    68147   632123    67853   632273    67709   632327    67559   632459    67523   632699    67289   633197    66797   633257    66629   633473    65327   628679   213887   616229   165533
   164837   602087   259667   308117   392087   307583   392477   307337   392723   307169   392927   306947   393257   306707   393473   306419   393629   306329   393797   306149   393977   305999   394073   305849   394223   305639   394409   305483   394529   305369   394643   305267   394787   304979   395069   304847   395243   304553   395657   303803   396239   303713   396323   303593   396509   303473   396629   396713   391757    97919   535169
   521363   356969    94397   605837    93923   606113    93683   606443    93557   606503    93479   606587    93263   606959    92957   607157    92753   607307    92669   607349    92489   607619    92237   608273    91703   608423    91577   608609    91373   608843    91019   609143    90833   609359    90599   609533    90407   609743    90227   609803    90197   609989    89849   610187    89597   610439    89387   610703    84509   605573   178643
   354533   177893   522167   177623   522623   177347   522737   177257   522839   176699   523433   176369   523673   176243   523793   176159   523877   175949   524087   175499   524939   174989   525257   174653   525593   174407   525677   174197   525869   173969   526073   173867   526199   173783   526307   173357   526709   173273   526739   173177   527123   172877   527333   172607   527453   172517   527633   172307   527789   170777   521903
