   170777   529637   169943   530087   169913   530183   169769   530297   169667   530513   169457   530597   169313   530807   168863   531203   168743   531287   168143   531977   168023   532277   167633   532379   167483   532739   167249   532907   167087   533033   166703   533327   166643   533549   166259   533837   166043   533993   165947   534173   165533   534923   164987   535169   164477   535697   164279   535757   164147   539687   343037
   535967    88169   611927    88037   611999    87869   612173    87743   612377    87623   612497    87293   612923    86993   613163    86837   613253    86579   613607    86369   613763    86117   614153    85829   614387    85523   614693    85247   615137    84737   615473    84509   615539    84449   615599    84389   615743    84239   615827    84137   616073    83903   616229    83717   616367    83597   616529    83459   616799   346553   164039
   163859   616589   301877   398213   301703   398357   301583   398543   301247   398933   300869   399149   300809   399227   300743   399689   300119   399983   300017   400199   299699   400559   299363   400859   299063   401069   298589   401957   298013   402053   297809   402299   297623   402503   297083   403037   296909   403163   296753   403499   296249   403877   296117   403979   295517   404693   295187   406403   344957    83417   536147
   536273    83219   404969    65327   634793    65147   634943    65027   635003    64919   635339    64499   635567    64157   635939    64037   636149    63743   636287    63647   636407    63533   636533    63467   636563    63353   636809    63059   637067    62927   637283    62687   637379    62597   637499    62477   637709    62219   637817    61703   638423    61553   638459    61343   638999    60953   649937   336857   295037   616787   163733
   163307   616829   294659   639083   124703   575429   124493   575573   124427   575669   124139   576119   123803   576287   123707   576683   122963   577067   122609   577427   122489   577529   122393   577739   122207   577937   122027   578117   121697   578399   121553   578483   121469   578603   121313   578777   121007   579107   120767   579503   120473   579707   120293   579773   119747   581663   346259    60923   405347    83177   536699
   537413    83063   405497    60869   580373   115343   584873   115127   584993   114689   585413   114419   585677   114269   585839   114143   585917   113969   586073   113657   586493   113417   586679   113213   586979   112919   587219   112589   587429   112403   587669   112253   587987   111893   588173   111767   588347   111623   588509   111323   588737   111263   588779   111053   590867   346139   119633   639137   294509   616943   162593
   162419   616997   294479   639269   119627   588977    30593   669659    30137   669887    30059   670139    29789   670343    29429   670583    29387   670673    29243   670853    29129   671189    28703   671357    28403   671717    28277   671777    27947   672227    27689   672557    27239   672827    27143   673019    26849   673193    26783   673247    26693   673613    26387   675029   346349   111029   580379    60737   405527    83009   537587
   537743    82757   405659    60443   580577   110819   673649   249449   450587   249329   450719   249107   450917   248909   451103   248609   451523   247997   452159   247613   452453   247409   452813   246899   453197   246713   453317   246209   453833   245897   454247   245753   454379   245183   454919   245039   454973   244787   455339   244493   455603   244379   244217   560039    26357   589187   119429   639563   294347   617249   162263
   162257   617387   294317   639689   119243   589409    26339   455849    13553   686519    13367   686669    13217   686843    13127   686897    13043   686969    12983   687083    12899   687317    12647   687437    12413   687683    12269   687767    12227   687809    12113   688067    11933   688097    11867   688217    11783   688637    11273   688763    11117   690467   347033   244157   673667   110597   580763    60317   405689    82619   537749
   538049    82559   405827    60293   580919   110567   673769   243857   688979    70199   629843    70079   629939    70019   630107    69809   630353    69539   630689    69203   630863    68993   631187    68777   631307    68597   631529    68447   631859    67883   632153    67733   632297    67679   632447    67547   632483    67307   632717    66809   633497   348209    11027   456149    26237   589439   119087   639713   294179   617447   161957
   161879   617537   294149   639839   118907   589529    26189   456167    10973   633209    54773   645383    54563   645467    54503   645629    54323   645713    54269   645839    53993   646067    53849   646193    53699   646397    53147   646889    53093   646937    52973   647039    52937   647117    52859   647189    52553   647477    52517   650483   346223    66797   689033   243839   673817   110477   581099    60167   405857    82469   538127
   538199    82349   405947    60149   581333   110129   674117   243239   689267    66749   647627   338027   362099   337859   362213   337697   362657   337313   362723   336989   363119   336827   363317   336437   363767   336059   363977   335879   364193   335693   364337   335633   364499   335123   364997   334877   365213   334637   333929   379997    52379   633257    10739   456767    25889   589877   118673   639857   294059   617657   161807
   161639   617699   293507   640007   118457   590123    25847   456809    10613   633377    52313   365513   208217   491867   208037   492053   207947   492083   207629   492413   207443   492629   207287   492893   206993   493067   206897   493127   206813   493403   206543   493523   206399   493733   206153   493937   206039   495899   347057   334493   647693    66629   689393   243197   674159   109883   581549    59999   406499    82307   538367
   538553    82163   406547    59957   581597   109517   674273   242867   689693    66533   647747   334379   493973   323537   376757   322877   377147   322709   377393   322463   377687   321983   378593   321323   378779   321053   379163   320699   379319   320609   379667   320303   379787   320153   379979   319817   385379   342899   206033   365627    52259   633473    10313   457139    25733   590489   118409   640049   293459   617843   161453
   161309   618053   293357   640127   118277   590537    25643   457277    10139   633623    52253   365759   206027   380327    32057   668033    31847   668609    31319   668699    31259   668813    31139   669023    30977   669113    30839   669329    23063   676967    23027   677147    22697   677387    22349   679829   346547   319679   493979   334247   647753    66383   689867   242729   674363   109469   581729    59879   406649    81953   538697
   538739    81749   406859    59747   581753   109433   674483   242639   689873    66377   647783   333779   494069   319673   677813    19979   680213    19709   680453    19373   681047    18917   681137    18839   681257    18713   681419    18443   681677    18287   681773    17957   682259    17729   683783   347099    22193   380333   205937   366227    52223   633629    10133   457367    25523   590573   118253   640259   293147   618257   161267
   160997   618269   293123   640307   118163   590609    25469   457403    10103   633767    51977   366269   205913   380417    22079   682337   303293   396719   303119   396953   302969   397259   302723   397427   302573   397493   302459   397589   301943   411167   288773   411479   288389   287057   460673    17669   677927   319589   494093   333737   648029    66239   689903   242603   674537   109397   581843    59699   406883    81737   539009
   539039    81677   406907    59417   582017   109379   674699   242453   690119    66173   648107   333719   494387   319547   678077    17579   411779   183047   517073   182927   517217   182639   517403   182549   517469   182519   517553   182417   517619   182129   517949   181757   519257   348527   288227   682427    21929   380459   205619   366287    51899   633833     9887   457553    25307   590627   117989   640589   293099   618329   160967
   160877   618377   292517   640613   117839   590753    25247   457559     9629   633923    51767   366293   205487   380837    21803   682673   287939   518387   281339   418709   281207   418889   280949   419147   280817   419303   280589   419423   280547   419597   280253   277637   491639   181619   412067    17333   678203   319169   494519   333713   648239    66083   690377   242447   674759   109253   582167    59393   407489    81629   539129
   539267    81569   407579    59357   582173   108917   674837   242399   690419    65993   648257   333623   494609   319127   678407    17327   412133   181409   420029     1619   698393     1559   698483     1499   698567     1283   698729     1103   699053      947   351587   697217   279977   518597   287873   682679    21599   380879   205397   366383    51749   634013     9587   457607    25169   591089   117833   640649   292427   618437   160739
   160697   618707   292367   640733   117797   591113    25127   457697     9497   634079    51713   366467   205319   380909    21569   683303   287849   518729   279857   699077      449   699617      239   699947       53   700001   349967   350087   349913   354533   345227      929   420149   181277   412157    16703   678437   319097   494687   333539   648293    65927   690509   242309   674879   108893   582209    59273   407639    81299   539309
   539507    81173   407723    59159   582227   108869   675083   242093   690533    65837   648677   333323   494699   319049   678599    16649   412193   181199   420317      887   350213   271517   428639   271163   429083   270659   429413   270539   269987   509027   349793   699119   279689   518807   287813   683357    21407   380957   205307   366683    51329   634169     9473   457913    24923   591137   117779   640847   292283   618833   160499
   160373   618929   292223   640943   117497   591509    24809   458027     9377   634307    51287   366983   205223   381323    21347   683453   287549   518813   279413   699197   349787   429497   155069   544979   154943   545387   154523   550757   344363   270509   350219      809   420593   181193   412457    16553   678659   318683   494783   333023   648719    65699   690629   241979   675197   108497   582509    59063   407783    81077   539633
   539639    80819   407969    58913   582563   108347   675239   241883   690869    65633   648803   332987   494849   318629   678779    16529   412619   180779   420599      719   350663   270443   545759   268439   431603   268343   267863   513767   154247   429563   349343   699287   279407   519227   287387   683477    21227   381377   205157   367019    51203   634373     9137   458123    24767   591659   117443   641093   292037   619187   160367
   160343   619967   291869   641279   117329   591743    24659   458189     8969   634397    50849   367277   205133   381533    21017   683513   286973   519359   279329   699323   349043   429599   154073   431807   342347   152909   554753   268199   545933   270407   350963      683   420677   180647   413033    16493   678989   318473   494873   332729   649157    65609   691037   241817   675347   108263   582677    58727   408137    80039   539663
   539837    79973   408173    58679   582737   108179   675413   241679   691199    65357   649217   332699   494903   318377   679067    16319   413243   180623   420737      569   351179   270329   545939   435563   562409   350003   137597   264443   154067   429677   348827   699437   279269   519383   286763   683687    20939   381629   205103   367307    50789   634649     8807   458327    24593   591827   117269   641327   291833   620033   160169
   160163   620099   291743   641579   117239   592133    24413   458363     8669   643883    50723   367559   205019   381659    20879   683777   286589   519509   279203   699443   348407   429683   552029   427967   145253   547097   357659   272039   147977   270323   351599      563   420803   180497   413417    16229   679127   318347   494987   332447   649283    56123   691337   241643   675593   107873   582767    58427   408263    79907   539843
   540149    79889   408437    58367   582887   107867   675827   241463   691343    56087   649379   332393   495119   318299   679157    16217   413537   180419   420977      557   351653   434267   141509   186239   268403   431663   432143   431567   558497   265739   348353   699449   279029   519587   286469   683789    20849   381707   204887   367613    50627   643919     8663   458543    24179   592139   117119   641639   291569   620117   159857
   159839   620159   291509   641789   117023   592289    24083   458663     8597   644009    50549   367733   204857   382037    20543   683819   286427   520067   278903   699539   347933   423713   355643   155027   545063   154619   545483   149249   544937   276293   352073      467   421103   179939   413579    16187   679463   317969   495149   332273   649457    55997   691409   241343   675923   107717   582983    58217   408497    79847   540167
   540173    79823   408563    58193   583013   107699   675929   241337   691433    55949   649619   332183   495449   317903   679607    16097   413807   179903   421163   348443   695927   190979   271367   428843   270923   429347   270593   429467   430019   428489     4079   351563   278843   520103   286199   683909    20399   382103   204557   367823    50387   644057     8573   458669    24077   592307   116993   641813   291443   620183   159833
   159773   620237   291293   641897   116867   592649    24029   458747     8543   644519    50363   367889   204443   382229    20297   683933   285953   520193   421643   697877   354779      389   699767       59   699953        5   350039   349919   350093   345473   699557     2129   278363   179813   414053    16073   679709   317777   495563   332117   649643    55487   691463   241259   675977   107357   583139    58109   408713    79769   540233
   540269    79613   408719    57809   583367   107279   676217   241127   691583    55457   649799   331907   495569   317453   679823    16067   414179   522167   418169     2789     1613   698447     1523   698507     1439   698723     1277   698903      953   699059   348419   698387   281837   177839   285827   683939    20183   382553   204437   368099    50207   644549     8423   458879    23789   592727   116639   642197   291287   620393   159737
   159629   620579   290999   642233   116537   592763    23753   458957     8369   644669    50177   368117   204377   382643    20147   684119   281243   173969   208367   281297   418799   281117   419057   280859   419189   280703   419417   280583   419459   280409   419753   422369   418667   526037   418763    15887   679859   317363   495629   331889   649829    55337   691637   241049   676253   107243   583469    57773   409007    79427   540377
   540383    79367   409043    57587   583523   107033   676259   241013   691709    55259   649877   331553   495647   317279   679883   349553   513419   351479   182933   517079   182789   517367   182603   517457   182537   517487   182453   517589   182387   517877   182057   518249   180749   516959   186587   350453    20123   382727   204359   368453    50129   644747     8297   458993    23747   592973   116483   642419   290963   620639   159623
   159617   620657   290669   642623   116387   593183    23669   459047     8243   644789    49823   368729   204299   382847    19013   343913   239333   303287   396887   303053   397037   302747   397283   302579   397433   302513   397547   302417   398063   288839   411233   288527   411617   412949   396713   356093   680993   317159   495707   331277   650183    55217   691763   240959   676337   106823   583619    57383   409337    79349   540389
   540437    79229   409349    57269   583727   106619   676373   240893   691787    55163   650477   331217   495773   419777   666647   352907    19793   680297    19553   680633    18959   681089    18869   681167    18749   681293    18587   681563    18329   681719    18233   682049    17747   682277    16223   680027    33359   280229   204233   368789    49529   644843     8219   459113    23633   593387   116279   642737   290657   620777   159569
   159407   620813   290627   642833   116273   593519    23537   459209     8087   644933    49463   369023   202343   267557   353459    31973   668159    31397   668687    31307   668747    31193   668867    30983   669029    30893   669167    30677   676943    23039   676979    22859   677309    22619   677657    20177   667949   432449   497663   330983   650543    55073   691919   240797   676469   106487   583733    57173   409379    79193   540599
   540713    78989   409517    57107   583997   106433   676589   240623   691997    54983   650813   378929   491429   357107   323249   377129   322859   377297   322613   377543   322319   378023   321413   378683   321227   378953   320843   379307   320687   379397   320339   379703   320219   379853   320027   380189   314627   376469   208577   321077    49193   645023     8009   459383    23417   593573   116009   642899   290489   621017   159293
   159233   621029   290189   642947   115979   593633    23357   459749     7907   645137   652229   345749   352949   208139   491969   207953   492059   207923   492377   207593   492563   207377   492719   207113   493013   206939   493109   206879   493193   206603   493463   206483   493607   206273   493853   206069   493967   204107   491789   354257    47777    54869   692099   240257   676649   106373   584027    57059   409817    78977   540773
   540779    78893   409823    56963   584153   106103   676679   240203   692249   647333    39869   320009   337907   362147   337793   362309   337349   362693   337283   363017   336887   363179   336689   363569   336239   363947   336029   364127   335813   364313   335669   364373   335507   364883   335009   365129   334793   365369   366077   361979   660137    52673     7757   459803    23327   593903   115853   643043   290183   621113   159227
   159017   621227   290039   643199   115823   593987    23279   460073   692333    36599   353783    54623   645443    54539   645503    54377   645683    54293   645737    54167   646013    53939   646157    53813   646307    53609   646859    53117   646913    53069   647033    52967   647069    52889   647147    52817   647453    52529   647489    49523   645233   663407     7673   239933   676727   106019   584183    56807   409967    78779   540989
   541097    78653   410117    56633   584249   106013   676919   460409      479   351797    70163   629927    70067   629987    69899   630197    69653   630467    69317   630803    69143   631013    68819   631229    68699   631409    68477   631559    68147   632123    67853   632273    67709   632327    67559   632459    67523   632699    67289   633197    66509   629807   699527   239597    23087   593993   115757   643373   289889   621353   158909
   158657   621527   289763   643463   115727   594023    22367   442733   352973    13487   686639    13337   686789    13163   686879    13109   686963    13037   687023    12923   687107    12689   687359    12569   687593    12323   687737    12239   687779    12197   687893    11939   688073    11909   688139    11789   688223    11369   688733    11243   688889     9539   686453   257273   677639   105983   584279    56543   410243    78479   541349
   541439    78173   410279    56453   584393   594617   667697   139967   249419   450677   249287   450899   249089   451097   248903   451397   248483   452009   247847   452393   247553   452597   247193   453107   246809   453293   246689   453797   246173   454109   245759   454253   245627   454823   245087   454967   245033   455219   244667   455513   244403   455627   455789   450557    32309   105389   115613   643553   289727   621833   158567
   158537   621869   289319   643589   584417    94613   353657    30347   669869    30119   669947    29867   670217    29663   670577    29423   670619    29333   670763    29153   670877    28817   671303    28649   671603    28289   671729    28229   672059    27779   672317    27449   672767    27179   672863    26987   673157    26813   673223    26759   673313    26393   673619    24977   669413   605393   115589    56417   410687    78137   541469
   541577    77933   410903   644117   104693   353867   115133   584879   115013   585317   114593   585587   114329   585737   114167   585863   114089   586037   113933   586349   113513   586589   113327   586793   113027   587087   112787   587417   112577   587603   112337   587753   112019   588113   111833   588239   111659   588383   111497   588683   111269   588743   111227   588953   109139   584663   595313    55889   289103   622073   158429
   158393   622157   412073    36137   353747   124577   575513   124433   575579   124337   575867   123887   576203   123719   576299   123323   577043   122939   577397   122579   577517   122477   577613   122267   577799   122069   577979   121889   578309   121607   578453   121523   578537   121403   578693   121229   578999   120899   579239   120503   579533   120299   579713   120233   580259   118343   575303   663869   287933    77849   541613
   541763   624797   274019   363149    65213   634859    65063   634979    65003   635087    64667   635507    64439   635849    64067   635969    63857   636263    63719   636359    63599   636473    63473   636539    63443   636653    63197   636947    62939   637079    62723   637319    62627   637409    62507   637529    62297   637787    62189   638303    61583   638453    61547   638663    61007   639053    50069   634679   425987    75209   158243
   543299    64403   355049   301793   398303   301649   398423   301463   398759   301073   399137   300857   399197   300779   399263   300317   399887   300023   399989   299807   400307   299447   400643   299147   400943   298937   401417   298049   401993   297953   402197   297707   402383   297503   402923   296969   403097   296843   403253   296507   403757   296129   403889   296027   404489   295313   404819   293603   398129   635603   156707
   139883   353453    88079   611969    88007   612137    87833   612263    87629   612383    87509   612713    87083   613013    86843   613169    86753   613427    86399   613637    86243   613889    85853   614177    85619   614483    85313   614759    84869   615269    84533   615497    84467   615557    84407   615617    84263   615767    84179   615869    83933   616103    83777   616289    83639   616409    83477   616547    83207   611837   560123
   356969   170369   530063   169919   530093   169823   530237   169709   530339   169493   530549   169409   530693   169199   531143   168803   531263   168719   531863   168029   531983   167729   532373   167627   532523   167267   532757   167099   532919   166973   533303   166679   533363   166457   533747   166169   533963   166013   534059   165833   534473   165083   535019   164837   535529   164309   535727   164249   535859   160319   529229
