    17579   682673    17327   683303    16649   683453    16529   683513    16319   683777    16223   683789    16187   683909    16073   683939    15887   684239    15737   684647    15233   684857    15137   684923    15017   685109    14759   685337    14639   685637    14327   685973    13997   686039    13907   686177    13553   686519    13367   686669    13217   686843    13127   686897    13043   686969    12983   687083    12899   690377   343787
   687317   288839   411233   288527   411617   288227   412067   287933   412133   287849   412193   287549   412619   287057   413033   286763   413417   286469   413579   286199   414053   285827   414467   285377   414779   285113   415109   284819   415517   284483   415559   284429   415949   283859   416243   283607   416543   283133   417089   282833   417239   282713   417617   282383   417719   282167   417863   282059   418073   346223    12689
    12647   417953   140423   559667   140333   559709   140207   559883   139967   560123   139709   560459   139409   560639   139169   560873   139109   560939   138959   561083   138647   561377   138617   561419   138407   561767   138209   561809   138059   562007   137723   562307   137597   562439   137399   562613   137303   563117   136649   563447   136463   563663   136193   564359   135599   564617   135353   565973   346349   282053   687359
   687437   281927   564797   266129   433889   265757   434267   265709   434303   265619   434459   265193   434849   265079   435107   264827   435257   264743   435563   264437   435647   264353   435839   264113   435923   264059   436097   263849   436283   263567   436607   263267   437153   262733   437357   262643   437693   262253   437819   262139   438029   261959   438233   261587   438443   261017   439253   347033   135209   418079    12569
    12413   418157   135089   439007   327983   372137   327839   372179   327737   372299   327629   372689   327209   372803   326999   373343   326657   373859   326063   374063   325889   374123   325673   374399   325319   374789   325187   374987   324977   375113   324773   375359   324593   375449   324497   375533   324437   375707   323957   376127   323699   376469   323249   377129   322859   316859   407489   260999   564917   281849   687593
   687683   281837   564989   260873   377297   317363   382727   317159   382883   317087   383069   316907   383153   316703   383429   316373   383813   316097   383969   315977   384107   315803   384227   315599   384437   315527   384599   315269   384827   314927   385127   314813   385199   314627   385403   314513   385607   314267   385793   314189   385877   314063   386117   313853   304847   429797   322709   439133   135017   418169    12323
    12269   418199   134669   439157   322613   386279   225167   474857   225089   474983   224969   475109   224717   475403   224579   475583   224327   475697   224129   475973   223919   476183   223757   476369   223577   476477   223493   476603   223367   476753   223247   477149   222713   477359   222329   477809   222149   477899   222059   477977   221849   478199   221747   478679   347873   313727   377393   260849   565337   281807   687737
   687767   281747   565517   260807   377543   313637   478403    89819   610409    89567   610619    89303   610733    89189   610919    88937   611189    88799   611213    88547   611483    88463   611837    88079   611969    88007   612137    87833   612263    87629   612383    87509   612713    87083   613013    86843   613169    86753   613427    86399   613637    86243   614483   347513   221603   386369   322463   439199   134489   418259    12239
    12227   418289   134417   439289   322319   386489   221219   613889   206399   493733   206153   493937   206039   493973   206027   494069   205913   494387   205487   494609   205319   494699   205223   494849   205133   494903   205019   495119   204857   495449   204443   495569   204377   495647   204299   495773   204107   495947   204047   495983   203999   200609   644009    86117   478787   313517   377687   260717   565589   281717   687779
   687809   281669   565637   260543   378023   312989   478913    85853   496163   271367   428843   270923   429347   270593   429467   270509   429563   270407   429677   270323   429719   269987   430343   269579   430433   269519   430769   269183   430949   268643   431369   268607   431513   268439   431603   268343   431807   268013   432143   267857   267719   512543   203843   614153   221093   387017   321983   439463   134369   418337    12197
    12113   418343   134339   439667   321413   387077   221069   614177   203663   432203   254699   445799   254039   446003   253919   446273   253349   446759   252899   447119   252869   447179   252323   448067   251639   448397   251177   448907   251003   449117   250853   449303   250673   449363   250343   449699   250199   449963   249923   249749   548489   267803   496343    85829   478937   312929   378593   260339   565667   281663   687893
   688067   281579   565787   260207   378683   312779   479147    85619   496427   267647   450209   178643   521393   178559   521519   178469   521567   178403   521657   178187   521879   178103   522113   177839   522383   177383   522659   177269   522749   177167   523307   176573   523637   176333   523763   176213   523847   176129   174407   697937   249797   432359   203579   614387   220859   387227   321323   439799   134219   418427    11939
    11933   418667   134213   440039   321227   387263   219983   614693   203117   432413   249779   524057    54167   646013    53939   646157    53813   646307    53609   646859    53117   646913    53069   647033    52967   647069    52889   647147    52817   647333    52553   647477    52379   647693    52259   647753    52223   648107   348419   175949   450227   267593   496889    85313   480023   312743   378779   259967   565793   281339   688073
   688097   281297   565919   259829   378929   312737   480047    85247   496949   267569   450413   175919   648029   164147   535967   163859   536273   163307   537413   162419   537743   162257   538049   161879   538199   161639   538553   161309   538739   160997   539039   160877   539267   160697   539507   160373   541817   345749    51977   524087   249593   432437   203057   614759   219959   387269   321077   440177   134087   418709    11909
    11867   418763   133949   440183   321053   387329   219839   615137   202889   432449   249533   524507    51767   539639   226409   473723   226217   473999   225989   474029   225809   474437   225527   474497   225503   474659   225299   474779   215927   484283   215399   484613   215273   484853   214943   212873   621029   160367   648239   175499   450473   267557   497117    84869   480167   312677   378953   259823   566057   281243   688139
   688217   281207   566273   259667   379163   312383   480209    84737   497339   267479   450503   175067   648257   160343   485123   212297   487889   211997   488057   211433   488603   211319   488723   211247   488909   210827   489197   210599   489449   210527   489539   210347   489689   210263   491219   347933   214883   539663    51749   524939   249503   432527   202667   615269   219797   387623   320843   440339   133733   418799    11789
    11783   418889   133439   440507   320699   387917   219707   615473   202409   432587   249449   525017    51713   539687   214589   489833   143063   557027   142973   557057   142733   557309   142469   557573   142217   557987   141803   558287   141509   558563   141179   559067   140729   570719   337793   210173   485417   160319   648293   174989   450557   267419   497597    84533   480299   312089   379307   259499   566567   281117   688223
   688637   280949   566723   259157   379319   312029   480317    84509   497603   267017   450587   174749   648677   160169   485447   209987   559367    29387   670673    29243   670853    29129   671189    28703   671357    28403   671717    28277   671777    27947   672227    27689   673667   347813   140639   490019   214559   539837    51329   525257   249419   432989   202403   615497   219689   387977   320687   440849   133283   419057    11369
    11273   419147   132953   440987   320609   388109   219677   615539   202343   433049   249329   525353    51287   539843   214463   490169   140477   672557   122963   577067   122609   577427   122489   577529   122393   577739   122207   577937   122027   578117   121697   582887   344957    27449   559529   209837   485543   160163   648719   174653   450677   266957   497663    84467   480329   311897   379397   259019   567053   280859   688733
   688763   280817   567059   258977   379667   311747   480419    84449   497729   266933   450719   174413   648803   159857   485567   209639   570659    27239   578399   191507   508559   191297   508817   191033   509027   190709   509393   190577   509477   190403   511163   348077   121607   672767   129347   490367   214439   540149    51203   525593   249287   433073   202277   615557   219587   388259   320339   441029   132947   419189    11243
    11117   419303   132863   441263   320303   388319   219503   615599   202049   433079   249107   525677    50849   540167   213953   490463   129119   672827   121553   509693   188303   511757   188147   512537   187433   512657   187163   513047   186947   185363   676679   190313   578453    27179   570887   209543   486053   159839   649157   174329   450899   266927   497957    84407   480503   311687   379703   258743   567143   280703   688889
   688979   280589   567257   258563   379787   311603   480569    84389   498053   266687   450917   174197   649217   159833   486119   209147   571019    27143   578483   190283   513137   112589   587429   112403   587669   112253   587987   111893   588977   348827   186869   509723   121523   672863   128987   490859   213887   540173    50789   525809   249089   433319   201953   615617   219437   388403   320219   441443   132749   419417    11027
    10973   419423   132623   441479   320153   388727   219293   615743   201797   433373   248909   525869    50723   540233   213827   490967   128969   673019   121469   509909   186653   588173     6689   693353     6569   693533     6329   368789   674759   111833   513353   190097   578537    26987   571037   209039   486179   159773   649283   174137   451097   266633   498209    84263   480713   311279   379853   258527   567383   280583   689033
   689267   280547   567569   258449   379979   311183   480989    84239   498557   266333   451103   173969   649379   159737   486293   208877   571133    26849   578603   189929   513419   111767   693683   109397   590627   109253   606959   333779     6323   588239   186587   510077   121403   673157   128873   491129   213713   540269    50627   526037   248903   433673   201449   615767   219017   388823   320027   441557   132437   419459    10739
    10613   419597   132347   441563   320009   389057   218963   615827   201359   433847   248609   526073    50549   540377   213599   491333   128327   673193   121313   510569   186239   588347     6317   590867   182639   697877   169493   109139   693689   111659   513767   189437   578693    26813   571679   208673   486407   159629   649457   173933   451397   266159   498647    84179   481043   310949   379997   258443   567659   280409   689393
   689693   280253   567719   258437   380189   310889   481133    84137   498803   255977   451523   173867   649619   159623   486449   208667   571847    26783   578777   189389   513899   111623   693743   591137   336857   350003   363149   108869     6263   588383   186107   510617   121229   673223   128159   491339   213557   540383    50387   526139   248483   444029   201203   615869   218873   389117   319817   441569   132287   419753    10313
    10139   419777   132059   441887   319679   389273   218849   616073   200867   444089   247997   526199    50363   540389   213467   491417   128153   673247   121007   510767   185993   588509   695999    92387   530513     2129   517367   607619     4007   111497   514013   189239   578999    26759   571853   208589   486539   159617   649643   173807   452009   255917   499139    83933   481157   310733   380327   258119   567947   280229   689867
   689873   279977   568097   257987   380333   310559   481379    83903   499283   255839   452159   173783   649799   159569   486677   208577   571973    26693   579107   189017   514049   590123   328343   366227   109379   590753    93047   590609   371663   109883   185957   510989   120899   673313   128033   491429   213329   540437    50207   526223   247847   444167   200723   616103   218627   389447   319673   442019   131909   420029    10133
    10103   420149   131639   442139   319589   389567   218417   616229   200657   444293   247613   526307    50177   540599   213209   491537   127979   673613   120767   511523   554417   107717    25247     6653   693437     6473   693677   331217   693317   592289   145589   188483   579239    26393   572027   208469   486797   159407   649829   173699   452393   255713   499349    83777   481589   310439   380417   257867   568367   279857   689903
   690119   279689   568643   257687   380459   310283   482099    83717   499493   255659   452453   173357   649877   159293   486833   208379   572093    26387   579503   512597   470597   351179   112577   587603   112337   587753   112019   588113   111029   587417   229409   187409   120503   673619   127913   491627   213173   540713    50129   526649   247553   444347   200513   616289   217907   389723   319547   442319   131363   420317     9887
     9587   420593   131297   442367   319169   389783   217793   616367   200483   444539   247409   526709    50069   540773   213029   491639   127703   673649   581729   182927    23327   188249   511859   187469   512573   187349   512843   186959   513059   514643   511703   517079   118277    26357   572303   208367   486977   159233   649937   173297   452597   255467   499523    83639   482213   310223   380837   257639   568709   279413   690419
   690467   279407   568877   257519   380879   310187   482309    83597   499649   255383   452813   173273   650183   159227   487007   208337   572357   676259   111323   351929   191447   508709   191189   508973   190979   509297   190613   509429   190529   509603   188843   508499   588683    23747   127649   491669   212999   540779    49823   526733   247193   444623   200357   616409   217697   389819   319127   442487   131129   420599     9539
     9497   420677   130817   442517   319097   389957   217619   616529   200153   444677   246899   526739    49529   540989   212579   491783   572399    19013   355049   122939   577397   122579   577517   122477   577613   122267   577799   122069   577979   121889   578309   117119   577043   680993   127607   208223   487427   159017   650477   173267   453107   255329   499853    83477   482387   310049   380909   257489   569189   279329   690509
   690533   279269   569237   257273   380957   309929   482507    83459   499943   255239   453197   173177   650483   158909   487637   502973   101207   352193    29333   670763    29153   670877    28817   671303    28649   671603    28289   671729    28229   672059    27779   672317    26339   670619   598799   197033   212369   541097    49523   526829   246809   444767   200063   616547   217499   390077   319049   442733   130769   420737     9473
     9377   420803   130589   442817   318683   390107   217409   616589   200033   444833   246713   527123    49463   541349   488513   191969   362213   142979   557033   142949   557273   142697   557537   142433   557789   142019   558203   141719   558497   141443   558827   140939   559277   129287   556943   508037   211493   158657   650543   172883   453293   255173   499973    83417   482597   309899   381323   257189   569417   279203   690629
   690869   279029   569663   257177   381377   309797   482687    83219   500153   255077   453317   172877   650813   541439   470303   352073   212117   488009   211949   488573   211403   488687   211283   488759   211097   489179   210809   489407   210557   489479   210467   489659   210317   489743   208787   487709   229703   158567    49193   527129   246689   444929   199853   616787   217319   390209   318629   442829   130343   420977     9137
     8969   421103   130259   443039   318473   390407   217253   616799   199673   444953   246209   527333    49019   149627    78977   226283   473789   226007   474017   225977   474197   225569   474479   225509   474503   225347   474707   225227   484079   215723   484607   215393   484733   215153   485063   487133   473597   550379   650987   172673   453797   255053   500333    83207   482753   309599   381533   256967   569747   278903   691037
   691199   278843   569927   256889   381629   309503   482837    83177   500369   254987   453833   532277   645683   354257   164039   536147   163733   536699   162593   537587   162263   537749   161957   538127   161807   538367   161453   538697   161267   539009   160967   539129   160739   539309   160499   539633   158189   535859    54323   167729   246173   445019   199637   616829   217169   390503   318377   443117   130079   421163     8807
     8669   421397   129959   443129   318347   390527   216617   616943   199523   445229   245087   511487   351587    53993   646067    53849   646193    53699   646397    53147   646889    53093   646937    52973   647039    52937   647117    52859   647189    52673   647453    52529   647627    52313   647747    52253   647783    51899   645839   188519   454919   254777   500483    83063   483389   309479   381659   256877   570047   278609   691337
   691343   278489   570113   256757   381707   309359   483773    83009   500519   253607   647489     2069   178613   521447   178487   521537   178439   521603   178349   521819   178127   521903   177893   522167   177623   522623   177347   522737   177257   522839   176699   523433   176369   523673   176243   523793   176159   523877   525599   521363    52517   446399   199487   616997   216233   390647   318299   443249   129893   421517     8663
     8597   421643   129593   443363   317969   390737   216179   617249   501029   604223   151517   254207   445967   254003   446087   253733   446657   253247   447107   252887   447137   252827   447683   251939   448367   251609   448829   251099   449003   250889   449153   250703   449333   250643   449663   250307   449807   250043   450083   450257   445307    95783   198977    82757   483827   309269   382037   256643   570413   278363   691409
   691433   278279   570419   256517   382103   309137   484067   617657   488633   187463   271163   429083   270659   429413   270539   429497   270443   429599   270329   429683   270287   430019   269663   430427   269573   430487   269237   430823   269057   431363   268637   431399   268493   431567   268403   431663   268199   431993   267863   432149   432287   428639   211373    82349   215939   390869   317903   443489   129587   421727     8573
     8543   421943   129539   443837   317777   391067   484727    74027    55997   206273   493853   206069   493967   206033   493979   205937   494093   205619   494519   205397   494687   205307   494783   205157   494873   205103   494987   204887   495149   204557   495563   204437   495629   204359   495707   204233   495899   204059   495959   204023   496007   499397   493607   625979   215279   308939   382229   256169   570467   278063   691463
   691583   277919   570497   256133   382553   307583   206897   352493    89597   610439    89387   610703    89273   610817    89087   611069    88817   611207    88793   611459    88523   611543    88169   611927    88037   611999    87869   612173    87743   612377    87623   612497    87293   612923    86993   613163    86837   613253    86579   613607    86369   613763    85523   610187   493109   392423   317453   443873   129509   422087     8423
     8369   422249   129497   443987   384113   466247   352133   225149   474917   225023   475037   224897   475289   224603   475427   224423   475679   224309   475877   224033   476087   223823   476249   223637   476429   223529   476513   223403   476639   223253   476759   222857   477293   222647   477677   222197   477857   222107   477947   222029   478157   221807   478259   221327   474839   233759   315893   256019   570509   277757   691637
   691709   277643   570587   444869   365759   270209   317279   382847   317123   382919   316937   383099   316853   383303   316577   383633   316193   383909   316037   384029   315899   384203   315779   384407   315569   384479   315407   384737   315179   385079   314879   385193   314807   385379   314603   385493   314399   385739   314213   385817   314129   385943   313889   386153   395159   382643   334247   255137   129419   422363     8297
     8243   422369   129263   244493   292517   327869   372167   327827   372269   327707   372377   327317   372797   327203   373007   326663   373349   326147   373943   325943   374117   325883   374333   325607   374687   325217   374819   325019   375029   324893   375233   324647   375413   324557   375509   324473   375569   324299   376049   323879   376307   323537   376757   322877   377147   383147   372023   455513   570743   277637   691763
   691787   428303   559343   352973   266117   434249   265739   434297   265703   434387   265547   434813   265157   434927   264899   435179   264749   435263   264443   435569   264359   435653   264167   435893   264083   435947   263909   436157   263723   436439   263399   436739   262853   437273   262649   437363   262313   437753   262187   437867   261977   438047   261773   438419   261563   438989   260753   433877   140663   271703     8219
     7607   258827   353657   140339   559673   140297   559799   140123   560039   139883   560297   139547   560597   139367   560837   139133   560897   139067   561047   138923   561359   138629   561389   138587   561599   138239   561797   138197   561947   137999   562283   137699   562409   137567   562607   137393   562703   136889   563357   136559   563543   136343   563813   135647   564407   135389   564653   134033   559583   441179   692399
   678779   353783   288773   411479   288389   411779   287939   412073   287873   412157   287813   412457   287387   412949   286973   413243   286589   413537   286427   413807   285953   414179   285539   414629   285227   414893   284897   415187   284489   415523   284447   415577   284057   416147   283763   416399   283463   416873   282917   417173   282767   417293   282389   417623   282287   417839   282143   417947   281933   411167    21227
   356219    17333   682679    16703   683357    16553   683477    16493   683687    16229   683783    16217   683819    16097   683933    16067   684119    15767   684269    15359   684773    15149   684869    15083   684989    14897   685247    14669   685367    14369   685679    14033   686009    13967   686099    13829   686453    13487   686639    13337   686789    13163   686879    13109   686963    13037   687023    12923   687107     9629   682427
