   182417   517619   182129   517949   181757   518387   181409   518729   181199   518813   180779   519257   180647   519383   180497   519587   179939   520103   179813   520313   179657   520427   179573   520649   179327   520763   178853   521309   178643   521393   178559   521519   178469   521567   178403   521657   178187   521879   178103   522113   177839   522383   177383   522659   177269   522749   177167   523307   176573   176129   694919
   523637    99149   600983    98963   601067    98927   601379    98519   601883    98057   602033    97967   602087    97673   602453    97463   602627    97367   602999    96959   603149    96797   603227    96749   603563    96059   603989    95783   604259    95393   604727    95273   604787    95177   604997    94889   605393    94529   605543    94433   605609    94169   606083    93893   606323    93563   606449    93503   626627   326657   176369
   176333   606527   312779   387263   312737   387329   312383   387917   312029   388109   311747   388319   311603   388727   311183   389057   310889   389273   310559   389567   310283   389783   310187   389957   309929   390107   309797   390407   309503   390527   309359   390737   309137   391067   308933   391283   308639   391487   308327   391757   308117   392087   307583   392477   307337   392723   307169   394223   345749    93479   523673
   523763    93419   392927    75527   624599    75323   624737    75209   624839    75029   625103    74897   625133    74699   625319    74609   625409    74489   625643    74093   625979    73973   626063    73859   626159    73673   626363    73613   626477    73517   626963    73019   627083    72623   627953    71993   628097    71879   628139    71789   628373    71333   628679    71249   628877    71069   639857   336827   307079   606587   176243
   176213   606743   306947   629009   136889   563357   136559   563543   136343   563813   135647   564407   135389   564653   135209   564917   135017   565337   134489   565589   134369   565667   134219   565793   134087   565973   133949   566273   133439   566723   132953   567059   132863   567257   132623   567569   132347   567719   132059   568097   131639   568643   131297   568877   130817   570113   346547    70997   393059    93263   523793
   523847    93047   393257    70667   569237   126143   574109   125717   574367   125387   574667   125303   574799   125093   575027   124919   575153   124793   575303   124577   575513   124433   575579   124337   575867   123887   576203   123719   576299   123323   577043   122939   577397   122579   577517   122477   577613   122267   577799   122069   577979   121889   578309   121607   579773   346349   130769   629339   306749   606959   176159
   175949   607049   306707   629417   130589   578453    40847   659177    40583   659513    40283   659843    39953   660119    39869   660167    39779   660347    39503   660563    39323   660887    39113   660899    39089   660983    38903   661139    38747   661439    38459   661553    38393   661673    38327   661769    38183   662357    37529   662513    37313   662789    37139   663239   347813   121553   569417    70589   393299    92957   524057
   524087    92849   393473    70439   569663   121523   662957   260999   439133   260849   439199   260753   439289   260543   439667   260207   440039   259829   440183   259667   440507   259157   440987   258977   441179   258743   441443   258527   441557   258443   441569   258119   442019   257867   442319   257639   442487   257489   442733   257189   442829   256967   255839   535169    37049   578483   130343   629567   306533   607157   175919
   175499   607253   306419   629807   130259   578537    36857   443117    23753   676259    23669   676373    23537   676589    23357   676679    23279   676943    23039   676979    22859   677309    22619   677639    22349   677813    22079   678077    21803   678407    21569   678599    21347   678779    21017   679067    20879   679157    20543   679607    20297   685337   342497   256889   663149   121469   569747    70199   393587    92753   524507
   524939    92699   393629    70163   569927   121403   663407   256877   679823    82307   617843    81953   618257    81737   618329    81629   618437    81299   618833    81077   619187    80039   620033    79907   620117    79847   620183    79769   620393    79427   620639    79349   620777    79193   621017    78977   621113    78779   621353    78479   624347   345473    20183   443129    36599   578603   130079   629843   306377   607307   175067
   174989   607337   306329   629927   129959   578693    36467   443249    20177   621833    65063   634979    65003   635087    64667   635567    64403   635849    64067   635969    63857   636263    63719   636359    63599   636473    63473   636539    63443   636653    63197   636947    62939   637079    62723   637319    62627   637409    62507   637787   348527    78173   679829   256757   663539   121313   570047    70079   393677    92669   525017
   525257    92657   393797    70067   570413   121229   663653   256643   679859    78137   637529      563   699449      479   699539      449   699617      239   699947       53   700001   349967   350087   349913   350213   349787   350453   349343   350963   348827   351563   348419   351599   348353   351797   348077   352049   347933   341339   359069    62477   621869    20147   443363    36353   578777   129593   629939   306209   607349   174749
   174653   607517   306149   629987   129587   578999    36293   443489    20123   622073    62297   352133   219839   480209   219707   480317   219677   480419   219503   480569   219293   480989   218963   481133   218849   481379   218417   482099   217793   482309   217619   482507   217409   482687   217253   482837   216617   215399   616289   347873   637709    77933   679883   256517   663713   121007   570419    70019   393857    92489   525353
   525593    92387   393977    69899   570467   120899   663737   256169   680027    77849   637817   347513   483773   335669   364373   335507   364883   335009   365129   334793   365369   334493   365627   334247   366077   333779   366269   333719   366293   333623   366467   333323   366983   332987   367277   332699   331277   384203   216233   352493    62189   622157    19979   443837    36269   579107   129539   630107   306029   607619   174413
   174407   607769   305999   630197   129509   579239    36209   443873    19793   622493    61703   352907   216179   367559    42197   657827    42023   658079    41879   658247    41729   658319    41627   658403    41519   658607    41357   658817    32993   667019    32579   667577    32363   667697    32237   689267   327707   332447   483827   347099   638303    77513   680213   256133   663797   120767   570497    69809   394007    92237   525599
   525677    91733   394073    69653   570509   120503   663869   256019   680297    77477   638423   347057   484067   332393   667817    29867   670217    29663   670577    29387   670673    29243   670853    29129   671189    28703   671357    28403   671717    28277   671777    27947   672227    27689   685109   336059    32189   367613   215939   352949    61583   622529    19709   443987    36137   579503   129497   630353   305933   608273   174329
   174197   608303   305849   630467   129419   579533    35963   444029    19553   622637    61553   352973   215927   367733    32057   672557   314267   385793   314189   385877   314063   386117   313853   386279   313637   386489   312989   387077   302573   397493   302459   397589   301943   297707   449663    27449   667949   332273   484079   347033   638453    77369   680453   255977   664043   120473   570587    69539   394157    91703   525809
   525869    91583   394367    69317   570659   120299   664109   255917   680633    77213   638459   346553   484283   332183   668033    27239   398129   194729   505283   194687   505523   194087   505949   194027   506147   193793   506327   193649   506537   193433   506843   193133   530297   325607   301877   672767    31973   367823   215723   353453    61547   622793    19373   444089    35897   579707   129347   630689   305639   608423   174137
   173969   608429   305597   630803   129287   579713    35753   444293    19013   623003    61343   353567   215393   367889    31847   672827   301793   506963   293603   406499   293459   406649   293147   406883   293099   407489   292427   407639   292283   407783   292037   416399   340649   193043   398213    27179   668159   332117   484613   346439   638663    77003   680993   255713   664253   120293   570719    69203   394409    91577   526037
   526073    91397   394523    69143   570743   119747   664403   255659   681047    76949   638999   346259   484727   331907   668609    27143   398303   193013   408137     9587   690467     9497   690533     9377   690869     8969   691199     8669   691343     8597   698273   342659   291869   506993   301703   672863    31397   368099   215279   353747    61007   623057    18959   444347    35603   580259   129263   630863   305483   608609   173933
   173867   608633   305477   631013   129119   580373    35423   444539    18917   623327    60953   353783   215273   368117    31319   673019   301649   507029   291833   691433     7907   692249     7673   692399     7583   692459     7253   692927     7043   357767   684773     8573   408173   192977   398357    26987   668687   331889   484733   346223   639053    76679   681089   255467   664583   119633   570887    68993   394529    91373   526139
   526199    91163   394637    68819   571019   119627   664613   255383   681137    76289   639083   346187   484853   331553   668699    26849   398423   192887   408263     8543   693089   281297   418763   281207   418889   280949   419147   280817   279269   489689     6917   691463   291743   507119   301583   673157    31307   368453   215153   353819    60923   623717    18869   444623    35393   580379   128987   631187   305369   608843   173807
   173783   608987   305363   631229   128969   580577    35339   444677    18839   623723    60869   353867   214943   368789    31259   673193   301463   507329   291569   691583     6869   419303   167633   532379   167483   532757   167099   539633   343037   280703   693137     8423   408437   192677   398543    26813   668747   331217   485063   346139   639137    76283   681167   255329   664667   119429   571037    68777   394643    91019   526223
   526307    90863   394739    68699   571133   119243   664679   255239   681257    75797   639269   346043   485123   330983   668813    26783   398759   192407   408497     8369   693149   280589   532919   278489   421643   278279   277637   493967   167087   419417     6857   691637   291509   507599   301247   673223    31193   369023   214883   353963    60737   624209    18749   444767    35327   580763   128873   631307   305267   609143   173699
   173357   609173   305219   631409   128327   580919    35267   444833    18713   624233    60443   354317   214589   369119    30983   673247   301073   507743   291443   691709     6827   419423   166973   421943   343913   241883   464213   278063   533033   280583   693179     8297   408563   192263   398933    26759   669023   330887   485417   345689   639563    75773   681293   255173   664739   119087   571679    68597   394787    90833   526649
   526709    90647   395027    68477   571847   118907   664847   255137   681419    75539   639689   345329   485447   330653   669029    26693   399137   192053   408713     8243   693317   280547   533303   427967   470303   350003   229703   272039   166703   419459     6689   691763   291293   507953   300869   673313    30977   369353   214559   354677    60317   624467    18587   444869    35159   581099   128159   631529   304979   609359   173297
   173273   609407   304937   631559   128153   581333    34883   444929    18443   633767    60293   354743   214463   369419    30893   673613   300857   508037   291287   691787     6653   419597   535757   415577   235793   458123   356093   284429   164249   280409   693353     8219   408719   191969   399149    26393   669113   330587   485543   345263   639713    66239   681563   255077   665123   118673   571853    68447   395069    90599   526733
   526739    90473   395159    68147   571973   118457   665267   255053   681677    66173   639839   345227   485567   330359   669167    26387   399197   191903   409007     8087   693437   458957   156467   206039   278363   421727   422369   421517   543539   241049     6569   691919   290999   508103   300809   673619    30839   369647   214439   354779    60167   633833    18329   444953    34739   581549   128033   631859   304847   609533   173267
   173177   609599   304763   632123   127979   581597    34703   445019    18287   633923    59999   355037   213953   369659    30677   673649   300779   508223   290963   691997   696239   379997   356969   167627   532523   167249   532907   160373   532373   320009     3767     8009   409043   191783   399227    26357   669329   330347   486053   344969   640007    66083   681719   254987   665303   118409   572027    67883   395243    90407   526829
   527123    90263   395453    67853   572093   118343   665507   254777   681773    65993   640049   344957   486119   330047   669413    26339   399263   191747   409337     5987   337313   210317   281243   418799   281117   419057   280859   419189   420737   418709   362693   694019   290669   508259   300743   673667    30593   369959   213887   355049    59957   634013    18233   445229    34499   581663   127913   632153   304553   609743   172883
   172877   609779   304349   632273   127703   581729    34457   445307    17957   634079    59879   355463   213827   370133    30347   673769   300317   508349   410117   685367    15233     7757   692333     7607   692423     7547   692753     7079   692963   342239   692099    14639   289889   191657   399689    26237   669659   329873   486179   344543   640127    65927   682049   254699   665549   118277   572303    67733   395657    90227   527129
   527333    90203   396203    67709   572357   118253   665603   254207   682259    65837   640259   344363   486293   329789   669869    26189   399887   512543   277919   357347     9539   690509     9473   690629     9137   691037     8807   691337     8663   691409     1733   690419   422087   187463   300119   673817    30137   370217   213713   355643    59747   634169    17747   445799    34403   581753   127649   632297   303803   609803   172673
   172607   609809   303767   632327   127607   581843    34283   445967    17729   634307    59699   355679   213599   370613    30119   674117   296969   160697   359357   293507   406547   293357   406859   293123   406907   292517   407579   292367   407723   292223   407969   283607   406403   539309   403037    25889   669887   329393   486407   344327   640307    65699   682277   254039   665723   118163   572399    67679   396239    90197   527399
   527453    90017   396293    67559   572423   117989   665747   254003   682337    65633   640589   344243   486449   329387   669947    25643   489449   374399   194723   505319   194483   505919   194057   505979   193859   506213   193679   506357   193469   506573   193163   506873   169709   505277   210557   674363    30059   370619   213557   355763    59417   634373    17669   446003    34259   582017   127583   632447   303713   609989   172553
   172517   610157   303683   632459   127487   582167    34217   446087    17579   634397    59393   355799   213467   370673    25733   656993   250343   314213   385817   314129   385943   313889   386153   313727   386369   313517   387017   312929   397433   302513   397547   302417   398063   402299   385739    43013   674273   329333   486539   344207   640613    65609   682427   253919   665789   117839   572519    67547   396323    89849   527489
   527633    89819   396413    67523   572633   117833   666143   253733   682673    65357   640649   344153   486677   371417   640943   363947    29789   670343    29429   670619    29333   670763    29153   670877    28817   671303    28649   671603    28289   671729    28229   672059    27779   672317    14897   670139    59063   328589   213329   355853    59357   634649    17333   446273    33863   582173   127373   632483   303593   610187   172373
   172307   610409   303497   632699   127163   582209    33773   446399    17327   634679    59273   355967   488687   358229   372299    42179   657983    41927   658127    41759   658277    41687   658379    41603   658487    41399   658649    41189   667013    32987   667427    32429   667643    32309   667769    10739   657809   341777   211319   344039   640733    65327   682679   253607   666233   117797   572843    67307   396509    89597   527699
   527789    89567   396533    67289   572867   117779   666437   253349   683303    65213   640847   357809   472847   315803   335633   364499   335123   364997   334877   365213   334637   365513   334379   365759   333929   366227   333737   366287   333713   366383   333539   366683   333023   367019   332729   367307   368729   364337   227159   342197    59159   634793    16703   446657    33569   582227   127139   632717   303473   610439   172217
   172097   610619   303377   633197   127103   582509    33479   446759    16649   634859   646157   696659    83717   219797   480299   219689   480329   219587   480503   219437   480713   219017   481043   218873   481157   218627   481589   217907   482213   217697   482387   217499   482597   217319   482753   217169   483389   484607   480167     3347    53849    65147   683357   253247   666527   117497   572903    66809   396629    89387   527909
   528137    89303   396713    66797   572927   117443   666647   252899   683453   635507    48197   340937      557   699527      467   699557      389   699767       59   699953        5   350039   349919   350093   349793   350219   349553   350663   349043   351179   348443   351587   348407   351653   348209   351929   347957   352073   358667   699443   651809    64499    16553   447107    33359   582563   127079   633209   303293   610703   171869
   171707   610733   303287   633257   127037   582677    33149   447119    16187    44963   351479    65027   635003    64919   635339    64439   635603    64157   635939    64037   636149    63743   636287    63647   636407    63533   636533    63467   636563    63353   636809    63059   637067    62927   637283    62687   637379    62597   637499    62219   634943   655043   683819   252887   666857   117329   572969    66749   396719    89273   528299
   528623    89189   396887    66629   573179   117269   666983   449807   670583   354533    82163   618053    81749   618269    81677   618377    81569   618707    81173   618929    80819   619967    79973   620099    79889   620159    79823   620237    79613   620579    79367   620657    79229   620813    78989   621029    78893   621227    78653   621527    75659   617699    29423   250199    33023   582737   126827   633377   303119   610817   171383
   171299   610919   303053   633473   126743   582767   668867   429719   357509    23747   676337    23633   676469    23417   676649    23327   676727    23063   676967    23027   677147    22697   677387    22367   677657    22193   677927    21929   678203    21599   678437    21407   678659    21227   678989    20939   679127    20849   679463    20399   679709    14669   676253   270287    31139   117239   573263    66533   396953    89087   528707
   528929    88937   397037    66509   573647   582887    23087   164837   260873   439157   260807   439253   260717   439463   260339   439799   259967   440177   259823   440339   259499   440849   259019   441029   258827   441263   258563   441479   258449   441563   258437   441887   257987   442139   257687   442367   257519   442517   257273   442817   257177   443039   444167   439007   676919   117119   126359   633497   302969   611069   171077
   170957   611189   302747   633623   573899   106823   352193    40829   659423    40493   659723    40163   660053    39887   660137    39839   660227    39659   660503    39443   660683    39119   660893    39107   660917    39023   661103    38867   661259    38567   661547    38453   661613    38333   661679    38237   661823    37649   662477    37493   662693    37217   662867    36767   659159   593183   126107    66383   397259    88817   529049
   529229    88799   397283   633629   114167   353657   125897   574289   125639   574619   125339   574703   125207   574913   124979   575087   124853   575213   124703   575429   124493   575573   124427   575669   124139   576119   123803   576287   123707   576683   122963   577067   122609   577427   122489   577529   122393   577739   122207   577937   122027   578117   121697   578399   120233   573863   585839    66377   302723   611207   170777
   170369   611213   397427    46187   353459   136649   563447   136463   563663   136193   564359   135599   564617   135353   564797   135089   564989   134669   565517   134417   565637   134339   565787   134213   565919   134033   566057   133733   566567   133283   567053   132947   567143   132749   567383   132437   567659   132287   567947   131909   568367   131363   568709   131129   569189   129893   563117   653819   302579    88793   529637
   530063   614759   289763   363179    75407   624683    75269   624797    75167   624977    74903   625109    74873   625307    74687   625397    74597   625517    74363   625913    74027   626033    73943   626147    73847   626333    73643   626393    73529   626489    73043   626987    72923   627383    72053   628013    71909   628127    71867   628217    71633   628673    71327   628757    71129   628937    60149   624479   410243    85247   169943
   532739    54323   354257   312743   387269   312677   387623   312089   387977   311897   388259   311687   388403   311279   388823   310949   389117   310733   389447   310439   389723   310223   389819   310049   390077   309899   390209   309599   390503   309479   390647   309269   390869   308939   391073   308723   391367   308519   391679   308249   391889   307919   392423   307529   392669   307283   392837   305783   387227   645683   167267
   502499   373349    99023   601043    98939   601079    98627   601487    98123   601949    97973   602039    97919   602333    97553   602543    97379   602639    97007   603047    96857   603209    96779   603257    96443   603947    96017   604223    95747   604613    95279   604733    95219   604829    95009   605117    94613   605477    94463   605573    94397   605837    93923   606113    93683   606443    93557   606503    73379   600857   197507
     5087   182387   517877   182057   518249   181619   518597   181277   518807   181193   519227   180749   519359   180623   519509   180419   520067   179903   520193   179693   520349   179579   520433   179357   520679   179243   521153   178697   521363   178613   521447   178487   521537   178439   521603   178349   521819   178127   521903   177893   522167   177623   522623   177347   522737   177257   522839   176699   523433   523877   517589
