   187349   512843   186959   513059   186869   513353   186587   513767   186107   514013   185957   514103   185819   514313   185483   514529   185369   514643   185267   514823   185153   514949   184727   515357   184577   515519   184409   515873   184013   516209   183713   516323   183569   516617   183383   516689   183167   516947   183047   517073   182927   517217   182639   517403   182549   517469   182519   517553   182417   517877   347057
   517619   104693   595547   104393   595709   103997   596027   103913   596117   103643   596423   103217   596927   103043   597053   102797   597353   102587   597473   102407   597677   102317   597803   102107   597929   101999   598049   101879   598379   101363   598727   101207   599069   100853   599273   100703   599513   100469   599603   100343   599693    99839   600239    99713   600317    99347   600689    99173   601043   347513   182387
   182057   600857   317453   382643   317279   382847   317123   382919   316937   383099   316859   383153   316703   383429   316373   383813   316097   383969   315977   384107   315893   384203   315779   384407   315569   384479   315407   384737   315179   385079   314879   385193   314807   385379   314603   385493   314399   385739   314213   385817   314129   385943   313889   386153   313727   386369   313517   312737   421643    99149   517949
   518249    99023   387017    81953   618257    81737   618329    81629   618437    81173   618929    80819   619967    79973   620099    79889   620159    79823   620237    79613   620579    79367   620657    79229   620813    78989   621029    78893   621227    78653   621527    78173   621869    77933   622157    77513   622529    77369   622793    77003   623057    76679   623717    76283   624209    75773   628679   342413   312989   600983   181757
   181619   601067   312929   624347   142217   557987   141803   558287   141509   558563   141179   559067   140729   559343   140639   559529   140423   559667   140333   559709   140207   559883   139967   560123   139709   560459   139409   560639   139169   560873   139109   560939   138959   561083   138647   561377   138617   561419   138407   561767   138209   561809   138059   562007   137723   562703   347873    75659   387077    98939   518387
   518597    98927   387227    75539   562307   132059   568097   131639   568643   131297   568877   130817   569237   130589   569663   130259   569927   129959   570113   129593   570419   129539   570497   129497   570587   129347   570719   129263   570887   128987   571037   128873   571679   128159   571853   128033   572027   127913   572303   127649   572399   127583   572519   127373   573179   347033   137699   624467   312779   601079   181409
   181277   601379   312743   624479   137597   572843    45497   654593    45377   654743    45179   654923    44963   655229    44633   655649    44279   655757    44159   655883    43943   656153    43577   656519    43403   656609    43319   656783    43067   656993    42989   657233    42737   657323    42533   657497    42467   657707    42227   657809    42179   657983    41927   658319   347957   127163   562409    75527   387263    98627   518729
   518807    98519   387329    75407   562439   127139   658127   266687   433373   266333   433847   266129   433889   265757   434267   265709   434303   265619   434459   265193   434849   265079   435107   264827   435257   264743   435563   264437   435647   264353   435839   264113   435923   264059   436097   263849   436283   263567   436607   263267   437153   262733   439007   346187    41879   572867   137567   624599   312677   601487   181199
   181193   601883   312383   624683   137399   572903    41759   437357    28703   671357    28403   671717    28277   671777    27947   672227    27689   672557    27239   672827    27143   673019    26849   673193    26783   673247    26693   673613    26387   673649    26339   673769    26189   674117    25847   674273    25643   674483    25469   674699    25247   678407   344327   262649   658247   127103   562607    75323   387623    98123   518813
   519227    98057   387917    75269   562613   127037   658277   262643   674837    87083   613013    86843   613169    86753   613427    86399   613637    86243   613889    85853   614177    85619   614483    85313   614759    84869   615269    84533   615497    84467   615557    84407   615617    84263   615767    84179   615869    83933   616103    83777   616289   349043    25169   437363    41729   572969   137393   624737   312089   601949   180779
   180749   602033   312029   624797   136889   573263    41627   437693    25127   616367    69899   630197    69653   630467    69317   630803    69143   631013    68819   631229    68699   631409    68477   631559    68147   632123    67853   632273    67709   632327    67559   632459    67523   632699    67289   633197    66797   633257    66629   637529   344039    83639   674879   262313   658379   126743   563117    75209   387977    97973   519257
   519359    97967   388109    75167   563357   126359   658403   262253   675029    83597   633473     4637   695777     4139   695873     4127   695927     4007   696077     3923   696239     3593   696617     3347   696887     2957   697079     2879   697217     2633   697397     2549   697583     2333   697733     2129   697937     2039   351929   694523    66533   616409    24977   437753    41603   573647   136649   624839   311897   602039   180647
   180623   602087   311747   624977   136559   573863    41519   437819    24923   616529    66509   697979   225347   474707   225227   474839   225149   474917   225023   475037   224897   475289   224603   475427   224423   475679   224309   475877   224033   476087   223823   476249   223637   476429   223529   476513   223403   480299   345329     2027   633497    83477   675083   262187   658487   126143   563447    75029   388259    97919   519383
   519509    97673   388319    74903   563543   126107   658607   262139   675197    83459   633623     1823   476639   341507   358667   341303   358733   341027   359027   340937   359129   340859   359297   340649   359837   339839   360257   339413   360749   339137   361013   338669   361433   338543   361637   338279   338237   371897   223367   698183    66383   616547    24809   437867    41399   573899   136463   625103   311687   602333   180497
   180419   602453   311603   625109   136343   574109    41357   438029    24767   616589    66377   698273   223253   361793    47777   652493    47507   652667    47279   652913    46889   653153    46649   653363    46499   653777    46187   653903    45959   654053    38393   661673    38237   661823    37649   664679   346547   338213   476753     1733   633629    83417   675239   261977   658649   125897   563663    74897   388403    97553   519587
   520067    97463   388727    74873   563813   125717   658817   261959   675347    83219   633767     1709   476759   338207   662477    35423   664613    35339   664739    35159   665123    34739   665303    34499   665603    34283   665747    34217   666143    33773   666437    33479   666647    33149   681719   333929    37529   361799   223247   698297    66239   616787    24659   438047    41189   574289   136193   625133   311279   602543   179939
   179903   602627   311183   625307   135647   574367    40847   438233    24593   616799    66173   698339   222857   361973    37493   667013   319049   381323   318629   381533   318377   381659   318299   382037   317903   382229   307337   392723   307169   392927   306947   393257   306707   396203   345749    32993   662513   338033   477149     1667   633833    83207   675413   261773   659159   125639   564359    74699   388823    97379   520103
   520193    97367   389057    74687   564407   125387   659177   261587   675593    83177   633923     1619   477293   338027   662693    32987   393473   199523   500519   199403   500693   199049   501029   198929   501173   198719   501317   198623   501503   198413   501659   198179   505277   346043   306533   667019    37313   361979   222713   698387    66083   616829    24413   438419    40829   574619   135599   625319   310949   602639   179813
   179693   602999   310889   625397   135389   574667    40583   438443    24179   616943    65927   698393   222647   362099    37217   667427   306419   502043   300857   399197   300779   399263   300317   399887   300023   399989   299807   400307   299447   400643   299147   296129   454253   197963   393587    32579   662789   337907   477359     1613   634079    83063   675827   261563   659423   125339   564617    74609   389117    97007   520313
   520349    96959   389273    74597   564653   125303   659513   261017   675923    83009   634169     1559   477677   337859   662867    32429   393677   197927   400943    14327   685973    13997   686039    13907   686177    13553   686519    13367   686669    13217   687767   348527   299063   502079   306329   667577    37139   362147   222329   698447    65837   616997    24083   438989    40493   574703   135353   625409   310733   603047   179657
   179579   603149   310559   625517   135209   574799    40283   439133    24077   617249    65699   698483   222197   362213    37049   667643   306209   502247   298937   686843    12647   687437    12413   687683    12269   687779    12197   687893    11939   688223   349553    13163   401069   197759   393797    32363   662957   337793   477809     1523   634307    82757   675929   260873   659723   125207   564797    74489   389447    96857   520427
   520433    96797   389567    74363   564917   125093   659843   260849   675977    82619   634373     1499   477857   337697   663149    32309   393857   197597   401417    13127   688073   286589   413537   286427   413807   285953   414179   285539   415577   348419    11933   686879   298589   502409   306149   667697    36857   362309   222149   698507    65633   617387    24029   439157    40163   574913   135089   625643   310439   603209   179573
   179357   603227   310283   625913   135017   575027    39953   439199    23789   617447    65609   698567   222107   362657    36767   667769   306029   502499   298049   686897    11909   414629   173357   526709   173273   526739   173177   532523   344243   285377   688097    13109   401957   197507   393977    32237   663239   337349   477899     1439   634397    82559   676217   260807   660053   124979   564989    74093   389723    96779   520649
   520679    96749   389783    74027   565337   124919   660119   260753   676253    82469   634649     1283   477947   337313   663407    32189   394007   197453   401993    13043   688139   285227   527123   282389   417623   282287   281663   486053   172883   414779    11867   686963   298013   502553   305999   667817    36599   362693   222059   698723    65357   617537    23753   439253    39887   575087   134669   625979   310223   603257   179327
   179243   603563   310187   626033   134489   575153    39869   439289    23747   617657    65327   698729   222029   362723    36467   667949   305933   502847   297953   686969    11789   414893   172877   417839     6569   695087   348353   282167   527129   285113   688217    13037   402053   197159   394073    32057   663539   337283   477977     1277   634679    82349   676259   260717   660137   124853   565517    73973   389819    96443   520763
   521153    96059   389957    73943   565589   124793   660167   260543   676337    82307   634793     1103   478157   336989   663653    31973   394157   197123   402197    12983   688637   284897   527333   280547   691787   350003     8219   419459   172673   415109    11369   687023   297809   502883   305849   668033    36353   363017   221849   698903    65213   617699    23669   439463    39839   575213   134417   626063   310049   603947   178853
   178697   603989   309929   626147   134369   575303    39779   439667    23633   617843    65147   699053   221807   363119    36293   668159   305783   502973   297707   687083    11243   415187   527399   555287   351653     4919   693437   144719   172607   284819   688763    12923   402299   197033   394223    31847   663713   336887   478199      953   634859    82163   676373   260339   660227   124703   565637    73859   390077    96017   521309
   521363    95783   390107    73847   565667   124577   660347   260207   676469    71333   634943      947   478259   336857   663737    31397   394367   197003   402383    12899   688889   423299   166169   213953   282383   417719   418343   417617   533837   276707    11117   687107   297623   503003   305639   668609    36269   363149   221747   699059    65063   628673    23537   439799    39659   575429   134339   626159   309899   604223   178643
   178613   604259   309797   626333   134219   575513    39503   440039    23417   628757    65027   699077   221603   363179    36209   668699   305597   503207   297503   687317   691337   273719   355763   173297   526733   173267   526829   167483   526649   426287     8669    12689   402503   196799   394409    31307   663797   336827   478403      929   634979    71249   676589   259967   660503   124493   565787    73673   390209    95747   521393
   521447    95393   390407    73643   565793   124433   660563   259829   676649    71129   635003      887   478679   336689   663869    31259   394523   196739   402923   690419     6917   351587   286469   413579   286199   414053   285827   414467   284429   413417   693089     9587   297083   503267   305483   668747    36137   363317   221327   699119    65003   628877    23357   440177    39443   575573   134213   626363   309599   604613   178559
   178487   604727   309503   626393   134087   575579    39323   440183    23327   628937    64919   699197   221219   363569    35963   668813   305477   503297   296753     6653   350453    12569   687593    12323   687737    12227   687809    12113   688067    11783   687359   693353   403253   196709   394529    31193   664043   336437   478787      809   635087    71069   676679   259823   660683   124427   565919    73613   390503    95279   521519
   521537    95273   390527    73529   565973   124337   660887   259667   676727    70997   635339      719   478913   336239   664109    31139   394637   504593   504677   351479    14033   686009    13967   686099    13829   686453    13487   686639    13337   686789    12239   685679   195329   195413   305369   668867    35897   363767   221093   699287    64667   629009    23279   440339    39119   575669   134033   626477   309479   604733   178469
   178439   604787   309359   626489   133949   575867    39113   440507    23087   629339    64499   699323   221069   363947    35753   669023   303287   189017   245753   300809   399227   300743   399689   300119   399983   300017   400199   299699   400559   299363   400859   403877   399149   510989   396719    30983   664253   336059   478937      683   635507    70667   676919   259499   660893   124139   566057    73517   390647    95219   521567
   521603    95177   390737    73379   566273   123887   660899   259157   676943    70439   635567      569   479147   336029   664403   669113   379319   353963   199487   500603   199313   500957   198977   501077   198833   501287   198689   501383   198503   501593   198347   501827   194729   500483   320687    30893    35603   363977   220859   699437    64439   629567    23063   440849    39107   576119   133733   626627   309269   604829   178403
   178349   604997   309137   626963   133439   576203    39089   440987    23039   629807    64403   699443   219983   364127   665549    11273   354257   318683   381377   318473   381629   318347   381707   317969   382103   317777   392669   307283   392837   307079   393059   306749   393299   303803   380957   688733    34457   335879   480023      563   635603    70199   676967   259019   660917   123803   566567    73043   390869    95009   521657
   521819    94889   391067    73019   566723   123719   660983   258977   676979    70163   635849      557   480047   374117    19709   366077    35393   664667    35267   664847    34883   665267    34703   665507    34403   665723    34259   665789    33863   666233    33569   666527    33359   666857    18287   664583   680297   325889   219959   699449    64157   629843    23027   441029    39023   576287   133283   626987   308939   605117   178187
   178127   605393   308933   627083   132953   576299    38903   441179    22859   629927    64067   699527   480419   343037   353459    47513   652499    47339   652727    47093   653117    46853   653357    46643   653507    46229   653819    46103   654047    45953   661613    38333   661769    38183   662357    35327   652229   356969   219587      479   635939    70079   677147   258827   661103   123707   567053    72923   391073    94613   521879
   521903    94529   391283    72623   567059   123323   661139   258743   677309    70067   635969   349967   211493   328109   341339   358703   341273   358979   340979   359069   340877   359147   340709   359357   340169   360167   339749   360593   339257   360869   338993   361337   338573   361463   338369   361727   361769   358499   488513   350039    64037   629939    22697   441263    38867   576683   132947   627383   308723   605477   178103
   177893   605543   308639   627953   132863   577043    38747   441443    22619   629987   636287   691343   354677   225299   474779   225167   474857   225089   474983   224969   475109   224717   475403   224579   475583   224327   475697   224129   475973   223919   476183   223757   476369   223577   476477   223493   476603   219707   474659     8663    63719    70019   677387   258563   661259   122963   567143    72053   391367    94463   522113
   522167    94433   391487    71993   567257   122939   661439   258527   677639   634013    52817     5483     4229   695867     4133   695879     4079   695999     3929   696083     3767   696413     3389   696659     3119   697049     2927   697127     2789   697373     2609   697457     2423   697673     2273   697877     2069   697967   348077   695369   647189    65993    22367   441479    38567   577067   132749   628013   308519   605573   177839
   177623   605609   308327   628097   132623   577397    38459   441557    22349    59879   355967    69809   630353    69539   630689    69203   630863    68993   631187    68777   631307    68597   631529    68447   631859    67883   632153    67733   632297    67679   632447    67547   632483    67307   632717    66809   633209    66749   633377    62477   630107   640127   677657   258449   661547   122609   567383    71909   391679    94397   522383
   522623    94169   391757    71879   567569   122579   661553   257639   666983   350963    86993   613163    86837   613253    86579   613607    86369   613763    86117   614153    85829   614387    85523   614693    85247   615137    84737   615473    84509   615539    84449   615599    84389   615743    84239   615827    84137   616073    83903   616229    83717   612923    33023   442367    38453   577427   132437   628127   308249   605837   177383
   177347   606083   308117   628139   132347   577517   661679   432359   355679    28649   671603    28289   671729    28229   672059    27779   672317    27449   672767    27179   672863    26987   673157    26813   673223    26759   673313    26393   673619    26357   673667    26237   673817    25889   674159    25733   674363    25523   674537    25307   674759    21599   671303   267647    38327   122489   567659    71867   391889    93923   522659
   522737    93893   392087    71789   567719   580259    31319   353819   266633   433673   266159   433877   266117   434249   265739   434297   265703   434387   265547   434813   265157   434927   264899   435179   264749   435263   264443   435569   264359   435653   264167   435893   264083   435947   263909   436157   263723   436439   263399   436739   262853   437273   260999   433319   668687   119747   132287   628217   307919   606113   177269
   177257   606323   307583   628373   572927   109469   352049    45413   654629    45263   654827    45083   655043    44777   655373    44357   655727    44249   655847    44123   656063    43853   656429    43487   656603    43397   656687    43223   656939    43013   657017    42773   657269    42683   657473    42509   657539    42299   657779    42197   657827    42023   658079    41687   654509   590537   127079    71633   392423    93683   522749
   522839    93563   392477   629417   118457   352973   131909   568367   131363   568709   131129   569189   130769   569417   130343   569747   130079   570047   129893   570413   129587   570467   129509   570509   129419   570659   129287   570743   129119   571019   128969   571133   128327   571847   128153   571973   127979   572093   127703   572357   127607   572423   127487   572633   126827   567947   581549    70589   307529   606443   177167
   176699   606449   393629    54167   352133   142019   558203   141719   558497   141443   558827   140939   559277   140663   559367   140477   559583   140339   559673   140297   559799   140123   560039   139883   560297   139547   560597   139367   560837   139133   560897   139067   561047   138923   561359   138629   561389   138587   561599   138239   561797   138197   561947   137999   562283   137303   557789   645839   306377    93557   523307
   523433   607517   370619   357593    81749   618269    81677   618377    81569   618833    81077   619187    80039   620033    79907   620117    79847   620183    79769   620393    79427   620639    79349   620777    79193   621017    78977   621113    78779   621353    78479   621833    78137   622073    77849   622493    77477   622637    77213   623003    76949   623327    76289   623723    75797   624233    71327   618053   329387    92489   176573
   525593    81299   278363   317363   382727   317159   382883   317087   383069   316907   383147   316853   383303   316577   383633   316193   383909   316037   384029   315899   384113   315803   384227   315599   384437   315527   384599   315269   384827   314927   385127   314813   385199   314627   385403   314513   385607   314267   385793   314189   385877   314063   386117   313853   386279   313637   386489   387269   382553   618707   174413
   163307   352493   104459   595613   104297   596009   103979   596093   103889   596363   103583   596789   103079   596963   102953   597209   102653   597419   102533   597599   102329   597689   102203   597899   102077   598007   101957   598127   101627   598643   101279   598799   100937   599153   100733   599303   100493   599537   100403   599663   100313   600167    99767   600293    99689   600659    99317   600833    98963   595313   536699
   352949   187163   513047   186947   513137   186653   513419   186239   513899   185993   514049   185903   514187   185693   514523   185477   514637   185363   514739   185183   514853   185057   515279   184649   515429   184487   515597   184133   515993   183797   516293   183683   516437   183389   516623   183317   516839   183059   516959   182933   517079   182789   517367   182603   517457   182537   517487   182453   517589   182129   512657
