   183167   516947   183047   517073   182927   517217   182639   517403   182549   517469   182519   517553   182417   517619   182129   517949   181757   518387   181409   518729   181199   518813   180779   519257   180647   519383   180497   519587   179939   520103   179813   520313   179657   520427   179573   520649   179327   520763   178853   521309   178643   521393   178559   521519   178469   521567   178403   521657   178187   525599   344363
   521879   100469   599603   100343   599693    99839   600239    99713   600317    99347   600689    99173   600857    99023   601043    98939   601079    98627   601487    98123   601949    97973   602039    97919   602333    97553   602543    97379   602639    97007   603047    96857   603209    96779   603257    96443   603947    96017   604223    95747   604613    95279   604733    95219   604829    95009   605117    94613   607049   346223   178127
   178103   605477   314213   385817   314129   385943   313889   386153   313727   386369   313517   387017   312929   387227   312743   387269   312677   387623   312089   387977   311897   388259   311687   388403   311279   388823   310949   389117   310733   389447   310439   389723   310223   389819   310049   390077   309899   390209   309599   390503   309479   390647   309269   390869   308939   391073   308723   307337   431363    94529   521903
   522113    94463   391367    77213   623003    76949   623327    76289   623723    75797   624233    75659   624467    75527   624599    75323   624737    75209   624839    75029   625103    74873   625307    74687   625397    74597   625517    74363   625913    74027   626033    73943   626147    73847   626333    73643   626393    73529   626489    73379   626963    73019   627083    72623   627953    71993   634079   340979   308639   605543   177893
   177839   605573   308519   628097   138239   561797   138197   561947   137999   562283   137699   562409   137567   562607   137393   562703   136889   563357   136559   563543   136343   563813   135647   564407   135389   564653   135209   564917   135017   565337   134489   565589   134369   565667   134219   565793   134087   565973   133949   566273   133439   566723   132953   567059   132863   577067   337697    71909   391487    94433   522167
   522383    94397   391679    71879   567257   127607   572423   127487   572633   127163   572867   127103   572927   127037   573179   126743   573647   126143   573899   125897   574289   125639   574619   125339   574703   125207   574913   124979   575087   124853   575213   124703   575429   124493   575573   124427   575669   124139   576119   123803   576287   123707   576683   122963   577979   346553   132749   628127   308327   605609   177623
   177383   605837   308249   628139   132623   577397    42179   657983    41927   658127    41759   658277    41687   658379    41603   658487    41399   658649    41189   659159    40829   659423    40493   659723    40163   660053    39887   660137    39839   660227    39659   660503    39443   660683    39119   660893    39107   660917    39023   661103    38867   661259    38567   662957   346439   122609   567383    71867   391757    94169   522623
   522659    93923   391889    71789   567569   122579   661547   262733   437357   262643   437693   262253   437819   262139   438029   261959   438233   261587   438443   261017   439007   260873   439157   260807   439253   260717   439463   260339   439799   259967   440177   259823   440339   259499   440849   259019   441029   258827   441263   258563   441479   258449   443249   346259    38459   577427   132437   628217   308117   606083   177347
   177269   606113   307919   628373   132347   577517    38453   441563    24977   675083    24809   675239    24659   675413    24413   675827    24083   675929    24029   676217    23753   676259    23669   676373    23537   676589    23357   676679    23279   676919    23063   676967    23027   677147    22697   677387    22367   677657    22193   677927    21929   678779   347873   258443   661553   122489   567659    71633   392087    93893   522737
   522749    93683   392423    71333   567719   122477   661613   258437   678203    83417   616787    83207   616829    83063   617249    82619   617447    82469   617657    82307   617843    81953   618257    81737   618329    81629   618437    81299   618833    81077   619187    80039   620033    79907   620117    79847   620183    79769   620393    79427   633629   335123    21803   441569    38393   577529   132287   628673   307583   606323   177257
   177167   606443   307529   628679   132059   577613    38333   441887    21599   620639    65993   634169    65699   634373    65609   634649    65327   634793    65147   634943    65027   635003    64919   635339    64499   635567    64403   635849    64067   635969    63857   636263    63647   636407    63533   636533    63467   636563    63353   639083   346043    79367   678407   258119   661673   122393   567947    71327   392477    93563   522839
   523307    93557   392723    71249   568097   122267   661679   257987   678437    79349   636809     1499   698567     1283   698729     1103   699053      947   699077      887   699197      719   699323      569   699443      557   699527      467   699557      389   699767       59   699953        5   350039   349919   350093   349793   351179   698387    63197   620657    21569   442019    38327   577739   131909   628757   307283   606449   176699
   176573   606503   307169   628877   131639   577799    38237   442139    21407   620777    63059   350219   222059   477977   221849   478199   221747   478403   221327   478787   221093   478937   220859   480023   219959   480167   219797   480299   219689   480329   219587   480503   219437   480713   219017   481043   218873   217409   611999   349787   636947    79229   678599   257867   661769   122207   568367    71129   392837    93503   523433
   523637    93479   392927    71069   568643   122069   661823   257687   678659    79193   637067   349553   481157   337313   362723   336989   363119   336857   363179   336689   363569   336239   363947   336029   364127   335813   364313   335669   364373   335507   364997   334877   365213   334637   365513   334379   331277   382727   218849   350453    62939   620813    21347   442319    38183   577937   131363   628937   307079   606527   176369
   176333   606587   306947   629009   131297   578117    37649   442367    21017   621017    62927   350663   218627   365759    43397   656687    43223   656939    43013   657017    42773   657269    42683   657473    42509   657539    42299   657809    34499   665549    34403   665723    34259   666143    33773   670763   344327   334247   481379   349343   637079    78989   678989   257639   662357   121889   568709    70997   393059    93419   523673
   523763    93263   393257    70667   568877   121697   662477   257519   679067    78977   637283   349043   481589   333929   666437    31259   668867    30983   669029    30893   669167    30677   669413    30347   669869    30119   669947    29867   670217    29663   670577    29423   670619    29333   691787   328007    33569   366077   218417   350963    62723   621029    20939   442487    37529   578309   131129   629339   306749   606743   176243
   176213   606959   306707   629417   130817   578399    37493   442517    20879   621113    62687   351479   217907   366227    33479   670853   315407   384737   315179   385079   314879   385193   314807   385379   314603   385493   314399   385739   303593   396509   303473   396629   303293   299699   445967    29153   666527   333779   482099   348527   637319    78893   679127   257489   662513   121607   569189    70589   393299    93047   523793
   523847    92849   393473    70439   569237   121553   662693   257273   679157    78779   637379   348443   482213   333737   666647    29129   396719   195479   504563   195413   504599   195389   504677   195077   504953   195023   505073   194867   505187   194729   505283   194687   169943   685109   303287   670877    33359   366269   217793   351563    62627   621227    20849   442733    37313   578453   130769   629567   306533   607157   176159
   176129   607253   306419   629807   130589   578483    37217   442817    20543   621353    62597   351587   217697   366287    33149   671189   303119   505523   295313   404819   295037   405347   294509   405527   294347   405689   294179   405857   294059   406403   293507   290489   464963   194483   396887    28817   666857   333719   482309   348419   637409    78653   679463   257189   662789   121523   569417    70199   393587    92753   523877
   524057    92699   393629    70163   569663   121469   662867   257177   679607    78479   637499   348407   482387   333713   666983    28703   396953   194087   406547    11369   688733    11243   688979    10973   689267    10613   689693    10139   689873    10103   697127   341927   293459   505919   303053   671303    33023   366293   217619   351599    62507   621527    20399   442829    37139   578537   130343   629843   306377   607307   175949
   175919   607337   306329   629927   130259   578603    36857   443039    20297   621833    62477   351653   217499   366383    32993   671357   302969   505949   293357   690119     8807   691337     8663   691409     8573   691463     8423   691637     8297   697217   344207     9887   406649   194057   397037    28649   667013   333623   482507   348353   637529    78173   679709   256967   663149   121403   569747    70079   393677    92669   524087
   524507    92657   393797    70067   569927   121313   663239   256889   679823    78137   637709   348209   482687   333539   667019    28403   397259   194027   406859     9629   691763   282053   418073   281927   418157   281837   418199   281747   279977   488057     8243   690377   293147   505979   302747   671603    32987   366467   217319   351797    62297   621869    20183   443117    36767   578693   130079   629939   306209   607349   175499
   175067   607517   306149   629987   129959   578777    36599   443129    20177   622073    62219   351929   217253   366683    32579   671717   302723   506147   293123   690419     8087   418289   169457   530597   169313   530807   168863   535757   345227   281717   691919     9587   406883   193859   397283    28289   667427   333323   482753   348077   637787    77933   679829   256877   663407   121229   570047    70019   393857    92489   524939
   525017    92387   393977    69899   570113   121007   663539   256643   679859    77849   637817   347957   482837   333023   667577    28277   397427   193793   406907     9539   691997   281669   531203   280253   419777   279857   279269   490859   168803   418337     8009   690467   293099   506213   302579   671729    32429   366983   217169   352049    62189   622157    20147   443363    36467   578999   129893   630107   306029   607619   174989
   174749   607769   305999   630197   129593   579107    36353   443489    20123   622493    61703   352073   216617   367019    32363   671777   302573   506327   292517   690509     7907   418343   168743   420593   345473   288389   416147   279413   531263   281663   692099     9497   407489   193679   397433    28229   667643   332987   483389   347933   638303    77513   679883   256517   663653   120899   570413    69809   394007    92237   525257
   525353    91733   394073    69653   570419   120767   663713   256169   680027    77477   638423   347813   483773   332729   667697    27947   397493   193649   407579     9473   692249   281579   531287   420599   420677   350003   279329   279407   168719   418427     7757   690533   292427   506357   302513   672059    32309   367277   216233   352193    61583   622529    19979   443837    36293   579239   129587   630353   305933   608273   174653
   174413   608303   305849   630467   129539   579503    36269   443873    19793   622637    61553   352493   216179   367307    32237   672227   302417   506537   292367   690629     7607   418667   166643   419423   283859   411617   354533   280583   533363   281339   692399     9377   407639   193469   397589    27779   667769   332699   483827   347513   638453    77369   680213   256133   663737   120503   570467    69539   394157    91703   525593
   525677    91583   394223    69317   570497   120473   663797   256019   680297    67523   638459   347099   484067   332447   667817    27689   398129   193433   407723     9137   692423   279689   527909   209147   280229   420149   420737   419753   172097   420317     7583   690869   292283   506573   301877   672317    32189   367559   215939   352907    61547   632483    19709   443987    36209   579533   129509   630689   305783   608423   174329
   174197   608429   305639   630803   129497   579707    36137   444029    19553   632699    61343   352949   215927   367613    32057   672557   301793   506843   292223   691037     5657   557789   354779   169409   530693   169199   531143   164249   530549   142217   694349     8969   407783   193163   398213    27449   667949   332393   484079   347057   638663    67307   680453   255977   663869   120299   570509    69203   394367    91577   525809
   525869    91397   394409    69143   570587   120293   664043   255917   680633    67289   638999   347033   484283   332273   668033    27239   398303   193133   407969     7673   687737   211949   281933   418079   281849   418169   281807   418259   420029   417953    12269   692333   292037   506873   301703   672767    31973   367733   215723   352973    61007   632717    19373   444089    35963   579713   129419   630863   305597   608609   174137
   173969   608633   305483   631013   129347   579773    35897   444167    19013   633197    60953   353459   215399   367823    31847   672827   301649   506963   284819   682427   355799     8669   691343     8597   691433     8543   691583     8369   691709     2789   691199    17579   415187   193043   398357    27179   668159   332183   484607   346547   639053    66809   680993   255839   664109   120233   570659    68993   394523    91373   526037
   526073    91163   394529    68819   570719   119747   664253   255713   681047    66749   639137   346349   484613   332117   668609    27143   398423   531977   527699   358079    11273   688763    11027   689033    10739   689393    10313   689867    10133   689903     2879   688637   172307   168029   301583   672863    31397   367889   215393   353657    60869   633257    18959   444293    35753   580259   129287   631187   305477   608843   173933
   173867   608987   305369   631229   129263   580373    35603   444347    18917   633377    60737   353819   215279   368099    31319   673019   400559   501287   235043   295187   404969   294659   405497   294479   405659   294317   405827   294149   405947   293603   406499   409517   404693   198719   299447    26987   668687   331907   484727   346187   639269    66629   681089   255659   664403   119633   570743    68777   394637    91019   526139
   526199    90863   394643    68699   570887   119627   664583   255467   681137    66533   639563   346139   484733   331889   668699   673193   382103    14897   195443   504593   195407   504617   195329   504929   195053   504983   194933   505139   194819   505277   194723   505319   530063   504527   317903    26813    31307   368117   215273   353867    60443   633473    18869   444539    35423   580379   129119   631307   305363   609143   173807
   173783   609173   305267   631409   128987   580577    35393   444623    18839   633497    60317   354257   215153   368453   668813     1559   254039   315269   384827   314927   385127   314813   385199   314627   385403   314513   385607   314267   396413   303497   396533   303377   396713   400307   384599   698447    31193   331553   484853   345749   639689    66509   681167   255383   664613   119429   571019    68597   394739    90833   526223
   526307    90647   394787    68477   571037   119243   664667   255329   681257    66383   639713   345689   485063   330887    14639   371999    31139   669023    30977   669113    30839   669329    30593   669659    30137   669887    30059   670139    29789   670343    29429   670583    29387   670673     8219   668747   685367   369119   214943   354317    60293   633623    18749   444677    35339   580763   128969   631529   305219   609359   173699
   173357   609407   304979   631559   128873   580919    35327   444767    18713   633767    60167   354677   486293   397547   355679    43319   656783    43067   656993    42989   657233    42737   657323    42533   657497    42467   657707    42197   665507    34457   665603    34283   665747    33863   666233    29243   656609   302459   213713   345329   639839    66239   681293   255239   664679   119087   571133    68447   395027    90599   526649
   526709    90473   395069    68147   571679   118907   664739   255173   681419    66173   639857   695999   470783   317279   337283   363017   336887   363149   336827   363317   336437   363767   336059   363977   335879   364193   335693   364337   335633   364499   335009   365129   334793   365369   334493   365627   368729   362693   229223     4007    60149   633833    18587   444833    35267   581099   128327   631859   304937   609533   173297
   173273   609599   304847   632123   128159   581333    35159   444869    18443   633923   646307   697979    88007   222029   478157   221807   478259   221603   478679   221219   478913   221069   479147   219983   480047   219839   480209   219707   480317   219677   480419   219503   480569   219293   480989   218963   481133   482597   477947     2027    53699    66083   681563   255137   664847   118673   571847    67883   395159    90407   526733
   526739    90263   395243    67853   571853   118457   665123   255077   681677   636287    45377     1619     1439   698723     1277   698903      953   699059      929   699119      809   699287      683   699437      563   699449      479   699539      449   699617      239   699947       53   700001   349967   350087   349913   350213   348827   698507   654629    63719    18329   444929    34883   581549   128153   632153   304763   609743   173267
   173177   609779   304553   632273   128033   581597    34739   444953   682259    42227   353963    65837   634307    65633   634397    65357   634679    65213   634859    65063   634979    65003   635087    64667   635507    64439   635603    64157   635939    64037   636149    63743   636359    63599   636473    63473   636539    63443   636653    60923   634013   657779    17747   255053   665267   118409   571973    67733   395453    90227   526829
   527123    90203   395657    67709   572027   118343   665303   446087    11117   364883    83219   616799    83177   616943    82757   617387    82559   617537    82349   617699    82163   618053    81749   618269    81677   618377    81569   618707    81173   618929    80819   619967    79973   620099    79889   620159    79823   620237    79613   620579    66377   616589   688889   253919    34703   581663   127979   632297   304349   609803   172883
   172877   609809   303803   632327   127913   581729   665789   244493   352133    24923   675197    24767   675347    24593   675593    24179   675923    24077   675977    23789   676253    23747   676337    23633   676469    23417   676649    23327   676727    23087   676943    23039   676979    22859   677309    22619   677639    22349   677813    22079   678077    21227   675029   455513    34217   118277   572093    67679   396203    90197   527129
   527333    90017   396239    67559   572303   581753    25169   353747   262649   437363   262313   437753   262187   437867   261977   438047   261773   438419   261563   438989   260999   439133   260849   439199   260753   439289   260543   439667   260207   440039   259829   440183   259667   440507   259157   440987   258977   441179   258743   441443   258527   441557   256757   437273   674837   118253   127703   632447   303767   609989   172673
   172607   610157   303713   632459   127649   107699   353567    42023   658079    41879   658247    41729   658319    41627   658403    41519   658607    41357   658817    40847   659177    40583   659513    40283   659843    39953   660119    39869   660167    39779   660347    39503   660563    39323   660887    39113   660899    39089   660983    38903   661139    38747   661439    37049   657827   592307   572357    67547   396293    89849   527399
   527453    89819   396323    66797   552029   353453   127583   572519   127373   572843   127139   572903   127079   572969   126827   573263   126359   573863   126107   574109   125717   574367   125387   574667   125303   574799   125093   575027   124919   575153   124793   575303   124577   575513   124433   575579   124337   575867   123887   576203   123719   576299   123323   577043   122027   572399   147977   633209   303683   610187   172553
   172517   610409   398063   616997   362309   138209   561809   138059   562007   137723   562307   137597   562439   137399   562613   137303   563117   136649   563447   136463   563663   136193   564359   135599   564617   135353   564797   135089   564989   134669   565517   134417   565637   134339   565787   134213   565919   134033   566057   133733   566567   133283   567053   132947   567143   122939   561767    83009   301943    89597   527489
   527633   613427   375449   359027    77003   623057    76679   623717    76283   624209    75773   624347    75539   624479    75407   624683    75269   624797    75167   624977    74903   625133    74699   625319    74609   625409    74489   625643    74093   625979    73973   626063    73859   626159    73673   626363    73613   626477    73517   626627    73043   626987    72923   627383    72053   628013    65927   622793   324557    86579   172373
   532739    74897   268643   314189   385877   314063   386117   313853   386279   313637   386489   312989   387077   312779   387263   312737   387329   312383   387917   312029   388109   311747   388319   311603   388727   311183   389057   310889   389273   310559   389567   310283   389783   310187   389957   309929   390107   309797   390407   309503   390527   309359   390737   309137   391067   308933   391283   392669   385793   625109   167267
   153437   353783   100403   599663   100313   600167    99767   600293    99689   600659    99317   600833    99149   600983    98963   601067    98927   601379    98519   601883    98057   602033    97967   602087    97673   602453    97463   602627    97367   602999    96959   603149    96797   603227    96749   603563    96059   603989    95783   604259    95393   604727    95273   604787    95177   604997    94889   605393    92957   599537   546569
   355643   183059   516959   182933   517079   182789   517367   182603   517457   182537   517487   182453   517589   182387   517877   182057   518249   181619   518597   181277   518807   181193   519227   180749   519359   180623   519509   180419   520067   179903   520193   179693   520349   179579   520433   179357   520679   179243   521153   178697   521363   178613   521447   178487   521537   178439   521603   178349   521819   174407   516839
