   180419   520067   179903   520193   179693   520349   179579   520433   179357   520679   179243   521153   178697   521363   178613   521447   178487   521537   178439   521603   178349   521819   178127   521903   177893   522167   177623   522623   177347   522737   177257   522839   176699   523433   176369   523673   176243   523793   176159   523877   175949   524087   175499   524939   174989   525257   174653   525593   174407   173867   698729
   525677    97379   602639    97007   603047    96857   603209    96779   603257    96443   603947    96017   604223    95747   604613    95279   604733    95219   604829    95009   605117    94613   605477    94463   605573    94397   605837    93923   606113    93683   606443    93557   606503    93479   606587    93263   606959    92957   607157    92753   607307    92669   607349    92489   607619    92237   608273    91703   610187   345227   174329
   174197   608423   310889   389273   310559   389567   310283   389783   310187   389957   309929   390107   309797   390407   309503   390527   309359   390737   309137   391067   308933   391283   308639   391487   308327   391757   308117   392087   307583   392477   307337   392723   307169   392927   306947   393257   306707   393473   306419   393629   306329   393797   306149   393977   305999   394073   305849   305783   435839    91583   525809
   525869    91577   394367    74027   626033    73943   626147    73847   626333    73643   626393    73529   626489    73379   626963    73019   627083    72623   627953    71993   628097    71879   628139    71789   628373    71333   628679    71249   628877    71069   629009    70667   629417    70439   629807    70163   629927    70067   629987    69899   630197    69653   630467    69317   630803    69143   632153   346139   305639   608429   174137
   173969   608609   305597   631013   134489   565589   134369   565667   134219   565793   134087   565973   133949   566273   133439   566723   132953   567059   132863   567257   132623   567569   132347   567719   132059   568097   131639   568643   131297   568877   130817   569237   130589   569663   130259   569927   129959   570113   129593   570419   129539   570497   129497   570587   129347   575867   342647    68993   394409    91397   526037
   526073    91373   394523    68819   570719   124793   575303   124577   575573   124427   575669   123887   576203   123719   576299   123323   577043   122939   577397   122579   577517   122477   577613   122267   577799   122069   577979   121889   578309   121607   578453   121523   578537   121403   578693   121229   578999   120899   579239   120503   579533   120299   579713   120233   580577   347033   129287   631187   305483   608633   173933
   173807   608843   305477   631229   129263   580259    39443   660683    39119   660893    39107   660917    39023   661103    38867   661259    38567   661547    38453   661613    38333   661679    38237   661823    37649   662477    37493   662693    37217   662867    37049   663149    36767   663407    36467   663653    36293   663737    36209   663869    35963   664109    35753   670217   342413   119747   570743    68777   394529    91163   526199
   526223    91019   394637    68699   570887   119633   664403   259823   440339   259499   440849   259019   441029   258827   441263   258563   441479   258449   441563   258437   441887   257987   442139   257687   442367   257519   442517   257273   442817   257177   443039   256889   443129   256757   443363   256517   443837   256133   443987   255977   444089   255839   446003   346043    35603   580373   129119   631307   305369   608987   173783
   173699   609143   305363   631409   128987   580379    35423   444293    22859   677309    22619   677639    22349   677813    22079   678077    21803   678407    21569   678599    21347   678779    21017   679067    20879   679157    20543   679607    20297   679823    20177   679859    20123   680027    19793   680297    19553   680633    19013   681047    18917   682679   346349   255713   664583   119627   571019    68597   394643    90863   526307
   526649    90833   394739    68477   571037   119243   664613   255659   681137    79907   620117    79847   620183    79769   620393    79427   620639    79349   620777    79193   621017    78977   621113    78779   621353    78479   621833    78137   622073    77849   622493    77477   622637    77213   623003    76949   623327    76289   623723    75797   624467   347513    18869   444347    35393   580763   128969   631529   305267   609173   173357
   173297   609359   305219   631559   128873   580919    35339   444539    18839   624233    63599   636533    63467   636563    63353   636809    63059   637067    62927   637283    62687   637379    62597   637499    62477   637709    62219   637817    61703   638423    61553   638459    61343   638999    60953   639083    60869   639269    60443   642623   345329    75773   681167   255467   664667   119087   571133    68447   394787    90647   526709
   526733    90599   395027    68147   571679   118907   664679   255383   681257    75659   639689   349913   350213   349787   350453   349343   350963   348827   351479   348443   351587   348407   351653   348209   351929   347957   352073   347873   352193   347099   352949   346553   353459   346439   353747   346223   353819   345749   340979   361769    60317   624347    18749   444623    35327   581099   128327   631859   304979   609407   173273
   173267   609533   304937   632123   128159   581333    35267   444677    18713   624479    60293   354317   218417   482099   217793   482309   217619   482507   217409   482687   217253   482837   216617   483773   216179   484067   215927   484283   215399   484613   215279   484733   215153   485063   214883   485417   214559   213173   620033   345689   639713    75527   681293   255329   664739   118673   571847    67883   395069    90473   526739
   526829    90407   395159    67733   571853   118457   664847   255239   681419    75407   639839   345473   485543   333719   366293   333623   366467   333323   366983   332987   367277   332699   367559   332393   367733   332183   367889   331907   368117   331553   368729   331217   369023   330887   369353   330587   330347   387227   214463   354533    60167   624599    18587   444767    35159   581549   128153   632273   304847   609599   173177
   172883   609743   304763   632297   128033   581597    34883   444833    18443   624683    60149   354743   214439   369647    40847   659177    40583   659513    40283   659843    39953   660119    39869   660167    39779   660347    39503   668687    31307   668747    31193   668867    30983   669029    30893   684773   325607   330359   485567   345263   639857    75323   681563   255173   665123   118409   571973    67709   395243    90263   527123
   527129    90227   395453    67679   572027   118343   665267   255137   681677    75269   640007   344969   486053   330047   669167    28289   671729    28229   672059    27779   672317    27449   672767    27179   672863    26987   673157    26813   673223    26759   673313    26393   673619    26357   684923   337859    30839   369959   213953   355037    59999   624737    18329   444869    34739   581663   127979   632327   304553   609779   172877
   172673   609803   304349   632447   127913   581729    34703   444929    18287   624797    59957   355049   213887   370133    30593   673667   312737   387329   312383   387917   312029   388109   311747   388319   311603   388727   311183   389057   300869   399149   300809   399227   300743   297707   450413    26339   669413   329873   486119   344957   640049    75209   681719   255077   665303   118277   572093    67559   395657    90203   527333
   527399    90197   396203    67547   572303   118253   665507   255053   681773    75167   640127   344543   486179   329789   669659    26237   399689   193043   506993   192977   507119   192677   507599   192263   507953   191969   508103   191783   508259   191657   508499   191447   516437   341273   300317   673769    30347   370217   213827   355463    59879   624839    18233   444953    34499   581753   127703   632459   303803   609809   172607
   172553   609989   303767   632483   127649   581843    34457   445019    17957   624977    59747   355643   213713   370613    30137   673817   300119   508709   291869   408173   291743   408437   291509   408563   291293   408719   290999   409043   290669   409349   290627   288773   470279   191297   399887    26189   669869   329393   486293   344363   640259    75029   682049   254987   665549   118163   572357    67523   396239    90017   527453
   527489    89849   396293    67307   572399   117989   665603   254777   682259    74903   640307   344327   486407   329387   669887    25889   399983   191189   409517     8423   691637     8297   691763     8219   691919     8009   692099     7757   692333     7607   364997   676979   290489   508817   300023   674117    30119   370619   213599   355679    59699   625103    17747   445229    34403   582017   127607   632699   303713   610157   172517
   172373   610409   303683   632717   127583   582167    34283   445307    17729   625109    59417   355763   213557   370673    30059   674159   299807   508973   290189   692423     6689   693353     6569   693533     6329   693683     6317   693743     6197   385493   658127     7583   409817   191033   400199    25847   669947   329333   486449   344243   640589    74897   682277   254699   665723   117839   572423    67289   396323    89597   527633
   527699    89567   396413    66809   572519   117833   665747   254207   682337    74699   640613   344207   486539   329123   670139    25733   400307   190979   409823     7547   694019   280409   419753   280229   420029   279857   420317   279413   277643   492377     5987   692459   290183   509027   299699   674273    29867   370883   213467   355799    59393   625307    17669   445799    34259   582173   127487   633197   303593   610439   172307
   172217   610619   303497   633209   127373   582209    34217   445967    17579   625319    59357   355853   213329   371087    29663   674363   299447   509297   290039   692753     5927   420599   166043   533993   165947   534173   165533   544919   339413   279407   694079     7253   409967   190709   400559    25643   670343   328919   486677   344153   640649    74687   682427   254039   665789   117797   572633    66797   396509    89387   527789
   527909    89303   396533    66749   572843   117779   666143   253919   682673    74609   640733   344039   486797   328829   670577    25523   400643   190613   410117     7079   694193   279329   534923   276833   423179   276707   275339   497957   165083   420677     5813   692927   289889   509393   299363   674483    29429   371177   213209   355967    59273   625397    17333   446087    33863   582227   127163   633257   303473   610703   172097
   171869   610733   303377   633377   127139   582509    33773   446273    16703   625409    59159   356093   213029   371339    29423   674537   299147   509429   289763   692963     5783   420737   164987   423413   349967   317159   382883   276593   535019   279269   694223     7043   410243   190577   400859    25469   670583   328667   486977   343913   640847    74597   683303   253733   666233   117497   572867    66629   396629    89273   528137
   528299    89189   396713    66533   572903   117443   666437   253607   683357    74489   640943   343787   487007   328619   670619    25307   400943   190529   410279     6917   694313   279203   535169   423713   382919   350003   317087   276293   164837   420803     5693   693089   289727   509477   299063   674699    29387   371387   212999   356219    59063   625517    16649   446399    33569   582563   127103   633473   303293   610817   171707
   171383   610919   303287   633497   127079   582677    33479   446657    16553   625643    58913   356693   212873   371417    29333   674759   298937   509603   289319   693137     5657   420977   535529   424007   317123   382847   350039   275999   164477   279029   694349     6869   410687   190403   401069    25247   670673   328589   487133   343313   641093    74363   683453   253349   666527   117329   572927    66509   396719    89087   528623
   528707    88937   396887    66383   572969   117269   666647   253247   683477    74093   641279   343073   487427   328379   670763    25169   401417   190313   410903     6857   694367   421727   152777   202049   276827   423299   424667   423173   547229   278279     5639   693149   289103   509693   298589   674837    29243   371627   212579   356933    58727   625913    16529   446759    33359   582737   127037   633623   303119   611069   171299
   171077   611189   303053   633629   126827   582767    33149   447107    16493   635087    58679   356969   212369   371633    29153   674879   298049   509723   288839   693179   360167   419417   360593   166013   534059   165833   534473   155087   533963   280589   339839     6827   411167   190283   401957    25127   670853   328373   487637   343037   641327    64919   683513   252899   666857   117239   573179    66377   396953    88817   528929
   529049    88799   397037    66239   573263   117119   666983   252887   683687    64667   641579   342899   487709   328343   670877    24977   401993   190097   411479   699077   647039   207629   280253   419777   279977   420149   279689   420593   422363   419597    52967      929   288527   509909   298013   675029    29129   371663   212297   357107    58427   635339    16319   447119    33023   582887   126743   633767   302969   611207   170957
   170777   611213   302747   633833   126359   582983    32993   447137    16229   635507    58367   357347   212117   371897    28817   675083   297953   510077   411779   326657    41879     6653   693437     6473   693677     6323   693689     6263   693809   314513   693317   373349   288227   189929   402053    24923   671189   328109   487889   342659   641639    64499   683777   252869   667013   117023   573647    66173   397259    88793   529229
   529637    88547   397283    66083   573863   116993   667019   252827   683783    64439   641789   342653   488009   328067   671303    24809   402197   185477   406403    23027     8369   691709     8243   691787     8087   691997     7907   692249     7673   692399   335009   691583   293603   514529   297809   675197    28703   371939   211997   357353    58217   635567    16223   447179    32987   583013   126143   633923   302723   611459   170369
   169943   611483   302579   634013   126107   583139    32579   447683    16217   635849    58193   357437   211949   371999    28649   675239   296129   503267   229727   291833   408263   291569   408497   291443   408713   291287   409007   290963   409337   290657   409379   411233   408137   196739   403877    24767   671357   328007   488057   342569   641813    64157   683789   252323   667427   116867   573899    65993   397427    88523   530063
   530087    88463   397433    65927   574109   116639   667577   251939   683819    64067   641897   342497   488513   327983   671603   675347   490967   358733   193013   507029   192887   507329   192407   507743   192053   508037   191903   508223   191747   508349   191507   508559   183569   506963   209039    24659    28403   372023   211493   357509    58109   635939    16187   448067    32429   583367   125897   634079   302573   611543   169919
   169913   611837   302513   634169   125717   583469    32363   448367    16097   635969    57809   357659   211433   372137    14759    10133   249593   312677   387623   312089   387977   311897   388259   311687   388403   311279   388823   310949   399137   300857   399197   300779   399263   402299   387269   689873   685247   327869   488573   342347   642197    64037   683909   251639   667643   116537   574289    65837   397493    88169   530093
   530183    88079   397547    65699   574367   116483   667697   251609   683933    63857   642233   342239   488603   372179   649643   362147    28277   671777    27947   672227    27689   672557    27239   672827    27143   673019    26849   673193    26783   673247    26693   673613    26387   673649    15083   671717    50363   327827   211403   357767    57773   636149    16073   448397    32309   583523   125639   634307   302459   611927   169823
   169769   611969   302417   634373   125387   583619    32237   448829    16067   636263    57587   357809   493967   360257   374399    40829   659423    40493   659723    40163   660053    39887   660137    39839   660227    39659   660503    31319   668699    31259   668813    31139   669023    30977   669113    15233   659159   339749   206039   342197   642419    63743   683939   251177   667769   116387   574619    65633   397589    88037   530237
   530297    88007   398063    65609   574667   116279   667817   251099   684119    63719   642737   341729   470243   312779   333713   366383   333539   366683   333023   367019   332729   367307   332447   367613   332273   367823   332117   368099   331889   368453   331277   368789   330983   369119   330653   369419   369659   366287   229763   358277    57269   636287    15887   448907    32189   583727   125339   634397   301943   611999   169709
   169667   612137   301877   634649   125303   583733    32057   449003    15767   636359   648239   364127    79973   217907   482213   217697   482387   217499   482597   217319   482753   217169   483389   216233   483827   215939   484079   215723   484607   215393   484727   215273   484853   214943   485123   214589   485447   486833   481589   335879    51767    63647   684239   251003   667949   116273   574703    65357   398129    87869   530339
   530513    87833   398213    65327   574799   116009   668033   250889   684269   636473    42179   338237   349793   350219   349553   350663   349043   351179   348527   351563   348419   351599   348353   351797   348077   352049   347933   352133   347813   352907   347057   353453   346547   353567   346259   353783   346187   354257   359027   350093   657827    63533    15737   449117    31973   583997   125207   634679   301793   612173   169493
   169457   612263   301703   634793   125093   584027    31847   449153    15017    46499   354677    63473   636539    63443   636653    63197   636947    62939   637079    62723   637319    62627   637409    62507   637529    62297   637787    62189   638303    61583   638453    61547   638663    61007   639053    60923   639137    60737   639563    57383   636407   653507   684989   250853   668159   115979   574913    65213   398303    87743   530549
   530597    87629   398357    65147   575027   115853   668609   450677   675923   352493    79889   620159    79823   620237    79613   620579    79367   620657    79229   620813    78989   621029    78893   621227    78653   621527    78173   621869    77933   622157    77513   622529    77369   622793    77003   623057    76679   623717    76283   624209    75539   620099    24083   249329    31397   584153   124979   634859   301649   612377   169409
   169313   612383   301583   634943   124919   584183    30677   238397   353657    22697   677387    22367   677657    22193   677927    21929   678203    21599   678437    21407   678659    21227   678989    20939   679127    20849   679463    20399   679709    20183   679829    20147   679883    19979   680213    19709   680453    19373   680993    18959   681089    17327   677147   461609   669329   115823   575087    65063   398423    87623   530693
   530807    87509   398543    65027   575153   584279   655727   353963   259667   440507   259157   440987   258977   441179   258743   441443   258527   441557   258443   441569   258119   442019   257867   442319   257639   442487   257489   442733   257189   442829   256967   443117   256877   443249   256643   443489   256169   443873   256019   444029   255917   444167   254003   440183    44279   115727   124853   634979   301463   612497   169199
   168863   612713   301247   635003   124493   106013   357593    39323   660887    39113   660899    39089   660983    38903   661139    38747   661439    38459   661553    38393   661673    38327   661769    38183   662357    37529   662513    37313   662789    37139   662957    36857   663239    36599   663539    36353   663713    36269   663797    36137   664043    35897   664253    29789   660563   593993   575513    65003   398759    87293   531143
   531203    87083   398933    64403   560639   352973   124703   575429   124433   575579   124337   576119   123803   576287   123707   576683   122963   577067   122609   577427   122489   577529   122393   577739   122207   577937   122027   578117   121697   578399   121553   578483   121469   578603   121313   578777   121007   579107   120767   579503   120473   579707   120293   579773   119429   575213   139367   635603   301073   612923   168803
   168743   613013   300017   625133   357359   134417   565637   134339   565787   134213   565919   134033   566057   133733   566567   133283   567053   132947   567143   132749   567383   132437   567659   132287   567947   131909   568367   131363   568709   131129   569189   130769   569417   130343   569747   130079   570047   129893   570413   129587   570467   129509   570509   129419   570659   124139   565517    74873   399989    86993   531263
   531287    86399   477677   353867    73973   626063    73859   626159    73673   626363    73613   626477    73517   626627    73043   626987    72923   627383    72053   628013    71909   628127    71867   628217    71633   628673    71327   628757    71129   628937    70997   629339    70589   629567    70199   629843    70079   629939    70019   630107    69809   630353    69539   630689    69203   630863    67853   625979   222329   613607   168719
   535727   600239   264167   310733   389447   310439   389723   310223   389819   310049   390077   309899   390209   309599   390503   309479   390647   309269   390869   308939   391073   308723   391367   308519   391679   308249   391889   307919   392423   307529   392669   307283   392837   307079   393059   306749   393299   306533   393587   306377   393677   306209   393857   306029   394007   305933   394157   394223   389117    99767   164279
   504677   354779    97367   602999    96959   603149    96797   603227    96749   603563    96059   603989    95783   604259    95393   604727    95273   604787    95177   604997    94889   605393    94529   605543    94433   605609    94169   606083    93893   606323    93563   606449    93503   606527    93419   606743    93047   607049    92849   607253    92699   607337    92657   607517    92387   607769    91733   608303    89819   602627   195329
     1277   179939   520103   179813   520313   179657   520427   179573   520649   179327   520763   178853   521309   178643   521393   178559   521519   178469   521567   178403   521657   178187   521879   178103   522113   177839   522383   177383   522659   177269   522749   177167   523307   176573   523637   176333   523763   176213   523847   176129   524057   175919   524507   175067   525017   174749   525353   174413   525599   526139   519587
