   187163   513047   186947   513137   186653   513419   186239   513899   185993   514049   185903   514187   185693   514523   185477   514637   185363   514739   185183   514853   185057   515279   184649   515429   184487   515597   184133   515993   183797   516293   183683   516437   183389   516623   183317   516839   183059   516959   182933   517079   182789   517367   182603   517457   182537   517487   182453   517589   182387   518249   347099
   517877   104459   595613   104297   596009   103979   596093   103889   596363   103583   596789   103079   596963   102953   597209   102653   597419   102533   597599   102329   597689   102203   597899   102077   598007   101957   598127   101627   598643   101279   598799   100937   599153   100733   599303   100493   599537   100403   599663   100313   600167    99767   600293    99689   600659    99317   600833    99149   601067   346553   182129
   182057   600983   317453   382643   317279   382847   317123   382919   316937   383099   316859   383153   316703   383429   316373   383813   316097   383969   315977   384107   315893   384203   315779   384407   315569   384479   315407   384737   315179   385079   314879   385193   314807   385379   314603   385493   314399   385739   314213   385817   314129   385943   313889   386153   313727   386369   313517   312737   421643    99023   517949
   518387    98963   387017    81749   618269    81677   618377    81569   618707    81173   618929    80819   619967    79973   620099    79889   620159    79823   620237    79613   620579    79367   620657    79229   620813    78989   621029    78893   621227    78653   621527    78173   621869    77933   622157    77513   622529    77369   622793    77003   623057    76679   623717    76283   624209    75773   624737   346349   312989   601043   181619
   181409   601079   312929   624347   142217   557987   141803   558287   141509   558563   141179   559067   140729   559343   140639   559529   140423   559667   140333   559709   140207   559883   139967   560123   139709   560459   139409   560639   139169   560873   139109   560939   138959   561083   138647   561377   138617   561419   138407   561767   138209   561809   138059   562007   137723   562703   347873    75659   387077    98927   518597
   518729    98627   387227    75539   562307   132059   568097   131639   568643   131297   568877   130817   569237   130589   569663   130259   569927   129959   570113   129593   570419   129539   570497   129497   570587   129347   570719   129263   570887   128987   571037   128873   571679   128159   571853   128033   572027   127913   572303   127649   572399   127583   572519   127373   573179   347033   137699   624467   312779   601379   181277
   181199   601487   312743   624479   137597   572843    45497   654593    45377   654743    45179   654923    44963   655229    44633   655649    44279   655757    44159   655883    43943   656153    43577   656519    43403   656609    43319   656783    43067   656993    42989   657233    42737   657323    42533   657497    42467   657707    42227   657809    42179   657983    41927   658319   347957   127163   562409    75527   387263    98519   518807
   518813    98123   387329    75407   562439   127139   658127   266687   433373   266333   433847   266129   433889   265757   434267   265709   434303   265619   434459   265193   434849   265079   435107   264827   435257   264743   435563   264437   435647   264353   435839   264113   435923   264059   436097   263849   436283   263567   436607   263267   437153   262733   439007   346187    41879   572867   137567   624599   312677   601883   181193
   180779   601949   312383   624683   137399   572903    41759   437357    28703   671357    28403   671717    28277   671777    27947   672227    27689   672557    27239   672827    27143   673019    26849   673193    26783   673247    26693   673613    26387   673649    26339   673769    26189   674117    25847   674273    25643   674483    25469   674699    25247   678407   344327   262649   658247   127103   562607    75323   387623    98057   519227
   519257    97973   387917    75209   562613   127037   658277   262643   674837    86993   613163    86837   613253    86579   613607    86369   613763    86117   614153    85829   614387    85523   614693    85247   615137    84737   615473    84509   615539    84449   615599    84389   615743    84239   615827    84137   616073    83903   616229    83717   616829   347057    25169   437363    41729   572969   137393   624797   312089   602033   180749
   180647   602039   312029   624839   136889   573263    41627   437693    25127   616367    70019   630107    69809   630353    69539   630689    69203   631013    68819   631229    68699   631529    68447   631859    67883   632153    67733   632297    67679   632447    67547   632483    67307   632717    66809   633209    66749   633377    66533   633923   347933    83639   674879   262313   658379   126743   563117    75167   387977    97967   519359
   519383    97919   388109    75029   563357   126359   658403   262253   675029    83597   633497     4637   695777     4139   695873     4127   695927     4007   696077     3923   696239     3593   696617     3347   696887     2957   697079     2879   697217     2633   697397     2549   697583     2333   697733     2129   697937     2039   351929   694523    66509   616409    24977   437753    41603   573647   136649   624977   311897   602087   180623
   180497   602333   311747   625103   136559   573863    41519   437819    24923   616529    66383   697979   225347   474707   225227   474839   225149   474917   225023   475037   224897   475289   224603   475427   224423   475679   224309   475877   224033   476087   223823   476249   223637   476429   223529   476513   223403   480299   345329     2027   633623    83477   675083   262187   658487   126143   563447    74903   388259    97673   519509
   519587    97553   388319    74897   563543   126107   658607   262139   675197    83459   633629     1823   476639   341507   358667   341303   358733   341027   359027   340937   359129   340859   359297   340649   359837   339839   360257   339413   360749   339137   361013   338669   361433   338543   361637   338279   338237   371897   223367   698183    66377   616547    24809   437867    41399   573899   136463   625109   311687   602453   180419
   179939   602543   311603   625133   136343   574109    41357   438029    24767   616589    66239   698273   223253   361793    47777   652493    47507   652667    47279   652913    46889   653153    46649   653363    46499   653777    46187   653903    45959   654053    38393   661673    38237   661823    37649   663713   347513   338213   476753     1733   633767    83417   675239   261977   658649   125897   563663    74873   388403    97463   520067
   520103    97379   388727    74699   563813   125717   658817   261959   675347    83219   633833     1709   476759   338207   662477    35393   664667    35327   664739    35159   665123    34703   665507    34457   665603    34283   665747    34217   666143    33773   666437    33479   666647    33149   667697   347813    37529   361799   223247   698297    66173   616787    24659   438047    41189   574289   136193   625307   311279   602627   179903
   179813   602639   311183   625319   135647   574367    40847   438233    24593   616799    65993   698339   222857   361973    37493   667013   319097   380957   318683   381377   318473   381629   318347   381707   317969   382103   317777   392669   307283   392837   307079   393059   306749   306029   426233    32993   662513   338033   477149     1667   634013    83207   675413   261773   659159   125639   564359    74687   388823    97367   520193
   520313    97007   389057    74609   564407   125387   659177   261587   675593    83063   634079     1619   477293   338027   662693    32987   393299   199523   500519   199403   500693   199049   501029   198929   501173   198719   501317   198623   501503   198413   501659   198179   505277   346043   306707   667019    37313   361979   222713   698387    65927   616943    24413   438419    40829   574619   135599   625397   310949   602999   179693
   179657   603047   310889   625409   135389   574667    40583   438443    24179   616997    65837   698393   222647   362099    37217   667427   306533   502043   300869   399149   300809   399227   300743   399689   300119   399983   300017   400199   299699   400559   299363   299147   450473   197963   393473    32579   662789   337907   477359     1613   634169    83009   675827   261563   659423   125339   564617    74597   389117    96959   520349
   520427    96857   389273    74489   564653   125303   659513   261017   675923    82757   634307     1559   477677   337859   662867    32429   393587   197927   400943    14033   686009    13967   686099    13829   686453    13487   686639    13337   686789    13163   351587   684647   299063   502079   306419   667577    37139   362147   222329   698447    65699   617249    24083   438989    40493   574703   135353   625517   310733   603149   179579
   179573   603209   310559   625643   135209   574799    40283   439133    24077   617387    65633   698483   222197   362213    37049   667643   306329   502247   298937   686879    12569   687593    12323   687737    12239   687779    12113   688067    11933   688637   349043    13127   401069   197759   393677    32363   662957   337793   477809     1523   634373    82619   675929   260873   659723   125207   564797    74363   389447    96797   520433
   520649    96779   389567    74093   564917   125093   659843   260849   675977    82559   634397     1499   477857   337697   663149    32237   393797   197597   401417    13109   688097   286973   413243   286589   413537   286427   413807   285953   417239   346259    11909   686897   298589   502409   306209   667769    36857   362309   222149   698507    65609   617447    24029   439157    40163   574913   135089   625913   310439   603227   179357
   179327   603257   310283   625979   135017   575027    39953   439199    23789   617537    65357   698567   222107   362657    36767   667817   306149   502499   298049   686963    11867   414179   173807   526223   173699   526649   173297   528137   348209   285827   688139    13043   401957   197507   393857    32189   663239   337349   477899     1439   634649    82469   676217   260807   660053   124979   564989    74027   389723    96749   520679
   520763    96443   389783    73973   565337   124919   660119   260753   676253    82349   634679     1283   477947   337313   663407    32057   394007   197453   401993    13037   688217   285539   526733   282713   417617   282383   279413   487889   173273   414467    11789   686969   298013   502553   305999   667949    36599   362693   222059   698723    65327   617657    23753   439253    39887   575087   134669   626033   310223   603563   179243
   178853   603947   310187   626063   134489   575153    39869   439289    23747   617699    65213   698729   222029   362723    36467   668033   305933   502847   297953   687023    11783   414629   173267   417719     6569   695087   348353   282287   526739   285377   688223    12983   402053   197159   394073    31973   663539   337283   477977     1277   634793    82307   676259   260717   660137   124853   565517    73943   389819    96059   521153
   521309    96017   389957    73859   565589   124793   660167   260543   676337    82163   634859     1103   478157   336989   663653    31847   394157   197123   402197    12923   688733   285227   526829   418667   691787   350003     8219   281339   173177   414779    11273   687083   297809   502883   305849   668159    36353   363017   221849   698903    65147   617843    23669   439463    39839   575213   134417   626147   310049   603989   178697
   178643   604223   309929   626159   134369   575303    39779   439667    23633   618053    65063   699053   221807   363119    36269   668609   305783   502973   297707   687107    11243   414893   530339   418799   351653     4919   693437   281207   169667   285113   688763    12899   402299   197033   394223    31397   663737   336887   478199      953   634943    81953   676373   260339   660227   124703   565637    73847   390077    95783   521363
   521393    95747   390107    73673   565667   124577   660347   260207   676469    71327   634979      947   478259   336857   663797    31307   394367   197003   402383    12689   688889   283607   167249   212117   282389   417623   420593   417293   532757   416399    11117   687317   297623   503003   305639   668699    36209   363149   221747   699059    65027   628679    23537   439799    39659   575429   134339   626333   309899   604259   178613
   178559   604613   309797   626363   134219   575513    39503   440039    23417   628757    65003   699077   221603   363179    36137   668747   305597   503207   297503   687359   690419   411233   351797   173783   526307   173357   526709   171869   526199   288773     9587    12647   402503   196799   394409    31259   663869   336827   478403      929   635003    71249   676589   259967   660503   124493   565787    73643   390209    95393   521447
   521519    95279   390407    73613   565793   124433   660563   259829   676649    71129   635087      887   478679   336689   664043    31193   394523   196739   402923   687809     7253   353747   286763   413417   286469   413579   286199   414053   282767   413033   692753    12197   297083   503267   305483   668813    35963   363317   221327   699119    64919   628877    23357   440177    39443   575573   134213   626393   309599   604727   178487
   178469   604733   309503   626477   134087   575579    39323   440183    23327   628937    64667   699197   221219   363569    35897   668867   305477   503297   290039   345749   350963    12413   687683    12269   687767    12227   687893    11939   688073    11369   687437   354257   409967   196709   394529    31139   664109   336437   478787      809   635339    71069   676679   259823   660683   124427   565919    73529   390503    95273   521537
   521567    95219   390527    73517   565973   124337   660887   259667   676727    70997   635507      719   478913   336239   664253    30983   394637   504593   507599    15359    13997   686039    13907   686177    13553   686519    13367   686669    13217   686843   348419   685973   192407   195413   305369   669023    35753   363767   221093   699287    64499   629009    23279   440339    39119   575669   134033   626489   309479   604787   178439
   178403   604829   309359   626627   133949   575867    39113   440507    23087   629339    64439   699323   221069   363947    35603   669029   395453   189017   249533   300857   399197   300779   399263   300317   399887   300023   399989   299807   400307   299447   400643   400859   399137   510989   304553    30977   664403   336059   478937      683   635567    70667   676919   259499   660893   124139   566057    73379   390647    95177   521603
   521657    95009   390737    73043   566273   123887   660899   259157   676943    70589   635603      569   479147   336029   664583   679883   367559   353963   199487   500603   199313   500957   198977   501077   198833   501287   198689   501383   198503   501593   198347   501827   194729   500483   332447    20123    35423   363977   220859   699437    64403   629417    23063   440849    39107   576119   133733   626963   309269   604997   178349
   178187   605117   309137   626987   133439   576203    39089   440987    23039   629567    64157   699443   219983   364127    34739    14369   273773   319049   381323   318629   381533   318377   381659   318299   382037   317903   382229   307337   392723   307169   392927   306947   393257   393977   380909   685637   665267   335879   480023      563   635849    70439   676967   259019   660917   123803   566567    73019   390869    94889   521819
   521879    94613   391067    72923   566723   123719   660983   258977   676979    70199   635939      557   480047   374117   651239   352193    35339   664679    35267   664847    34883   665303    34499   665549    34403   665723    34259   665789    33863   666233    33569   666527    33359   666857    32309   664613    48767   325889   219959   699449    64067   629807    23027   441029    39023   576287   133283   627083   308939   605393   178127
   178103   605477   308933   627383   132953   576299    38903   441179    22859   629843    64037   699527   480419   343037   352493    47513   652499    47339   652727    47093   653117    46853   653357    46643   653507    46229   653819    46103   654047    45953   661613    38333   661769    38183   662357    36293   652229   356969   219587      479   635969    70163   677147   258827   661103   123707   567053    72623   391073    94529   521903
   522113    94463   391283    72053   567059   123323   661139   258743   677309    70079   636149   349967   211493   328109   341339   358703   341273   358979   340979   359069   340877   359147   340709   359357   340169   360167   339749   360593   339257   360869   338993   361337   338573   361463   338369   361727   361769   358499   488513   350039    63857   629927    22697   441263    38867   576683   132947   627953   308723   605543   177893
   177839   605573   308639   628013   132863   577043    38747   441443    22619   629939   636263   691343   354677   225299   474779   225167   474857   225089   474983   224969   475109   224717   475403   224579   475583   224327   475697   224129   475973   223919   476183   223757   476369   223577   476477   223493   476603   219707   474659     8663    63743    70067   677387   258563   661259   122963   567143    71993   391367    94433   522167
   522383    94397   391487    71909   567257   122939   661439   258527   677639   631409    57173     5483     4229   695867     4133   695879     4079   695999     3929   696083     3767   696413     3389   696659     3119   697049     2927   697127     2789   697373     2609   697457     2423   697673     2273   697877     2069   697967   348077   695369   642833    68597    22367   441479    38567   577067   132749   628097   308519   605609   177623
   177383   605837   308327   628127   132623   577397    38459   441557    22349    60923   352073    69899   630197    69653   630467    69317   630803    68993   631187    68777   631307    68477   631559    68147   632123    67853   632273    67709   632327    67559   632459    67523   632699    67289   633197    66797   633257    66629   633473    66083   629987   639083   677657   258449   661547   122609   567383    71879   391679    94169   522623
   522659    93923   391757    71867   567569   122579   661553   257639   666983   352949    86843   613169    86753   613427    86399   613637    86243   613889    85853   614177    85619   614483    85313   614759    84869   615269    84533   615497    84467   615557    84407   615617    84263   615767    84179   615869    83933   616103    83777   616289    83177   613013    33023   442367    38453   577427   132437   628139   308249   606083   177347
   177269   606113   308117   628217   132347   577517   661679   432359   355679    28649   671603    28289   671729    28229   672059    27779   672317    27449   672767    27179   672863    26987   673157    26813   673223    26759   673313    26393   673619    26357   673667    26237   673817    25889   674159    25733   674363    25523   674537    25307   674759    21599   671303   267647    38327   122489   567659    71789   391889    93893   522737
   522749    93683   392087    71633   567719   580259    31319   353819   266633   433673   266159   433877   266117   434249   265739   434297   265703   434387   265547   434813   265157   434927   264899   435179   264749   435263   264443   435569   264359   435653   264167   435893   264083   435947   263909   436157   263723   436439   263399   436739   262853   437273   260999   433319   668687   119747   132287   628373   307919   606323   177257
   177167   606443   307583   628673   572927   109469   352049    45413   654629    45263   654827    45083   655043    44777   655373    44357   655727    44249   655847    44123   656063    43853   656429    43487   656603    43397   656687    43223   656939    43013   657017    42773   657269    42683   657473    42509   657539    42299   657779    42197   657827    42023   658079    41687   654509   590537   127079    71333   392423    93563   522839
   523307    93557   392477   630863   118457   352973   131909   568367   131363   568709   131129   569189   130769   569417   130343   569747   130079   570047   129893   570413   129587   570467   129509   570509   129419   570659   129287   570743   129119   571019   128969   571133   128327   571847   128153   571973   127979   572093   127703   572357   127607   572423   127487   572633   126827   567947   581549    69143   307529   606449   176699
   176573   606503   393629    57809   352133   142019   558203   141719   558497   141443   558827   140939   559277   140663   559367   140477   559583   140339   559673   140297   559799   140123   560039   139883   560297   139547   560597   139367   560837   139133   560897   139067   561047   138923   561359   138629   561389   138587   561599   138239   561797   138197   561947   137999   562283   137303   557789   642197   306377    93503   523433
   523637    93419   370619   353657    81737   618329    81629   618437    81299   618833    81077   619187    80039   620033    79907   620117    79847   620183    79769   620393    79427   620639    79349   620777    79193   621017    78977   621113    78779   621353    78479   621833    78137   622073    77849   622493    77477   622637    77213   623003    76949   623327    76289   623723    75797   624233    75269   618257   329387   606587   176369
   527399   595313   278363   317363   382727   317159   382883   317087   383069   316907   383147   316853   383303   316577   383633   316193   383909   316037   384029   315899   384113   315803   384227   315599   384437   315527   384599   315269   384827   314927   385127   314813   385199   314627   385403   314513   385607   314267   385793   314189   385877   314063   386117   313853   386279   313637   386489   387269   382553   104693   172607
   161879   353453   104393   595709   103997   596027   103913   596117   103643   596423   103217   596927   103043   597053   102797   597353   102587   597473   102407   597677   102317   597803   102107   597929   101999   598049   101879   598379   101363   598727   101207   599069   100853   599273   100703   599513   100469   599603   100343   599693    99839   600239    99713   600317    99347   600689    99173   600857    98939   595547   538127
   352907   186959   513059   186869   513353   186587   513767   186107   514013   185957   514103   185819   514313   185483   514529   185369   514643   185267   514823   185153   514949   184727   515357   184577   515519   184409   515873   184013   516209   183713   516323   183569   516617   183383   516689   183167   516947   183047   517073   182927   517217   182639   517403   182549   517469   182519   517553   182417   517619   181757   512843
