   183059   516959   182933   517079   182789   517367   182603   517457   182537   517487   182453   517589   182387   517877   182057   518249   181619   518597   181277   518807   181193   519227   180749   519359   180623   519509   180419   520067   179903   520193   179693   520349   179579   520433   179357   520679   179243   521153   178697   521363   178613   521447   178487   521537   178439   521603   178349   521819   178127   177893   690869
   521903   100469   599603   100343   599693    99839   600239    99713   600317    99347   600689    99173   600857    99023   601043    98939   601079    98627   601487    98123   601949    97973   602039    97919   602333    97553   602543    97379   602639    97007   603047    96857   603209    96779   603257    96443   603947    96017   604223    95747   604613    95279   604733    95219   604829    95009   605117    94613   607049   346223   178103
   177839   605477   314213   385817   314129   385943   313889   386153   313727   386369   313517   387017   312929   387227   312743   387269   312677   387623   312089   387977   311897   388259   311687   388403   311279   388823   310949   389117   310733   389447   310439   389723   310223   389819   310049   390077   309899   390209   309599   390503   309479   390647   309269   390869   308939   391073   308723   307337   431363    94529   522167
   522383    94463   391367    77213   623003    76949   623327    76289   623723    75797   624233    75659   624467    75527   624599    75323   624737    75209   624839    75029   625103    74873   625307    74687   625397    74597   625517    74363   625913    74027   626033    73943   626147    73847   626333    73643   626393    73529   626489    73379   626963    73019   627083    72623   627953    71993   634079   340979   308639   605543   177623
   177383   605573   308519   628097   138239   561797   138197   561947   137999   562283   137699   562409   137567   562607   137393   562703   136889   563357   136559   563543   136343   563813   135647   564407   135389   564653   135209   564917   135017   565337   134489   565589   134369   565667   134219   565793   134087   565973   133949   566273   133439   566723   132953   567059   132863   577067   337697    71909   391487    94433   522623
   522659    94397   391679    71879   567257   127607   572423   127487   572633   127163   572867   127103   572927   127037   573179   126743   573647   126143   573899   125897   574289   125639   574619   125339   574703   125207   574913   124979   575087   124853   575213   124703   575429   124493   575573   124427   575669   124139   576119   123803   576287   123707   576683   122963   577979   346553   132749   628127   308327   605609   177347
   177269   605837   308249   628139   132623   577397    42179   657983    41927   658127    41759   658277    41687   658379    41603   658487    41399   658649    41189   659159    40829   659423    40493   659723    40163   660053    39887   660137    39839   660227    39659   660503    39443   660683    39119   660893    39107   660917    39023   661103    38867   661259    38567   662957   346439   122609   567383    71867   391757    94169   522737
   522749    93923   391889    71789   567569   122579   661547   262733   437357   262643   437693   262253   437819   262139   438029   261959   438233   261587   438443   261017   439007   260873   439157   260807   439253   260717   439463   260339   439799   259967   440177   259823   440339   259499   440849   259019   441029   258827   441263   258563   441479   258449   443249   346259    38459   577427   132437   628217   308117   606083   177257
   177167   606113   307919   628373   132347   577517    38453   441563    24977   675083    24809   675239    24659   675413    24413   675827    24083   675929    24029   676217    23753   676259    23669   676373    23537   676589    23357   676679    23279   676919    23063   676967    23027   677147    22697   677387    22367   677657    22193   677927    21929   678779   347873   258443   661553   122489   567659    71633   392087    93893   522839
   523307    93683   392423    71333   567719   122477   661613   258437   678203    83417   616787    83207   616829    83063   617249    82619   617447    82469   617657    82307   617843    81953   618257    81737   618329    81629   618437    81299   618833    81077   619187    80039   620033    79907   620117    79847   620183    79769   620393    79427   633629   335123    21803   441569    38393   577529   132287   628673   307583   606323   176699
   176573   606443   307529   628679   132059   577613    38333   441887    21599   620639    65993   634169    65699   634373    65609   634649    65327   634793    65147   634943    65027   635003    64919   635339    64499   635567    64403   635849    64067   635969    63857   636263    63647   636407    63533   636533    63467   636563    63353   639083   346043    79367   678407   258119   661673   122393   567947    71327   392477    93563   523433
   523637    93557   392723    71249   568097   122267   661679   257987   678437    79349   636809     1439   698723     1277   698903      953   699059      929   699119      809   699287      683   699437      563   699449      479   699539      449   699617      239   699947       53   700001   349967   350087   349913   350213   349787   351653   347513    63197   620657    21569   442019    38327   577739   131909   628757   307283   606449   176369
   176333   606503   307169   628877   131639   577799    38237   442139    21407   620777    63059   350453   221849   478199   221747   478403   221327   478787   221093   478937   220859   480023   219959   480167   219797   480299   219689   480329   219587   480503   219437   480713   219017   481043   218873   481157   218627   215273   614387   349553   636947    79229   678599   257867   661769   122207   568367    71129   392837    93503   523673
   523763    93479   392927    71069   568643   122069   661823   257687   678659    79193   637067   349343   481589   336989   363119   336857   363179   336689   363569   336239   363947   336029   364127   335813   364313   335669   364373   335507   364997   334877   365213   334637   365513   334379   365759   333929   329873   384479   218417   350663    62939   620813    21347   442319    38183   577937   131363   628937   307079   606527   176243
   176213   606587   306947   629009   131297   578117    37649   442367    21017   621017    62927   350963   217907   366227    43223   656939    43013   657017    42773   657269    42683   657473    42509   657539    42299   657809    34499   665549    34403   665723    34259   666143    33773   666437    33479   673019   342239   333779   482099   349043   637079    78989   678989   257639   662357   121889   568709    70997   393059    93419   523793
   523847    93263   393257    70667   568877   121697   662477   257519   679067    78977   637283   348827   482213   333737   666647    31139   669023    30977   669167    30677   669413    30347   669869    30119   669947    29867   670217    29663   670577    29423   670619    29333   670763    29153   690377   329393    33359   366269   217793   351179    62723   621029    20939   442487    37529   578309   131129   629339   306749   606743   176159
   176129   606959   306707   629417   130817   578399    37493   442517    20879   621113    62687   351479   217697   366287    33149   670877   315179   385079   314879   385193   314807   385379   314603   385493   314399   385739   303593   396509   303473   396629   303293   396719   303119   300743   445229    29129   666857   333719   482309   348527   637319    78893   679127   257489   662513   121607   569189    70589   393299    93047   523877
   524057    92849   393473    70439   569237   121553   662693   257273   679157    78779   637379   348443   482387   333713   666983    28817   396953   195407   504617   195329   504929   195053   504983   194933   505139   194819   505277   194723   505319   194483   505919   194057   513137   341927   303053   671189    33023   366293   217619   351563    62627   621227    20849   442733    37313   578453   130769   629567   306533   607157   175949
   175919   607253   306419   629807   130589   578483    37217   442817    20543   621353    62597   351587   217499   366383    32993   671303   302969   505979   295037   405347   294509   405527   294347   405689   294179   405857   294059   406403   293507   406547   293357   292223   463457   194027   397037    28703   667013   333623   482507   348419   637409    78653   679463   257189   662789   121523   569417    70199   393587    92753   524087
   524507    92699   393629    70163   569663   121469   662867   257177   679607    78479   637499   348407   482597   333539   667019    28649   397259   193859   406859    11273   688763    11027   689033    10739   689393    10313   689867    10133   689903     9887   697049   342659   293147   506147   302747   671357    32987   366467   217409   351599    62507   621527    20399   442829    37139   578537   130343   629843   306377   607307   175499
   175067   607337   306329   629927   130259   578603    36857   443039    20297   621833    62477   351797   217319   366683    32579   671603   302723   506213   293123   690419     8597   691433     8543   691583     8369   691709     8219   691919     8009   698339   343313     9587   406883   193793   397283    28403   667427   333323   482687   348209   637529    78173   679709   256967   663149   121403   569747    70079   393677    92669   524939
   525017    92657   393797    70067   569927   121313   663239   256889   679823    78137   637709   348077   482753   333023   667577    28289   397427   193679   406907     9539   692099   281933   418079   281849   418169   281807   418259   281717   281207   487007     7907   690467   293099   506327   302579   671717    32429   366983   217253   351929    62297   621869    20183   443117    36767   578693   130079   629939   306209   607349   174989
   174749   607517   306149   629987   129959   578777    36599   443129    20177   622073    62219   352049   217169   367019    32363   671729   302573   506357   292517   690509     7757   418337   168803   531263   168719   531863   168029   538697   342647   281669   692249     9497   407489   193649   397433    28277   667643   332987   482837   347957   637787    77933   679829   256877   663407   121229   570047    70019   393857    92489   525257
   525353    92387   393977    69899   570113   121007   663539   256643   679859    77849   637817   347933   483389   332729   667697    28229   397493   193469   407579     9473   692333   281663   531983   279413   420599   279329   277547   493127   168023   418343     7673   690533   292427   506537   302513   671777    32309   367277   216617   352073    62189   622157    20147   443363    36467   578999   129893   630107   306029   607619   174653
   174413   607769   305999   630197   129593   579107    36353   443489    20123   622493    61703   352193   216233   367307    32237   672059   302459   506573   292367   690629     7607   418427   167729   420737   344969   277637   427403   279269   532277   281579   692399     9377   407639   193433   397547    27947   667769   332699   483773   347813   638303    77513   679883   256517   663653   120899   570413    69809   394007    92237   525593
   525599    91733   394073    69653   570419   120767   663713   256169   680027    77477   638423   347099   483827   332447   667817    27779   397589   193163   407723     8969   692423   281339   532373   424223   432437   350003   267569   275783   167633   418667     7583   691037   292283   506843   302417   672227    32189   367559   216179   352907    61583   622529    19979   443837    36293   579239   129587   630353   305933   608273   174407
   174329   608303   305849   630467   129539   579503    36269   443873    19793   622637    61553   352949   215939   367613    32057   672317   301877   506873   292037   691199     7547   418709   532757   418763   272603   422369   355037   281243   167249   281297   692459     8807   407969   193133   398129    27689   667949   332393   484067   347057   638453    77369   680213   256133   663737   120503   570467    69539   394157    91703   525677
   525809    91583   394223    69317   570497   120473   663797   256019   680297    67523   638459   347033   484079   332273   668033    27449   398213   193043   408137     8669   692753   279857   159017   206879   279407   420677   422459   420593   540989   420149     7253   691337   291869   506963   301793   672557    31973   367733   215927   352973    61547   632483    19709   443987    36209   579533   129509   630689   305783   608423   174197
   174137   608429   305639   630803   129497   579707    36137   444029    19553   632699    61343   353459   215723   367823    31847   672767   301703   506993   291833   691343     6857   556763   357359   168743   531287   168143   531977   161309   531203   143243   693149     8663   408173   193013   398303    27239   668159   332183   484283   346547   638663    67307   680453   255977   663869   120299   570509    69203   394367    91577   525869
   526037    91397   394409    69143   570587   120293   664043   255917   680633    67289   638999   346349   484607   332117   668609    27179   398357   192977   408263     8243   685367   212999   281927   418157   281837   418199   281747   418289   418799   418073    14639   691763   291743   507029   301649   672827    31397   367889   215399   353657    61007   632717    19373   444089    35963   579713   129419   630863   305597   608609   173969
   173933   608633   305483   631013   129347   579773    35897   444167    19013   633197    60953   353819   215393   368099    31319   672863   301583   507119   280817   682427   356693     8573   691463     8423   691637     8297   691787     8087   691997     1667   691409    17579   419189   192887   398423    27143   668687   331907   484613   346187   639053    66809   680993   255839   664109   120233   570659    68993   394523    91373   526073
   526139    91163   394529    68819   570719   119747   664253   255713   681047    66749   639137   346139   484727   331889   668699    26849   398543   189239   530297   357347    11243   688979    10973   689267    10613   689693    10139   689873    10103   690119     2957   688733   169709   510767   301463   673157    31307   368117   215279   353867    60869   633257    18959   444293    35753   580259   129287   631187   305477   608843   173867
   173807   608987   305369   631229   129263   580373    35603   444347    18917   633377    60737   354257   215153   368453    31259   673193   399227   501029   236549   294659   405497   294479   405659   294317   405827   294149   405947   293603   406499   293459   406649   407783   404969   198977   300779    26813   668747   331553   484853   345749   639269    66629   681089   255659   664403   119633   570743    68777   394637    91019   526199
   526223    90863   394643    68699   570887   119627   664583   255467   681137    66533   639563   345689   485063   331277   668813   674537   383153   358079   195389   504677   195077   504953   195023   505073   194867   505187   194729   505283   194687   505523   194087   505949   186869   504599   316853    25469    31193   368729   214943   354317    60443   633473    18869   444539    35423   580379   129119   631307   305363   609143   173783
   173699   609173   305267   631409   128987   580577    35393   444623    18839   633497    60317   354533   214883   368789   669113     1823   254777   314927   385127   314813   385199   314627   385403   314513   385607   314267   396413   303497   396533   303377   396713   303287   396887   399263   384827   698183    30893   331217   485123   345473   639689    66509   681167   255383   664613   119429   571019    68597   394739    90833   526307
   526649    90647   394787    68477   571037   119243   664667   255329   681257    66383   639713   345329   485417   330983    12269   370613    30983   669029    30839   669329    30593   669659    30137   669887    30059   670139    29789   670343    29429   670583    29387   670673    29243   670853     9629   668867   687737   369023   214589   354677    60293   633623    18749   444677    35339   580763   128969   631529   305219   609359   173357
   173297   609407   304979   631559   128873   580919    35327   444767    18713   633767    60167   354743   486407   399149   357767    43067   656993    42989   657233    42737   657323    42533   657497    42467   657707    42197   665507    34457   665603    34283   665747    33863   666233    33569   666527    26987   656783   300857   213599   345263   639839    66239   681293   255239   664679   119087   571133    68447   395027    90599   526709
   526733    90473   395069    68147   571679   118907   664739   255173   681419    66173   639857   345227   472643   315527   336887   363149   336827   363317   336437   363767   336059   363977   335879   364193   335693   364337   335633   364499   335009   365129   334793   365369   334493   365627   334247   366077   370133   363017   227363   354779    60149   633833    18587   444833    35267   581099   128327   631859   304937   609533   173273
   173267   609599   304847   632123   128159   581333    35159   444869    18443   633923   646307   697979    85619   221807   478259   221603   478679   221219   478913   221069   479147   219983   480047   219839   480209   219707   480317   219677   480419   219503   480569   219293   480989   218963   481133   218849   481379   484733   478157     2027    53699    66083   681563   255137   664847   118673   571847    67883   395159    90407   526739
   526829    90263   395243    67853   571853   118457   665123   255077   681677   636287    45377   352493     1283   698729     1103   699053      947   699077      887   699197      719   699323      569   699443      557   699527      467   699557      389   699767       59   699953        5   350039   349919   350093   349793   350219   348353   698567   654629    63719    18329   444929    34883   581549   128153   632153   304763   609743   173177
   172883   609779   304553   632273   128033   581597    34739   444953   682259    42227   353963    65837   634307    65633   634397    65357   634679    65213   634859    65063   634979    65003   635087    64667   635507    64439   635603    64157   635939    64037   636149    63743   636359    63599   636473    63473   636539    63443   636653    60923   634013   657779    17747   255053   665267   118409   571973    67733   395453    90227   527123
   527129    90203   395657    67709   572027   118343   665303   446087    11117   364883    83219   616799    83177   616943    82757   617387    82559   617537    82349   617699    82163   618053    81749   618269    81677   618377    81569   618707    81173   618929    80819   619967    79973   620099    79889   620159    79823   620237    79613   620579    66377   616589   688889   253919    34703   581663   127979   632297   304349   609803   172877
   172673   609809   303803   632327   127913   581729   665789   244493   352133    24923   675197    24767   675347    24593   675593    24179   675923    24077   675977    23789   676253    23747   676337    23633   676469    23417   676649    23327   676727    23087   676943    23039   676979    22859   677309    22619   677639    22349   677813    22079   678077    21227   675029   455513    34217   118277   572093    67679   396203    90197   527333
   527399    90017   396239    67559   572303   581753    25169   353747   262649   437363   262313   437753   262187   437867   261977   438047   261773   438419   261563   438989   260999   439133   260849   439199   260753   439289   260543   439667   260207   440039   259829   440183   259667   440507   259157   440987   258977   441179   258743   441443   258527   441557   256757   437273   674837   118253   127703   632447   303767   609989   172607
   172553   610157   303713   632459   127649   107699   353567    42023   658079    41879   658247    41729   658319    41627   658403    41519   658607    41357   658817    40847   659177    40583   659513    40283   659843    39953   660119    39869   660167    39779   660347    39503   660563    39323   660887    39113   660899    39089   660983    38903   661139    38747   661439    37049   657827   592307   572357    67547   396293    89849   527453
   527489    89819   396323    66797   552029   353453   127583   572519   127373   572843   127139   572903   127079   572969   126827   573263   126359   573863   126107   574109   125717   574367   125387   574667   125303   574799   125093   575027   124919   575153   124793   575303   124577   575513   124433   575579   124337   575867   123887   576203   123719   576299   123323   577043   122027   572399   147977   633209   303683   610187   172517
   172373   610409   398063   616997   362309   138209   561809   138059   562007   137723   562307   137597   562439   137399   562613   137303   563117   136649   563447   136463   563663   136193   564359   135599   564617   135353   564797   135089   564989   134669   565517   134417   565637   134339   565787   134213   565919   134033   566057   133733   566567   133283   567053   132947   567143   122939   561767    83009   301943    89597   527633
   527699   613427   375449   359027    77003   623057    76679   623717    76283   624209    75773   624347    75539   624479    75407   624683    75269   624797    75167   624977    74903   625133    74699   625319    74609   625409    74489   625643    74093   625979    73973   626063    73859   626159    73673   626363    73613   626477    73517   626627    73043   626987    72923   627383    72053   628013    65927   622793   324557    86579   172307
   530063    74897   268643   314189   385877   314063   386117   313853   386279   313637   386489   312989   387077   312779   387263   312737   387329   312383   387917   312029   388109   311747   388319   311603   388727   311183   389057   310889   389273   310559   389567   310283   389783   310187   389957   309929   390107   309797   390407   309503   390527   309359   390737   309137   391067   308933   391283   392669   385793   625109   169943
   502973   353783   100403   599663   100313   600167    99767   600293    99689   600659    99317   600833    99149   600983    98963   601067    98927   601379    98519   601883    98057   602033    97967   602087    97673   602453    97463   602627    97367   602999    96959   603149    96797   603227    96749   603563    96059   603989    95783   604259    95393   604727    95273   604787    95177   604997    94889   605393    92957   599537   197033
     9137   183047   517073   182927   517217   182639   517403   182549   517469   182519   517553   182417   517619   182129   517949   181757   518387   181409   518729   181199   518813   180779   519257   180647   519383   180497   519587   179939   520103   179813   520313   179657   520427   179573   520649   179327   520763   178853   521309   178643   521393   178559   521519   178469   521567   178403   521657   178187   521879   522113   516947
