   198503   501593   198347   501827   197963   502079   197759   502409   197507   502553   197159   502883   197033   503003   196799   503267   196709   503423   196523   503819   196043   504143   195809   504269   195527   504527   195443   504593   195407   504617   195329   504929   195053   504983   194933   505139   194819   505277   194723   505319   194483   505919   194057   505979   193859   506213   193679   506357   193469   508349   345749
   506573   116273   583997   115979   584153   115823   584249   115727   584393   115589   584663   115133   584879   115013   585317   114593   585587   114329   585737   114167   585863   114089   586037   113933   586349   113513   586589   113327   586793   113027   587087   112787   587417   112577   587603   112337   587753   112019   588113   111833   588239   111659   588383   111497   588683   111269   588743   111227   590537   345263   193433
   193163   588953   329873   370217   329393   370619   329333   370883   328919   371177   328667   371387   328589   371627   328373   371663   328109   371939   328007   372023   327869   372167   327827   372269   327707   372377   327317   372797   327203   373007   326663   373349   326147   373943   325943   374117   325883   374333   325607   374687   325217   374819   325019   375029   324893   375233   324647   321077   402197   111053   506843
   506873   111029   375413    91703   608423    91577   608609    91373   608843    91019   609143    90833   609359    90599   609533    90407   609743    90227   609803    90197   609989    89849   610187    89597   610439    89387   610703    89273   610817    89087   611069    88817   611207    88793   611459    88523   611543    88169   611927    88037   611999    87869   612173    87743   612377    87623   614759   345329   324593   588977   193133
   193043   589187   324557   612497   153407   546719   153137   546893   153059   547097   152783   547229   152519   547577   152423   547643   152297   547787   152189   547823   152003   548039   151937   548123   151817   548363   151607   548453   151517   548753   151169   548843   151049   549503   150497   549533   150383   549683   150299   549719   150239   550139   149837   550289   149627   551093   347033    87509   375449   110819   506963
   506993   110597   375509    87293   550427   144719   555593   144299   556007   143519   556763   143063   557027   142973   557057   142733   557309   142469   557573   142217   557987   141803   558287   141509   558563   141179   559067   140729   559343   140639   559529   140423   559667   140333   559709   140207   559883   139967   560123   139709   560459   139409   560639   139169   562283   346187   149579   612713   324497   589409   193013
   192977   589439   324473   612923   149399   560873    56123   643919    55997   644057    55889   644519    55457   644669    55259   644789    55163   644933    54983   645137    54773   645383    54563   645467    54503   645629    54323   645713    54269   645839    53993   646067    53849   646193    53699   646397    53147   646889    53093   646937    52973   647039    52937   651509   344039   139133   550607    87083   375533   110567   507029
   507119   110477   375569    86993   550757   139109   647117   276503   423557   276389   423713   276257   423869   275999   424019   275969   424169   275783   424433   275459   424559   275339   424967   275003   425189   274709   425309   274583   425489   274457   425603   274223   425819   274103   425987   273929   426233   273719   426353   273617   426737   273233   435839   338993    52889   560897   149249   613013   324437   589529   192887
   192677   589877   324299   613163   149069   560939    52859   426893    39323   660887    39113   660899    39089   660983    38903   661139    38747   661439    38459   661553    38393   661673    38237   661823    37649   662477    37493   662693    37217   662867    37049   663149    36767   663407    36467   663653    36293   663737    36209   663869    35963   664613   347873   273113   647147   139067   550937    86843   375707   110129   507329
   507599   109883   376049    86837   550973   138959   647189   272933   664109    97967   602087    97673   602453    97463   602627    97367   602999    96959   603149    96797   603227    96749   603563    96059   603989    95783   604259    95393   604727    95273   604787    95177   604997    94889   605393    94529   605543    94433   605609    93923   606323   347933    35897   427073    52817   561047   149033   613169   323957   590123   192407
   192263   590489   323879   613253   148667   561083    52673   427079    35753   606113    81569   618707    81173   618929    80819   619967    79973   620117    79847   620183    79769   620393    79427   620639    79349   620777    79193   621017    78977   621113    78779   621353    78479   621833    78137   622073    77849   622493    77477   624209   345473    93893   664253   272927   647333   138923   551339    86753   376127   109517   507743
   507953   109433   376307    86579   551489   138647   647453   272903   664403    93563   622637    13043   686969    12983   687083    12899   687317    12647   687437    12413   687683    12269   687767    12227   687809    12113   688067    11933   688097    11867   688217    11783   688637    11273   688763    11117   688979    10973   691463   346259    77369   606443    35603   427103    52553   561359   148517   613427   323699   590573   192053
   191969   590609   323537   613607   148457   561377    52529   427247    35423   606503    77213   689267   237287   462773   237179   462863   237053   463283   236573   463457   236219   463919   235877   464213   235679   464447   235523   464699   235043   464993   235007   465089   234833   465293   234599   465419   234197   467507   347057    10739   622793    93503   664583   272759   647477   138629   551549    86399   376469   109397   508037
   508103   109379   376757    86369   551813   138617   647489   272603   664667    93479   623003    10613   465917     2609   697457     2423   697673     2273   697877     2069   697967     2027   698183     1733   698297     1667   698387     1613   698447     1523   698507     1439   698723     1277   698903      953   352049   695999   234089   689393    77003   606527    35339   427403    52517   561389   148193   613637   323249   590627   191903
   191783   590753   322877   613763   148157   561419    52379   427439    35327   606587    76949   689693   234029   699059    58109   642197    57773   642419    57383   642737    57173   642899    57059   643043    56807   643373    56543   643553    56417   650987    48989   651239    48533   651767    48197   654593   338279      947   465977    10313   623057    93419   664679   272567   647627   138587   551849    86243   377129   109253   508223
   508259   109139   377147    86117   551927   138407   647693   272549   664739    93263   623327    10139   466247      929   652229    45179   654923    44963   655373    44357   655727    44249   655847    44123   656063    43853   656429    43487   656603    43397   656687    43223   656939    43013   670619   335009    47777   699077   233759   689867    76679   606743    35267   427457    52313   561599   148079   613889   322859   590867   191747
   191507   591089   322709   614153   148073   561767    52259   427529    35159   606959    76289   689873   233489   699119    47513   657017   331889   368453   331277   368789   330983   369119   330653   369419   330359   369659   330047   381533   318377   381659   318299   382037   317903   383909   335693    42989   652493      887   466517    10133   623717    93047   664847   272477   647747   138239   551933    85853   377297   108917   508499
   508559   108893   377393    85829   552029   138209   647753   272093   665123    92957   623723    10103   466649      809   652499    42773   382229   209039   491129   208787   491333   208667   491417   208577   491537   208379   491639   208337   491783   208217   491867   208037   205157   636149   317777   657233    47507   699197   233357   689903    76283   607049    34883   427913    52253   561797   147977   614177   322613   591113   191447
   191297   591137   322463   614387   147827   561809    52223   427997    34739   607157    75773   690119   232823   699323    47339   657269   317453   492053   312029   388109   311747   388319   311603   388727   311183   389057   310889   389273   310559   389567   310283   392477   346223   207953   382553    42737   652667      683   467183     9887   624233    92849   665267   272009   647783   138197   552179    85619   377543   108869   508709
   508817   108497   377687    85523   552263   138059   648029   272003   665303    92753   624347     9629   467297      569   652727    42683   382643   207947   389783    24767   675413    24413   675827    24083   675929    24029   676217    23753   676259    23669   679127   346553   310223   492059   317363   657323    47279   699437   232709   690377    75659   607253    34703   428003    51977   561947   147743   614483   322319   591509   191189
   191033   591659   321983   614693   147689   562007    51899   428039    34499   607307    75539   690419   232607   699443    47093   657473   317279   492083   310187   676373    23027   677147    22619   677639    22349   677813    22079   678077    21803   678437   349043    23633   389819   207923   382727    42533   652913      563   467399     9587   624467    92699   665507   271967   648107   137999   552317    85313   378023   108347   508973
   509027   108263   378593    84869   552659   137699   648239   271829   665549    92669   624479     9539   467549      557   653117    42509   382847   207629   389957    23537   678407   301073   399137   300857   399197   300779   399263   300317   299147   450257    21599   676469   310049   492377   317159   657497    46889   699449   232457   690467    75527   607337    34457   428177    51767   562307   147347   615137   321413   591743   190979
   190709   591827   321323   615269   147299   562409    51749   428303    34403   607349    75407   690509   232307   699527    46853   657539   317123   492413   309929   676589    21407   399887   184409   515873   184013   516209   183713   519257   346547   300119   678599    23417   390077   207593   382883    42467   653153      479   467699     9497   624599    92657   665603   271703   648257   137597   552707    84737   378683   108179   509297
   509393   107873   378779    84533   552809   137567   648293   271637   665723    92489   624683     9473   467897      467   653357    42299   382919   207443   390107    23357   678779   300023   516323   296843   403253   296507   404969   348443   183683   399983    21227   676649   309899   492563   317087   657707    46649   699539   232109   690533    75323   607517    34283   428369    51713   562439   147197   615473   321227   592133   190613
   190577   592139   321053   615497   147107   562607    51329   428489    34259   607619    75269   690629   232103   699557    46643   657779   316937   492629   309797   676679    21017   399989   183569   403757    16097   686099   347813   296249   516437   300017   678989    23327   390209   207377   383069    42227   653363      449   467903     9377   624737    92387   665747   271517   648677   137399   552899    84509   378953   107867   509429
   509477   107717   379163    84467   552917   137393   648719   271367   665789    92237   624797     9137   467927      389   653507    42197   383099   207287   390407    23279   679067   299807   516617   413033   681719   350003    18287   286973   183389   400199    20939   676727   309599   492719   316907   657809    46499   699617   232079   690869    75209   607769    34217   428639    51287   562613   147089   615539   320843   592289   190529
   190403   592307   320699   615557   146933   562703    51203   428843    33863   608273    75167   691037   231947   699767    46229   657827   316859   492893   309503   676919    20849   400307   516947   284819   352193    13907   683909   415187   183059   299699   679157    23087   390503   207113   383147    42179   653777      239   468059     8969   624839    91733   666143   271163   648803   137303   553073    84449   379307   107699   509603
   509693   107357   379319    84407   553229   136889   649157   270923   666233    83009   624977     8807   468113       59   653819    42023   383153   206993   390527    23063   679463   298589   178697   351563   296753   403499   295037   403163   521309   401417    20543   676943   309479   493013   316853   657983    46187   699947   231893   691199    75029   616997    33773   429083    50849   563117   146777   615599   320687   592649   190313
   190283   592727   320609   615617   146543   563357    50789   429347    33569   617249    74903   691337   231533   699953    46103   658079   316703   493067   309359   676967   681167   500603   353459   184133   515993   183797   516293   180749   515597   199403    18839    23039   390647   206939   383303    41927   653903       53   468473     8669   625103    82757   666437   270659   649217   136649   553463    84389   379397   107279   509723
   509909   107243   379667    84263   553529   136559   649283   270593   666527    82559   625109     8663   468527        5   654047    41879   383429   206897   390737   677309    15887   249749   300869   399149   300809   399227   300743   399689   400859   398933   684119    22697   309269   493109   316577   658127    45959   700001   231479   691343    74897   617447    33479   429413    50723   563447   146477   615743   320339   592763   190097
   189929   592973   320303   615767   146423   563543    50627   429467    33359   617537    74873   691409   231359   350039    45953   658247   316373   493127   391367    17747   350963    22859   677387    22367   677657    22193   677927    21929   678203    21569   676979   682259   308639   206879   383633    41759   654053   349967   468647     8597   625133    82469   666647   270539   649379   136463   553583    84239   379703   107033   510077
   510569   106823   379787    84179   553589   136343   649457   270509   666857    82349   625307     8573   468683   349919   654509    41729   383813   496007   302573   353453    24593   675593    24179   675923    24077   675977    23789   676253    23747   676337    20879   675239   397433   203999   316193   658277    45497   350087   231323   691433    74699   617657    33149   429497    50549   563663   146417   615827   320219   593183   189437
   189389   593387   320153   615869   146273   563813    50387   429563    33023   617699    74687   691583   231269   350093    45377   658319   384407   488687   353783   311897   388259   311687   388403   311279   388823   310949   389117   310733   389447   310439   389723   307529   387977   211319   315599    41687   654629   349913   468737     8423   625319    82307   666983   270443   649619   136193   553733    84137   379853   106619   510617
   510767   106487   379979    83933   553757   135647   649643   270407   667013    82163   625397     8369   468899   349793   654743    41399   286589    63857   208877   491219   208673   491339   208589   491429   208469   491627   208367   491669   208223   491789   208139   491969   494849   490967   413417   658607    45263   350213   231107   691637    74609   617843    32993   429599    50363   564359   146249   616073   320027   593519   189239
   189017   593573   320009   616103   145799   564407    50207   429677    32987   618053    74597   691709   231053   349787   655229   640847   364313   331553   368729   331217   369023   330887   369353   330587   369647   330347   369959   318473   381629   318347   381707   317969   382103   316097   368117    59159    44777   350219   468953     8297   625409    81953   667019   270329   649799   135599   554207    83903   379997   106433   510989
   511163   106373   380189    83777   554303   135353   649829   270323   667427    81749   625517     8243   469037   697079    21347   364997    45083   655043    44633   655649    44279   655757    44159   655883    43943   656153    43577   656519    43403   656609    43319   656783    43067   656993    29387   654827   678659     2927   230969   691763    74489   618257    32579   429683    50177   564653   145703   616229   319817   593633   188843
   188519   593903   319679   616289   145589   564797    50129   429719    32429   618269    74363   691787   482597   697217   361727    57809   642233    57587   642623    57269   642833    57107   642947    56963   643199    56633   643463    56453   643589    49019   651017    48767   651473    48239   651809    45413   641897     2789   217409     8219   625643    81737   667577   270287   649877   135209   554417    83717   380327   106103   511487
   511523   106019   380333    83639   554573   135089   649937   270209   667643    81677   625913   691919   209987     4007     2549   697583     2333   697733     2129   697937     2039   697979     1823   698273     1709   698339     1619   698393     1559   698483     1499   698567     1283   698729     1103   699053   347957   697397   490019     8087    74093   618329    32363   429797    50069   564917   145433   616367   319673   593987   188483
   188303   593993   319589   616409   145307   564989    49823   430019    32309   618377   626147      719   352949   237233   462827   237143   462953   236723   463433   236549   463787   236087   464129   235793   464327   235559   464483   235307   464963   235013   464999   234917   465173   234713   465407   234587   465809   232499   462719   699287    73859    81629   667697   269987   650183   135017   554699    83597   380417   106013   511703
   511757   105983   380459    83477   554747   134669   650477   269663   667769   620099    63599   353747    13037   687023    12923   687107    12689   687359    12569   687593    12323   687737    12239   687779    12197   687893    11939   688073    11909   688139    11789   688223    11369   688733    11243   688889    11027   689033     8543   686963   636407    79907    32237   430343    49529   565337   145259   616529   319547   594023   188249
   188147   594107   319169   616547   145253   565517    49523   430427   675347    71993   354533    81299   618833    81077   619187    80039   620033    79889   620159    79823   620237    79613   620579    79367   620657    79229   620813    78989   621029    78893   621227    78653   621527    78173   621869    77933   622157    77513   622529    75797   618437   628013    24659   269579   650483   134489   554753    83459   380837   105899   511859
   512537   105557   380879    83417   554969   134417   650543   265547    17327   352073    97919   602333    97553   602543    97379   602639    97007   603047    96857   603209    96779   603257    96443   603947    96017   604223    95747   604613    95279   604733    95219   604829    95009   605117    94613   605477    94463   605573    94397   606083    93683   602039   682679   434459    49463   565589   145037   616589   319127   594449   187469
   187463   594569   319097   616787   144887   565637   650813   418427   352133    39119   660893    39107   660917    39023   661103    38867   661259    38567   661547    38453   661613    38333   661769    38183   662357    37529   662513    37313   662789    37139   662957    36857   663239    36599   663539    36353   663713    36269   663797    36137   664043    35393   660683   281579    49193   134369   555119    83219   380909   105437   512543
   512573   105389   380957    83207   555167   605837    38327   361013   276449   423617   276293   423749   276137   424007   275987   424037   275837   424223   275573   424547   275447   424667   275039   425003   274817   425297   274697   425423   274517   425549   274403   425783   274187   425903   274019   426077   273773   426287   273653   426389   273269   426773   264167   423503   661679    94169   144839   616799   319049   594617   187433
   187409   594899   318683   616829   555683    83063   355967    56087   644009    55949   644117    55487   644549    55337   644747    55217   644843    55073   645023    54869   645233    54623   645443    54539   645503    54377   645683    54293   645737    54167   646013    53939   646157    53813   646307    53609   646859    53117   646913    53069   647033    52967   647069    48497   643883   616943   144323    83177   381323   105107   512597
   512657   104933   381377    82619   135389   353819   144413   555707   143999   556487   143243   556943   142979   557033   142949   557273   142697   557537   142433   557789   142019   558203   141719   558497   141443   558827   140939   559277   140663   559367   140477   559583   140339   559673   140297   559799   140123   560039   139883   560297   139547   560597   139367   560837   137723   555287   564617   617387   318629   595073   187349
   187163   595157   316037   606449   352973   153287   546869   153113   546947   152909   547223   152777   547487   152429   547583   152363   547709   152219   547817   152183   548003   151967   548069   151883   548189   151643   548399   151553   548489   151253   548837   151163   548957   150503   549509   150473   549623   150323   549707   150287   549767   149867   550169   149717   550379   148913   546599    93557   383969   104849   512843
   513047   104297   427967   354677    91583   608429    91397   608633    91163   608987    90863   609173    90647   609407    90473   609599    90263   609779    90203   609809    90017   610157    89819   610409    89567   610619    89303   610733    89189   610919    88937   611189    88799   611213    88547   611483    88463   611837    88079   611969    88007   612137    87833   612263    87629   612383    85247   608303   272039   595709   186959
   186947   582737   297809   329789   370613   329387   370673   329123   371087   328829   371339   328619   371417   328379   371633   328343   371897   328067   371999   327983   372137   327839   372179   327737   372299   327629   372689   327209   372803   326999   373343   326657   373859   326063   374063   325889   374123   325673   374399   325319   374789   325187   374987   324977   375113   324773   375359   378929   370133   117269   513059
   500483   354743   116009   584027   115853   584183   115757   584279   115613   584417   115343   584873   115127   584993   114689   585413   114419   585677   114269   585839   114143   585917   113969   586073   113657   586493   113417   586679   113213   586979   112919   587219   112589   587429   112403   587669   112253   587987   111893   588173   111767   588347   111623   588509   111323   588737   111263   588779   109469   583733   199523
   354257   198413   501659   198179   502043   197927   502247   197597   502499   197453   502847   197123   502973   197003   503207   196739   503297   196583   503483   196187   503963   195863   504197   195737   504479   195479   504563   195413   504599   195389   504677   195077   504953   195023   505073   194867   505187   194729   505283   194687   505523   194087   505949   194027   506147   193793   506327   193649   506537   191657   501503
