   194483   505919   194057   505979   193859   506213   193679   506357   193469   506573   193163   506873   193043   506993   192977   507119   192677   507599   192263   507953   191969   508103   191783   508259   191657   508499   191447   508709   191189   508973   190979   509297   190613   509429   190529   509603   190313   509723   190097   510077   189437   510617   189239   510989   188843   511487   188483   511703   188249   513137   345473
   511859   111659   588383   111497   588683   111269   588743   111227   588953   111029   589187   110597   589439   110477   589877   109883   590489   109469   590573   109397   590627   109253   590867   108917   591113   108869   591509   108347   591743   108179   592133   107867   592289   107699   592649   107279   592763   107033   593183   106619   593519   106433   593633   106103   593987   106013   594023   105899   607049   333719   188147
   187469   594449   325019   375029   324893   375233   324647   375413   324557   375509   324473   375569   324299   376049   323879   376307   323537   376757   322877   377147   322709   377393   322463   377687   321983   378593   321323   378779   321077   378953   320843   379307   320687   379397   320339   379703   320219   379853   320027   379997   319817   380327   319673   380417   319547   380837   319127   381323   346547   105557   512537
   512543   105437   380909    87833   612263    87629   612383    87509   612713    87083   613013    86843   613169    86753   613427    86399   613637    86243   613889    85853   614177    85619   614483    85313   614759    84869   615269    84533   615497    84467   615557    84407   615617    84263   615767    84179   615869    83933   616103    83777   616289    83639   616409    83477   616547    83417   617387   347873   319097   594569   187463
   187433   594617   319049   616787   149627   550427   149399   550757   149069   550973   148913   551339   148517   551549   148193   551849   148079   551933   147977   552179   147743   552317   147347   552707   147197   552899   147089   553073   146777   553463   146477   553583   146417   553733   146249   554207   145703   554417   145433   554699   145259   554753   145037   555119   144839   561083   341729    83219   380957   105389   512573
   512597   105107   381377    83207   555287   139169   560873   139109   560939   138959   561359   138629   561419   138407   561767   138209   561809   138059   562007   137723   562307   137597   562439   137399   562613   137303   563117   136649   563447   136463   563663   136193   564359   135599   564617   135353   564797   135089   564989   134669   565517   134417   565637   134339   566057   347057   144719   616799   318629   594899   187409
   187349   595073   318473   616829   144413   565787    52817   647333    52553   647477    52517   647627    52313   647747    52253   647783    51977   648107    51767   648257    51713   648677    51287   648803    50849   649217    50723   649379    50549   649619    50363   649799    50177   649877    50069   650183    49529   650483    49463   650813    49019   651017    48767   657017   342197   134219   555593    83177   381533   104933   512657
   512843   104849   381629    83063   555683   134213   651473   272603   427439   272549   427529   272093   427967   272009   428003   271967   428177   271703   428369   271517   428639   271163   429083   270659   429413   270539   429497   270443   429599   270329   429683   270287   429797   269987   430343   269579   430433   269519   430769   269183   430949   268643   434387   345263    48533   565793   144323   616943   318377   595157   187163
   186959   595247   318347   616997   144299   565919    48497   431369    35339   664679    35267   664847    34883   665267    34703   665507    34457   665603    34283   665747    34217   666143    33773   666437    33479   666647    33149   666983    32993   667019    32579   667577    32363   667697    32237   667817    32057   668033    31847   668609    31319   673649   342899   268637   651509   134087   555707    83009   381659   104759   513047
   513059   104729   381707    82757   556007   134033   651767   268607   668699    93047   607157    92753   607307    92669   607349    92489   607619    92237   608273    91703   608423    91577   608609    91373   608843    91019   609143    90833   609359    90599   609533    90407   609743    90227   609803    90197   609989    89849   610187    89597   611837   346349    31307   431399    48239   565973   143999   617249   318299   595277   186947
   186653   595313   317969   617447   143519   566273    48197   431513    31259   610439    75797   624233    75659   624479    75407   624683    75269   624797    75167   624977    74903   625109    74873   625319    74609   625409    74489   625643    74093   625979    73973   626063    73859   626159    73673   626363    73613   626477    73517   627083   348419    89567   668747   268493   651809   133733   556487    82559   382037   104693   513353
   513419   104459   382103    82469   556763   133439   652229   268439   668813    89387   626627     9377   690869     8969   691199     8669   691343     8597   691433     8543   691583     8369   691709     8243   691787     8087   691997     7907   692249     7673   692399     7583   692459     7253   692927     7043   693089     6869   694349   347513    73379   610619    31193   431567    47777   566567   143243   617537   317903   595547   186587
   186239   595613   317777   617657   143063   566723    47513   431603    31139   610703    73043   693149   231947   468113   231533   468527   231359   468683   231269   468899   231053   469037   230567   469613   230357   469793   229799   470243   229727   470303   229589   470453   229409   470663   229223   470867   228869   473999   346187     6857   626963    89303   668867   268403   652493   133283   556943    82349   382229   104393   513767
   513899   104297   382553    82307   557027   132953   652499   268343   669023    89273   626987     6827   471209       53   700001   349967   350087   349913   350213   349787   350453   349343   350963   348527   351563   348407   351653   348209   351929   347957   352073   347813   352907   347033   353453   346439   345689   355643   228797   693179    73019   610733    30983   431663    47507   567053   142979   617699   317453   595709   186107
   185993   596009   317363   617843   142973   567059    47339   431807    30977   610817    72623   693317   228707   353747    53849   646193    53699   646397    53147   646889    53093   646937    52973   647039    52937   647117    52859   656153    43487   656603    43397   656687    43223   656939    43013   657269   340169   346259   471299     6689   627383    89189   669029   268199   652667   132947   557033    82163   382643   103997   514013
   514049   103979   382727    81953   557057   132863   652727   268013   669113    89087   627953     6653   471389   346223   657233    41357   658817    40847   659177    40583   659513    40283   659843    39887   660137    39839   660227    39659   660503    39443   660683    39119   660893    39107   672863   337283    42773   353783   228617   693353    72053   610919    30893   431993    47279   567143   142949   618053   317279   596027   185957
   185903   596093   317159   618257   142733   567257    47093   432143    30839   611069    71993   693437   228539   353867    42683   660917   326063   374063   325889   374123   325673   374399   325319   374789   325187   385493   314399   385739   314213   385817   314129   385943   313889   312737   412193    39089   657323   346139   471467     6569   628013    88937   669167   267863   652913   132749   557273    81749   382847   103913   514103
   514187   103889   382883    81737   557309   132623   653117   267857   669329    88817   628097     6473   471749   346043   657473    39023   386153   205487   494609   205319   494699   205223   494849   205133   494903   205019   495119   204857   495449   204443   495569   204377   202049   642947   313853   660983    42533   353963   228257   693533    71909   611189    30677   432149    46889   567383   142697   618269   317123   596117   185819
   185693   596363   317087   618329   142469   567569    46853   432203    30593   611207    71879   693677   228203   354257    42509   661103   313727   495647   306749   393299   306533   393587   306377   393677   306209   393857   306029   394007   305933   394157   305783   300809   443039   204359   386279    38903   657497   345749   471803     6329   628127    88799   669413   267803   653153   132437   557537    81677   382919   103643   514313
   514523   103583   383069    81629   557573   132347   653357   267719   669659    88793   628139     6323   471893   345329   657539    38867   386369   204299   394367    20177   679859    20123   680027    19793   680297    19553   680633    19013   681047    18917   696887   333713   305639   495707   313637   661139    42467   354677   228113   693683    71867   611213    30347   432287    46649   567659   142433   618377   316937   596423   185483
   185477   596789   316907   618437   142217   567719    46643   432359    30137   611459    71789   693689   228077   355037    42299   661259   313517   495773   305597   681137    17957   682259    17729   682337    17579   682673    17327   683303    16649   689873   342347    18869   394409   204233   386489    38747   657707   344969   471929     6317   628217    88547   669869   267647   653363   132287   557789    81569   383099   103217   514529
   514637   103079   383147    81299   557987   132059   653507   267593   669887    88523   628373     6263   472133   344957   657779    38567   387017   204107   394523    18839   683453   294509   405527   294347   405689   294179   405857   294059   292427   463433    16553   681167   305483   495899   312989   661439    42227   355049   227873   693743    71633   611483    30119   432413    46499   567947   142019   618707   316859   596927   185369
   185363   596963   316853   618833   141803   568097    46229   432437    30059   611543    71333   693809   227537   355463    42197   661547   312929   495947   305477   681257    16529   406403   179813   520313   179657   520427   179573   532379   337859   293603   683477    18749   394529   204059   387077    38459   657809   344543   472469     6197   628673    88463   669947   267569   653777   131909   558203    81173   383153   103043   514643
   514739   102953   383303    81077   558287   131639   653819   267557   670139    88079   628679     5987   472643   344327   657827    38453   387227   204047   394637    18713   683513   293507   520649   290999   409043   290669   284447   474857   179357   406499    16493   681293   305369   495959   312779   661553    42179   355679   227363   694019    71327   611927    29867   432449    46187   568367   141719   618929   316703   597053   185267
   185183   597209   316577   619187   141509   568643    46103   432527    29789   611969    71249   694079   227207   355763    42023   661613   312743   495983   305363   681419    16319   406547   179327   409349    13163   698273   338573   290657   520679   293459   683687    18587   394643   204023   387263    38393   657983   344243   472799     5927   628757    88037   670217   267479   653903   131363   558497    80819   383429   102797   514823
   514853   102653   383633    80039   558563   131297   654047   267419   670343    88007   628877     5813   472817   344207   658079    38333   387329   203999   394739    18443   683777   293357   520763   286469   675413   350003    24593   413537   179243   406649    16229   681563   305267   496007   312677   661673    41927   355799   227189   694193    71129   611999    29663   432587    45959   568709   141443   619967   316373   597353   185153
   185057   597419   316193   620033   141179   568877    45953   432989    29429   612137    71069   694223   227159   355853    41879   661679   312383   496163   305219   681677    16223   406859   521153   538049   361433     1733   686843   161957   178853   293147   683783    18329   394787   203843   387623    38327   658127   344153   472847     5783   628937    87869   670577   267017   654053   131129   558827    79973   383813   102587   514949
   515279   102533   383909    79907   559067   130817   654509   266957   670583    78137   629009     5693   472859   344039   658247    38237   387917   203663   395027    18287   683789   407783   166169   225149   290963   409337   415559   409007   533837   292223    16217   681719   304979   496343   312089   661769    41759   355967   227147   694313    70997   621869    29423   433049    45497   569189   140939   620099   316097   597473   184727
   184649   597599   316037   620117   140729   569237    45413   433073    29387   622073    70667   694367   226553   356093    41729   661823   312029   496427   304937   681773   689867   404489   362147   179693   520349   179579   520433   167627   520193   295517    10139    18233   395069   203579   387977    38183   658277   343913   473453     5639   629339    77933   670619   266933   654593   130769   559277    79889   383969   102407   515357
   515429   102329   384029    79847   559343   130589   654629   266927   670673    77849   629417     5519   473519   343787   658319    37649   388109   203117   395159     4637      947   236573   294479   405659   294317   405827   294149   405947   407579   405497   699059   695369   304847   496889   311897   662357    41687   356219   226487   694487    70589   622157    29333   433079    45377   569417   140663   620159   315977   597677   184577
   184487   597689   315899   620183   140639   569663    45263   433319    29243   622493    70439   694523   226427   356693    41627   662477   311747   496949   301877   677387   357659    17747   682277    17669   682427    17333   682679    16703   683357    10133   682049    22619   398129   203057   388259    37529   658379   343313   473579     5483   629567    77513   670763   266687   654743   130343   559367    79823   384107   102317   515519
   515597   102203   384113    79769   559529   130259   654827   266633   670853    77477   629807     5387   473597   343073   658403    37493   388319   523877   489407   366293    20147   679883    19979   680213    19709   680453    19373   680993    18959   681089     3119   679829   210599   176129   311687   662513    41603   356933   226409   694619    70199   622529    29153   433373    45179   569747   140477   620237   315893   597803   184409
   184133   597899   315803   620393   140423   569927    45083   433673    29129   622637    70163   694919   226283   356969    41519   662693   310223   467507   256967   306707   393473   306419   393629   306329   393797   306149   393977   305999   394073   305849   394223   399197   393257   232499   389783    37313   658487   343037   473723     5087   629843    77369   670877   266333   654923   130079   559583    79613   384203   102107   515873
   515993   102077   384227    79427   559667   129959   655043   266159   671303    77213   629927     5009   473789   342659   658607   672317   438443    57059   205397   494687   205307   494783   205157   494873   205103   494987   204887   495149   204557   495563   204437   495629   497957   494519   261563    27689    41399   357347   226217   694997    70079   622793    28703   433847    44963   570047   140339   620579   315779   597929   184013
   183797   598007   315599   620639   140333   570113    44777   433877    28649   623003    70067   695003   225989   357353    39953    11933   287813   325943   374117   325883   374333   325607   374687   325217   374819   314513   385607   314267   385793   314189   385877   314063   386117   387269   373943   688073   660053   342653   474017     5003   629939    77003   671357   266129   655229   129893   559673    79367   384407   101999   516209
   516293   101957   384437    79349   559709   129593   655373   266117   671603    76949   629987     4937   474029   363947   638459   362723    41189   659159    40829   659423    40493   659723    40163   660119    39869   660167    39779   660347    39503   660563    39323   660887    39113   660899    27143   658649    61547   336059   225977   695069    70019   623057    28403   433889    44633   570413   140297   620657   315569   598049   183713
   183683   598127   315527   620777   140207   570419    44357   434249    28289   623327    69899   695087   474839   685973   359837    53813   646307    53609   646859    53117   646913    53069   647033    52967   647069    52889   647147    43853   656519    43403   656609    43319   656783    43067   656993    42737   646157    14033   225167     4919   630107    76679   671717   265757   655649   129587   559799    79229   384479   101879   516323
   516437   101627   384599    79193   559883   129539   655727   265739   671729    76289   630197   348827   217169   344363        5   350039   349919   350093   349793   350219   349553   350663   349043   351479   348443   351599   348353   351797   348077   352049   347933   352193   347099   352973   346553   353567   354317   699953   482837   351179    69809   623717    28277   434267    44279   570467   140123   620813   315407   598379   183569
   183389   598643   315269   621017   139967   570497    44249   434297    28229   623723   630353   345227   353819   231893   468473   231479   468647   231323   468737   231107   468953   230969   469439   230393   469649   230213   470207   229763   470279   229703   470417   229553   470597   229343   470783   229139   471137   226007   468059   354779    69653    76283   671777   265709   655757   129509   560039    78989   384737   101363   516617
   516623   101279   384827    78977   560123   129497   655847   265703   672059   625307    64067   352493     9137   691037     8807   691337     8663   691409     8573   691463     8423   691637     8297   691763     8219   691919     8009   692099     7757   692333     7607   692423     7547   692753     7079   692963     6917   693137     5657   690629   635939    74699    27947   434303    44159   570509   139883   621029   315179   598727   183383
   183317   598799   314927   621113   139709   570587    44123   434459   673667    65609   351587    75773   624347    75527   624599    75323   624737    75209   624839    75029   625103    74897   625133    74687   625397    74597   625517    74363   625913    74027   626033    73943   626147    73847   626333    73643   626393    73529   626489    72923   624209   634397    26339   265547   655883   129419   560297    78893   385079   101207   516689
   516839   100937   385127    78779   560459   129347   656063   265079    13037   353657    92849   607253    92699   607337    92657   607517    92387   607769    91733   608303    91583   608429    91397   608633    91163   608987    90863   609173    90647   609407    90473   609599    90263   609779    90203   609809    90017   610157    89819   610409    88169   606959   686969   434927    43943   570659   139547   621227   314879   599069   183167
   183059   599153   314813   621353   139409   570719   656429   424007   357107    35327   664739    35159   665123    34739   665303    34499   665549    34403   665723    34259   665789    33863   666233    33569   666527    33359   666857    33023   667013    32987   667427    32429   667643    32309   667769    32189   667949    31973   668159    31397   668687    26357   664667   275999    43577   129287   560597    78653   385193   100853   516947
   516959   100733   385199    78479   560639   572357    28817   354743   272567   427457   272477   427913   272039   427997   272003   428039   271829   428303   271637   428489   271367   428843   270923   429347   270593   429467   270509   429563   270407   429677   270323   429719   270209   430019   269663   430427   269573   430487   269237   430823   269057   431363   265619   427403   671189   127649   139367   621527   314807   599273   183047
   182933   599303   314627   621833   138617   117497   357809    52673   647453    52529   647489    52379   647693    52259   647753    52223   648029    51899   648239    51749   648293    51329   648719    51203   649157    50789   649283    50627   649457    50387   649643    50207   649829    50129   649937    49823   650477    49523   650543    49193   650987    48989   651239    42989   647189   582509   561389    78173   385379   100703   517073
   517079   100493   385403   624467   546053   352949   139133   560897   139067   561047   138647   561377   138587   561599   138239   561797   138197   561947   137999   562283   137699   562409   137567   562607   137393   562703   136889   563357   136559   563543   136343   563813   135647   564407   135389   564653   135209   564917   135017   565337   134489   565589   134369   565667   133949   560837   153953    75539   314603   599513   182927
   182789   599537   396629    66377   358277   149579   550607   149249   550937   149033   551093   148667   551489   148457   551813   148157   551927   148073   552029   147827   552263   147689   552659   147299   552809   147107   552917   146933   553229   146543   553529   146423   553589   146273   553757   145799   554303   145589   554573   145307   554747   145253   554969   144887   555167   138923   550379   633629   303377   100469   517217
   517367   100403   291869   352133    87743   612377    87623   612497    87293   612923    86993   613163    86837   613253    86579   613607    86369   613763    86117   614153    85829   614387    85523   614693    85247   615137    84737   615473    84509   615539    84449   615599    84389   615743    84239   615827    84137   616073    83903   616229    83717   616367    83597   616529    83459   616589    82619   612173   408137   599603   182639
   182549   574703   353459   324977   375113   324773   375359   324593   375449   324497   375533   324437   375707   323957   376127   323699   376469   323249   377129   322859   377297   322613   377543   322319   378023   321413   378683   321227   378929   321053   379163   320699   379319   320609   379667   320303   379787   320153   379979   320009   380189   319679   380333   319589   380459   319169   380879   318683   374987   125303   517457
   504479   366287   111623   588509   111323   588737   111263   588779   111053   588977   110819   589409   110567   589529   110129   590123   109517   590537   109433   590609   109379   590753   109139   591089   108893   591137   108497   591659   108263   591827   107873   592139   107717   592307   107357   592727   107243   592973   106823   593387   106487   593573   106373   593903   106019   593993   105983   594107    92957   588347   195527
   354533   194087   505949   194027   506147   193793   506327   193649   506537   193433   506843   193133   506963   193013   507029   192887   507329   192407   507743   192053   508037   191903   508223   191747   508349   191507   508559   191297   508817   191033   509027   190709   509393   190577   509477   190403   509693   190283   509909   189929   510569   189389   510767   189017   511163   188519   511523   188303   511757   186869   505523
