   195077   504953   195023   505073   194867   505187   194729   505283   194687   505523   194087   505949   194027   506147   193793   506327   193649   506537   193433   506843   193133   506963   193013   507029   192887   507329   192407   507743   192053   508037   191903   508223   191747   508349   191507   508559   191297   508817   191033   509027   190709   509393   190577   509477   190403   509693   190283   509909   189929   188843   668687
   510569   112589   587429   112403   587669   112253   587987   111893   588173   111767   588347   111623   588509   111323   588737   111263   588779   111053   588977   110819   589409   110567   589529   110129   590123   109517   590537   109433   590609   109379   590753   109139   591089   108893   591137   108497   591659   108263   591827   107873   592139   107717   592307   107357   592727   107243   592973   106823   595157   345749   189437
   189389   593387   326063   374063   325889   374123   325673   374399   325319   374789   325187   374987   324977   375113   324773   375359   324593   375449   324497   375533   324437   375707   323957   376127   323699   376469   323249   377129   322859   377297   322613   377543   322319   378023   321413   378683   321227   378929   321053   379163   320699   379319   320609   379667   320303   379787   320153   380879   346043   106619   510617
   510767   106487   379979    88793   611459    88523   611543    88169   611927    88037   611999    87869   612173    87743   612377    87623   612497    87293   612923    86993   613163    86837   613253    86579   613607    86369   613763    86117   614153    85829   614387    85523   614693    85247   615137    84737   615473    84509   615539    84449   615599    84389   615743    84239   615827    84137   616547   346349   320027   593519   189239
   189017   593573   320009   616073   150473   549623   150323   549707   150287   549767   149867   550169   149717   550379   149579   550607   149249   550937   149033   551093   148667   551489   148457   551813   148157   551927   148073   552029   147827   552263   147689   552659   147299   552809   147107   552917   146933   553229   146543   553529   146423   553589   146273   553757   145799   561083   340979    83933   379997   106433   510989
   511487   106373   380189    83903   554303   140297   559799   140123   560039   139883   560297   139547   560597   139367   560873   139109   560939   138959   561359   138629   561389   138587   561599   138239   561797   138197   561947   137999   562283   137699   562409   137567   562607   137393   562703   136889   563357   136559   563543   136343   563813   135647   564407   135389   569747   342197   145703   616103   319817   593633   188519
   188483   593903   319679   616229   145589   564653    53117   646913    53069   647033    52967   647069    52889   647147    52817   647333    52553   647477    52517   647627    52313   647747    52253   647783    51977   648107    51767   648257    51713   648677    51287   648803    50849   649217    50723   649379    50549   649619    50363   649799    50177   649877    50069   663407   334877   135353   554417    83777   380327   106103   511523
   511703   106019   380333    83717   554573   135209   650183   273617   426737   273233   426893   272933   427079   272903   427247   272603   427439   272549   427529   272093   427967   272009   428003   271967   428177   271703   428369   271517   428639   271163   429083   270659   429413   270539   429497   270443   429599   270329   429683   270287   429797   269987   431369   347057    49823   564797   145433   616289   319673   593987   188303
   188249   593993   319589   616367   145307   564917    49529   430343    36137   664043    35897   664253    35603   664583    35393   664667    35327   664739    35159   665123    34739   665303    34499   665549    34403   665723    34259   665789    33863   666233    33569   666527    33359   666857    33023   667013    32987   667427    32429   667643    32309   673019   342659   269663   650477   135089   554699    83639   380417   106013   511757
   511859   105983   380459    83597   554747   135017   650483   269579   667769    93683   606443    93557   606503    93479   606587    93263   606959    92957   607157    92753   607307    92669   607349    92489   607619    92237   608273    91703   608423    91577   608609    91373   608843    91019   609143    90833   609359    90599   609533    90407   611207   346187    32237   430427    49523   564989   145259   616409   319547   594023   188147
   187469   594107   319169   616529   145253   565337    49463   430433    32189   609743    77213   623003    76949   623327    76289   623723    75797   624233    75659   624467    75527   624599    75323   624737    75209   624839    75029   625103    74897   625133    74699   625319    74609   625409    74489   625643    74093   625979    73973   632327   342497    90263   667817   269573   650543   134669   554753    83477   380837   105899   512537
   512543   105557   380909    83417   554969   134489   650813   269519   667949    90227   626063    10103   690119     9629   690419     9539   690509     9473   690629     9137   691037     8807   691337     8663   691409     8573   691463     8423   691637     8297   691763     8219   691919     8009   692099     7757   692333     7607   694079   347099    73943   609779    32057   430487    49193   565517   145037   616589   319097   594449   187463
   187433   594569   319049   616787   144887   565589    49019   430769    31973   609803    73859   692423   232709   467399   232499   467549   232307   467897   232103   467927   231947   468113   231533   468527   231359   468683   231269   468899   231053   469037   230567   469613   230357   469793   229799   470243   229727   471299   347873     7583   626147    90203   668033   269237   650987   134417   555119    83219   380957   105437   512573
   512597   105389   381323    83207   555167   134369   651017   269183   668159    90197   626159     7547   470303      557   699527      467   699557      389   699767       59   699953        5   350039   349919   350093   349793   350219   349553   350963   348827   351479   348443   351587   348407   351653   348209   354533   696077   229703   692459    73847   609809    31847   430823    48989   565637   144839   616799   318683   594617   187409
   187349   594899   318629   616829   144719   565667    48767   430949    31397   609989    73673   692753   229589   351929    54563   645467    54503   645629    54323   645713    54269   645839    53993   646067    53849   646193    53699   646397    53147   655229    44633   655649    44279   655757    44159   656063   340649   348077   470417     7253   626333    90017   668609   269057   651239   134339   555287    83177   381377   105107   512657
   512843   104933   381533    83063   555593   134219   651473   268643   668699    89849   626363     7079   470453   347957   655883    42179   657983    41927   658247    41729   658319    41627   658403    41519   658607    41357   658817    40847   659177    40583   659513    40163   660053    39887   671777   337349    44123   352049   229553   692927    73643   610157    31307   431363    48533   565787   144413   616943   318473   595073   187163
   186959   595247   318377   616997   144323   565793    48497   431399    31259   610187    73613   692963   229409   352073    43853   660137   327839   372179   327737   372299   327629   372689   327209   372803   326999   373343   326657   373859   315269   384827   314927   385127   314813   311603   422249    39869   656153   347933   470597     7043   626393    89819   668747   268607   651509   134213   555683    83009   381629   104759   513047
   513059   104729   381659    82757   555707   134087   651767   268493   668813    89597   626477     6917   470663   347813   656429    39839   385199   206399   493733   206153   493937   206039   493973   206027   494069   205913   494387   205487   494609   205319   494699   205223   503207   340877   314807   660167    43577   352193   229343   693089    73529   610409    31193   431513    48239   565919   144299   617249   318347   595277   186947
   186869   595313   318299   617387   143999   565973    48197   431567    31139   610439    73517   693137   229223   352493    43403   660227   314627   494849   308327   391757   308117   392087   307583   392477   307337   392723   307169   392927   306947   393257   306707   306533   436097   205157   385379    39779   656603   347513   470783     6869   626489    89567   668867   268439   651809   134033   556007    82619   381707   104693   513137
   513353   104459   382037    82559   556487   133949   652229   268403   669023    89387   626627     6857   470867   347033   656609    39659   385403   205133   393587    21407   678659    21227   678989    20939   679127    20849   679463    20399   679709    20183   686519   342569   306419   494873   314603   660347    43397   352973   229139   693149    73379   610619    30983   431603    47777   566057   143519   617447   317969   595547   186653
   186587   595613   317903   617537   143243   566273    47513   431663    30977   610703    73043   693179   228869   353453    43319   660503   314513   494903   306377   679829    18959   681089    18869   681167    18749   681293    18587   681563    18329   695369   336059    20177   393629   205103   385493    39503   656687   346553   471137     6827   626963    89303   669029   268343   652493   133733   556763    82469   382103   104393   513419
   513767   104297   382229    82349   556943   133439   652499   268199   669113    89273   626987     6689   471209   346547   656783    39443   385607   205019   393797    20147   681719   296507   403757   296129   403889   296027   404489   295313   295037   458879    18287   679859   306209   494987   314399   660563    43223   353459   228797   693317    73019   610733    30893   431807    47507   566567   143063   617657   317777   595709   186239
   186107   596009   317453   617699   142979   566723    47339   431993    30839   610817    72923   693353   228617   353567    43067   660683   314267   495119   306149   679883    18233   404819   181199   518813   180779   519257   180647   174407   694919   295187   681773    20123   393857   204887   385739    39323   656939   346439   471389     6653   627083    89189   669167   268013   652667   133283   557027    82307   382553   103997   513899
   514013   103979   382643    82163   557033   132953   652727   267863   669329    89087   627383     6569   471467   346259   656993    39119   385793   204857   393977    19979   682049   294659   519383   292367   407723   292223   414629   343073   180623   405347    17957   680027   306029   495149   314213   660887    43013   353747   228539   693437    72623   610919    30677   432143    47279   567053   142973   617843   317363   596027   185993
   185957   596093   317279   618053   142949   567059    47093   432149    30593   611069    72053   693533   228257   353783    42989   660893   314189   495449   305999   680213    17747   405497   180497   407969    13967   697049   338993   292037   519509   294509   682259    19793   394007   204557   385817    39113   657017   346223   471749     6473   627953    88937   669413   267857   652913   132947   557057    81953   382727   103913   514049
   514103   103889   382847    81749   557273   132863   653117   267803   669659    88817   628013     6329   471803   346139   657233    39107   385877   204443   394073    19709   682277   294479   519587   408263   675029   350003    24977   291743   180419   405527    17729   680297   305933   495563   314129   660899    42773   353867   228203   693677    71993   611189    30347   432203    46889   567143   142733   618257   317159   596117   185903
   185819   596363   317123   618269   142697   567257    46853   432287    30137   620777    71909   693683   228113   354317    42737   660917   314063   495569   305849   680453    17669   405659   521519   284483   361013     2957   686039   415523   178487   294347   682337    19553   394157   204437   385943    39089   657269   345689   471893     6323   628097    79229   669869   267719   653153   132749   557309    81737   382883   103643   514187
   514313   103583   382919    81677   557537   132623   653357   267647   669887    79193   628127     6317   471929   345329   657323    39023   386117   204377   394223    19373   682427   410243   522749   356933   292283   407783   285377   407639   177257   289763    17579   680633   305783   495629   313889   660983    42683   354677   228077   693689    71879   620813    30119   432359    46649   567383   142469   618329   317087   596423   185693
   185483   596789   316937   618377   142433   567569    46643   432413    30059   621017    71867   693743   227873   354743    42533   661103   313853   495647   305639   680993   682673   397037     5087   181193   519227   180749   519359   525599   518807   302969    17333    19013   394367   204359   386153    38903   657473   345263   472133     6263   628139    78989   669947   267593   653363   132437   557573    81629   383069   103217   514523
   514529   103079   383099    81569   557789   132347   653507   267569   670139    78977   628217     6197   472469   345227   657497    38867   386279   204299   394409    15737     2333   241127   296249   403877   296117   403979   295517   404693   404969   403499   697673   684269   305597   495707   313727   661139    42509   354779   227537   693809    71789   621029    29867   432437    46499   567659   142217   618437   316907   596927   185477
   185369   596963   316859   618707   142019   567719    46229   432449    29789   621113    71633   694019   227363   355037    42467   661259   313637   495773   303683   674879   363947    18917   681137    18839   681257    18713   681419    18443   681677     4637   681047    25127   396323   204233   386369    38747   657539   344969   472643     5987   628373    78893   670217   267557   653777   132287   557987    81299   383147   103043   514637
   514643   102953   383153    81173   558203   132059   653819   267479   670343    78779   628673     5813   472799   344957   657707    38567   386489   204023   480047   357437    21347   678779    21017   679067    20879   679157    20543   679607    20297   679823    13487   678599   219959   495983   313517   661439    42299   355049   227207   694193    71333   621227    29663   432527    46187   567947   141803   618833   316853   597053   185363
   185267   597209   316703   618929   141719   568097    46103   432587    29429   621353    71327   694223   227189   355463    42227   661547   389819   485063   263909   308249   391889   307919   392423   307529   392669   307283   392837   307079   393059   306749   393299   393473   391679   214943   310187    38459   657779   344543   472817     5783   628679    78653   670577   267419   653903   131909   558287    81077   383303   102797   514739
   514823   102653   383429    80819   558497   131639   654047   267017   670583    78173   628757     5693   472847   344363   657809   393677   368729   359129   206273   493853   206069   493967   206033   493979   205937   494093   205619   494519   205397   494687   205307   494783   196799   493607   331277   306329    42197   355643   227159   694313    71249   621833    29423   432989    45959   568367   141509   619187   316577   597353   185183
   185153   597419   316373   619967   141443   568643    45953   433049    29387   621869    71129   694349   227147   355799    41879   290657   277757   327827   372269   327707   372377   327317   372797   327203   373007   326663   373349   326147   384737   315179   385079   314879   385193   388403   372167   409349   658127   344207   472859     5657   628877    78137   670619   266957   654053   131363   558563    80039   383633   102587   514853
   514949   102533   383813    79973   558827   131297   654509   266933   670673    77933   628937     5639   473453   695069   637409   362657    42023   658079    41759   658277    41687   658379    41603   658487    41399   658649    41189   659159    40829   659423    40493   659843    39953   660119    28229   657827    62597     4937   226553   694367    71069   622073    29333   433073    45497   568709   141179   620033   316193   597473   185057
   184727   597599   316097   620099   140939   568877    45413   433079    29243   622157    70997   694487   474479   696239   359357    54539   645503    54377   645683    54293   645737    54167   646013    53939   646157    53813   646307    53609   646859    44777   655373    44357   655727    44249   655847    43943   645443     3767   225527     5519   629009    77849   670763   266927   654593   131129   559067    79907   383909   102407   515279
   515357   102329   383969    79889   559277   130817   654629   266687   670853    77513   629339   349343   218849     3929      479   699539      449   699617      239   699947       53   700001   349967   350087   349913   350213   349787   350453   349043   351179   348527   351563   348419   351599   348353   351797   345473   699449   481157   350663    70667   622493    29153   433319    45377   569189   140729   620117   316037   597677   184649
   184577   597689   315977   620159   140663   569237    45263   433373    29129   622529   632447   344243   352133   232607   467507   232457   467699   232109   467903   232079   468059   231893   468473   231479   468647   231323   468737   231107   468953   230969   469439   230393   469649   230213   470207   229763   470279   228707   467297   355763    67559    77477   670877   266633   654743   130769   559343    79847   384029   102317   515429
   515519   102203   384107    79823   559367   130589   654827   266333   671189   622637    55259   352907     9887   690377     9587   690467     9497   690533     9377   690869     8969   691199     8669   691343     8597   691433     8543   691583     8369   691709     8243   691787     8087   691997     7907   692249     7673   692399     5927   689903   644747    77369    28817   433673    45179   569417   140639   620183   315899   597803   184487
   184409   597899   315893   620237   140477   569663    45083   433847    27179    59393   357509    77003   623057    76679   623717    76283   624209    75773   624347    75539   624479    75407   624683    75269   624797    75167   624977    74903   625109    74873   625307    74687   625397    74597   625517    74363   625913    74027   626033    67679   622793   640613   672827   266159   654923   130343   559529    79769   384113   102107   515597
   515873   102077   384203    79613   559583   130079   655043   436607   659723   353819    93563   606449    93503   606527    93419   606743    93047   607049    92849   607253    92699   607337    92657   607517    92387   607769    91733   608303    91583   608429    91397   608633    91163   608987    90863   609173    90647   609407    90473   609599    88799   606323    40283   263399    44963   569927   140423   620393   315803   597929   184133
   184013   598007   315779   620579   140339   570047   656519   255239   357347    35963   664109    35753   664403    35423   664613    35339   664679    35267   664847    34883   665267    34703   665507    34457   665603    34283   665747    34217   666143    33773   666437    33479   666647    33149   666983    32993   667019    32579   667577    32363   667697    26987   663869   444767    43487   129959   559667    79427   384227   101999   515993
   516209   101957   384407    79367   559673   571853    22349   352949   273269   426773   273113   427073   272927   427103   272759   427403   272567   427457   272477   427913   272039   427997   272003   428039   271829   428303   271637   428489   271367   428843   270923   429347   270593   429467   270509   429563   270407   429677   270323   429719   270209   430019   268637   426389   677657   128153   140333   620639   315599   598049   183797
   183713   598127   315569   620657   560837   113027   365129    53093   646937    52973   647039    52937   647117    52859   647189    52673   647453    52529   647489    52379   647693    52259   647753    52223   648029    51899   648239    51749   648293    51329   648719    51203   649157    50789   649283    50627   649457    50387   649643    50207   649829    50129   649937    36599   646889   586979   139169    79349   384437   101879   516293
   516323   101627   384479   621527   122267   357809   140207   559883   139967   560123   139709   560459   139409   560639   139133   560897   139067   561047   138647   561377   138617   561419   138407   561767   138209   561809   138059   562007   137723   562307   137597   562439   137399   562613   137303   563117   136649   563447   136463   563663   136193   564359   135599   564617   130259   559709   577739    78479   315527   598379   183683
   183569   598643   384599    67307   359027   150383   549683   150299   549719   150239   550139   149837   550289   149627   550427   149399   550757   149069   550973   148913   551339   148517   551549   148193   551849   148079   551933   147977   552179   147743   552317   147347   552707   147197   552899   147089   553073   146777   553463   146477   553583   146417   553733   146249   554207   138923   549533   632699   315407   101363   516437
   516617   100937   303053   353657    88547   611483    88463   611837    88079   611969    88007   612137    87833   612263    87629   612383    87509   612713    87083   613013    86843   613169    86753   613427    86399   613637    86243   613889    85853   614177    85619   614483    85313   614759    84869   615269    84533   615497    84467   615557    84407   615617    84263   615767    84179   615869    83459   611213   396953   599069   183389
   516959   585863   353963   325943   374117   325883   374333   325607   374687   325217   374819   325019   375029   324893   375233   324647   375413   324557   375509   324473   375569   324299   376049   323879   376307   323537   376757   322877   377147   322709   377393   322463   377687   321983   378593   321323   378779   321077   378953   320843   379307   320687   379397   320339   379703   320219   379853   319127   373943   114143   183047
   493013   354257   112577   587603   112337   587753   112019   588113   111833   588239   111659   588383   111497   588683   111269   588743   111227   588953   111029   589187   110597   589439   110477   589877   109883   590489   109469   590573   109397   590627   109253   590867   108917   591113   108869   591509   108347   591743   108179   592133   107867   592289   107699   592649   107279   592763   107033   593183   104849   587417   206993
    31319   195053   504983   194933   505139   194819   505277   194723   505319   194483   505919   194057   505979   193859   506213   193679   506357   193469   506573   193163   506873   193043   506993   192977   507119   192677   507599   192263   507953   191969   508103   191783   508259   191657   508499   191447   508709   191189   508973   190979   509297   190613   509429   190529   509603   190313   509723   190097   510077   511163   504929
