   204857   495449   204443   495569   204377   495647   204299   495773   204107   495947   204047   495983   203999   496163   203663   496427   203117   496949   202889   497339   202409   497603   202343   497729   202049   498053   201797   498557   201359   498803   200867   499283   200657   499397   200513   499523   200357   499853   200063   499973   199853   500333   199637   500483   199487   500603   199313   500957   198977   193649   654629
   501077   122267   577799   122069   577979   121889   578309   121607   578453   121523   578537   121403   578693   121229   578999   120899   579239   120503   579533   120299   579713   120233   580259   119633   580379   119429   580763   119087   581099   118673   581549   118409   581663   118277   581753   118163   582017   117839   582173   117797   582227   117497   582563   117329   582737   117239   582887   117023   584249   346259   198929
   198833   583013   337283   363017   336887   363149   336827   363317   336437   363767   336059   363977   335879   364193   335693   364337   335633   364499   335123   364997   334877   365213   334637   365513   334379   365759   333929   366227   333737   366287   333713   366383   333539   366683   333023   367019   332729   367307   332447   367613   332273   367823   332117   368099   331889   368453   331277   369023   347099   116993   501173
   501287   116867   368789    98123   601949    97973   602039    97919   602333    97553   602543    97379   602639    97007   603047    96857   603209    96779   603257    96443   603947    96017   604223    95747   604613    95279   604733    95219   604829    95009   605117    94613   605477    94463   605573    94397   605837    93923   606113    93683   606443    93557   606503    93479   606587    93263   608303   346139   331217   583139   198719
   198689   583367   330887   606959   159839   540173   159773   540269   159629   540383   159617   540437   159407   540713   159233   540779   159017   541097   158657   541439   158537   541577   158393   541763   158189   542117   157823   542207   157769   542447   157523   542579   157259   542873   157019   542999   156719   543299   156623   543539   156347   543887   155783   544259   155087   547577   345473    93047   369119   116639   501317
   501383   116537   369353    92957   544937   151049   549503   150497   549533   150383   549683   150299   549719   149867   550169   149717   550379   149579   550607   149249   550937   149033   551093   148667   551489   148457   551813   148157   551927   148073   552029   147827   552263   147689   552659   147299   552809   147107   552917   146933   553229   146543   553529   146423   575669   325319   155069   607049   330653   583469   198623
   198503   583523   330587   607157   155027   553589    62507   637529    62297   637787    62189   638303    61583   638453    61547   638663    61007   639053    60923   639137    60737   639563    60317   639713    60167   639857    59999   640049    59879   640259    59699   640589    59393   640649    59273   640847    59063   641093    58727   641327    58427   641639    58217   642623   347033   146417   544979    92849   369419   116483   501503
   501593   116387   369647    92753   545063   146273   641813   281933   418079   281849   418169   281807   418259   281717   418337   281663   418427   281339   418709   281243   418799   281117   419057   280859   419189   280703   419417   280583   419459   280409   419753   280229   420029   279857   420317   279413   420599   279329   420737   279203   420977   278903   276449   493193    58193   553733   154943   607253   330359   583619   198413
   198347   583727   330347   607307   154619   553757    58109   421163    44279   655757    44159   655883    43943   656153    43577   656519    43403   656609    43319   656783    43067   656993    42989   657233    42737   657323    42533   657497    42467   657707    42227   657809    42179   657983    41927   658127    41759   658277    41687   658379    41603   669869   337349   278843   641897   146249   545387    92699   369659   116279   501659
   501827   116273   369959    92669   545483   145799   642197   278609   658487   103979   596093   103889   596363   103583   596789   103079   596963   102953   597209   102653   597419   102533   597599   102329   597689   102203   597899   102077   598007   101957   598127   101627   598643   101279   598799   100937   599153   100733   599303   100493   599663   348077    41519   421397    57809   554207   154523   607337   330047   583733   198179
   197963   583997   329873   607349   154247   554303    57773   421517    41399   599537    87293   613013    86843   613169    86753   613427    86399   613637    86243   614153    85829   614387    85523   614693    85247   615137    84737   615473    84509   615539    84449   615599    84389   615743    84239   615827    84137   616073    83903   619187   344543   100469   658607   278489   642233   145703   545759    92657   370133   116009   502043
   502079   115979   370217    92489   545933   145589   642419   278363   658649   100403   616229    18443   681677    18287   681773    17957   682259    17729   682337    17579   682673    17327   683303    16649   683453    16529   683513    16319   683777    16223   683789    16187   683909    16073   683939    15887   684239    15737   684647   347873    83777   599603    41357   421643    57587   554417   154073   607517   329789   584027   197927
   197759   584153   329393   607619   154067   554573    57269   421727    41189   599693    83717   684773   243857   456167   243239   456809   242867   457277   242639   457403   242453   457559   242399   457697   242093   458027   241883   458189   241679   458363   241463   458663   241337   458747   241127   458957   241013   239297   568877    15233   616289   100313   658817   278279   642737   145433   545939    92387   370613   115853   502247
   502409   115823   370619    92237   546053   145307   642833   278063   659159    99839   616367    15149   459047     7079   692963     6917   693137     6857   693179     6689   693353     6569   693533     6329   693683     6317   693743     6197   694019     5813   694223     5693   694349     5639   694487     5483   694997   348827   240959   684857    83639   600167    40847   421943    57173   554699   153953   607769   329387   584183   197597
   197507   584279   329333   608273   153743   554747    57107   422087    40829   600239    83597   684869   240893   694619    63473   636539    63443   636653    63059   637067    62927   637283    62687   637379    62597   645683    54293   645737    54167   646013    53939   646193    53699   646397    53147   649457   338237     5387   459113    15137   616409    99767   659177   277919   642899   145259   546263    91733   370673   115727   502499
   502553   115613   370883    91583   546317   145253   642947   277757   659423    99713   616529    15083   459209     5087   646889    51899   648239    51749   648293    51329   648719    51203   649157    50789   649283    50627   649619    50363   649799    50177   649877    50069   650183    49529   653117   346043    53117   694919   240797   684923    83477   600293    40583   422249    57059   554753   153689   608423   329123   584393   197453
   197159   584417   328919   608429   153437   554969    56963   422363    40493   600317    83459   684989   240623   695003    53093   650483   338279   361793   338207   361973   338027   362099   337859   362213   337697   362693   325217   374819   325019   375029   324893   375233   324647   324473   399887    49523   646913     5003   459383    15017   616547    99689   659513   277643   643043   145037   546569    91577   371087   115589   502847
   502883   115343   371177    91397   546599   144887   643199   277637   659723    99347   616589    14897   459749     4937   646937    49463   375413   215393   484727   215273   484853   214943   485123   214589   485447   214463   485567   213953   486119   213827   486293   213599   486539   349343   324593   650543    53069   695069   240257   685109    83417   600659    40283   422369    56807   555119   153407   608609   328829   584663   197123
   197033   584873   328667   608633   153287   555167    56633   422459    40163   600689    83219   685247   240203   695087    52973   650813   324557   486449   317159   382883   317087   383069   316907   383147   316853   383303   316577   383633   316193   383909   316037   315569   417719   213557   375449    49193   647033     4919   459803    14759   616787    99317   659843   277547   643373   144839   546719    91373   371339   115133   502973
   503003   115127   371387    91163   546869   144719   643463   277247   660053    99173   616799    14669   460073     4889   647039    49019   375509   213329   384029    29663   670577    29423   670619    29333   670763    29153   670877    28817   671303    28649   678203   342659   315977   486677   324497   650987    52967   695117   239933   685337    83207   600833    39953   422759    56543   555287   153137   608843   328619   584879   197003
   196799   584993   328589   608987   153113   555593    56453   422789    39887   600857    83177   685367   239879   695207    52937   651017   324437   486797   315899   671603    27179   672863    26987   673157    26813   673223    26759   673313    26393   675413   347933    28403   384107   213209   375569    48989   647069     4799   460127    14639   616829    99149   660119   277217   643553   144413   546893    91019   371417   115013   503207
   503267   114689   371627    90863   546947   144323   643589   276953   660137    98963   616943    14369   460157     4679   647117    48767   375707   213173   384113    28289   673649   306377   393677   306209   393857   306029   394007   305933   302459   441479    26357   671717   315893   486833   324299   651239    52889   695327   239849   685637    83063   601043    39869   423053    56417   555683   153059   609143   328379   585317   196739
   196709   585413   328373   609173   152909   555707    56123   423173    39839   601067    83009   685679   239633   695369    52859   651473   323957   486977   315803   671729    26339   394157   190979   509297   190613   509429   190529   510767   348407   305849   673667    28277   384203   213029   376049    48533   647147     4637   460373    14327   616997    98939   660167   276833   643883   144299   547097    90833   371633   114593   503297
   503423   114419   371663    90647   547223   143999   643919   276827   660227    98927   617249    14033   460409     4229   647189    48497   376127   212999   384227    28229   673769   305783   509603   303593   396509   303473   396887   349553   190403   394223    26237   671777   315779   487007   323879   651509    52817   695777   239597   685973    82757   601079    39779   423179    56087   556007   152783   609359   328343   585587   196583
   196523   585677   328109   609407   152777   556487    55997   423299    39659   601379    82619   686009   239543   695867    52673   651767   323699   487133   315599   672059    26189   394367   190313   396629    22367   678599   349043   303377   509693   305639   673817    27947   384407   212873   376307    48239   647333     4139   460463    13997   617387    98627   660347   276707   644009   143519   547229    90599   371897   114329   503483
   503819   114269   371939    90473   547487   143243   644057   276593   660503    98519   617447    13967   460589     4133   647453    48197   376469   212579   384479    27779   674117   305597   509723   408713   676679   350003    23327   291293   190283   394409    25889   672227   315527   487427   323537   651809    52553   695873   239417   686039    82559   601487    39503   423413    55949   556763   152519   609533   328067   585737   196187
   196043   585839   328007   609599   152423   556943    55889   423503    39443   611459    82469   686099   239387   695879    52529   652229   323249   487637   315407   672317    25847   394523   512537   290627   350963    21407   677639   409379   187469   305483   674159    27689   384599   212369   376757    47777   647477     4127   460619    13907   617537    88547   660563   276503   644117   143063   547583    90407   371999   114167   503963
   504143   114143   372023    90263   547643   142979   644519   276389   660683    88523   617657    13829   460673     4079   647489    47513   377129   212297   384737    27449   674273   395243   185267   350453   303497   396533   303119   396413   514739   304763    25733   672557   315269   487709   322877   652493    52517   695927   239333   686177    82349   611483    39323   423617    55487   557027   152363   609743   327983   585863   195863
   195809   585917   327869   609779   152297   557033    55457   423713    39119   611543    82307   686453   239087   695999    52379   652667   322859   487889   315179   672767   675029   395453   351599   190709   509393   190577   509477   189239   509027   304553    24977    27239   384827   212117   377147    47339   647627     4007   460919    13553   617699    88463   660887   276293   644549   142973   547709    90227   372137   114089   504197
   504269   113969   372167    90203   547787   142949   644669   276257   660893    88169   617843    13487   460937     3929   647693    47279   377297   211997   385079    23789    21569   258527   306329   393797   306149   393977   305999   394073   397547   393629   678437   676217   314927   488009   322709   652727    52313   696077   239069   686519    82163   611837    39113   423749    55337   557057   152219   609803   327839   586037   195737
   195527   586073   327827   609809   152189   557273    55259   423869    39107   611927    81953   686639   239027   696083    52259   652913   322613   488057   313889   667019   352073    27143   673019    26849   673193    26783   673247    26693   673613    24593   672827    32987   386117   211949   377393    47093   647747     3923   460979    13367   618053    88079   660899   276137   644747   142733   547817    90197   372179   113933   504479
   504527   113657   372269    90017   547823   142697   644789   275999   660917    88037   618257    13337   461147     3767   647753    46853   377543   488759   452159   357347    29429   670583    29387   670673    29243   670853    29129   671189    28703   671357    21803   670343   247847   211247   322463   653153    52253   696239   238859   686669    81749   611969    39089   424007    55217   557309   152183   609989   327737   586349   195479
   195443   586493   327707   610157   152003   557537    55163   424019    39023   611999    81737   686789   238709   696413    52223   653357   380417   207923   282287   317123   382919   316937   383099   316859   383153   316703   383429   316373   383813   316097   383969   384437   382847   492083   319589    46649   647783     3593   461297    13217   618269    88007   660983   275987   644843   142469   548003    89849   372299   113513   504563
   504593   113417   372377    89819   548039   142433   644933   275969   661103    87869   618329    13163   461333     3389   648029   665507   354677   350663   215279   484733   215153   485063   214883   485417   214559   485543   214439   486053   213887   486179   213713   486407   213467   484613   345329    34499    51977   696617   238673   686843    81677   612137    38903   424037    55073   557573   151967   610187   327629   586589   195413
   195407   586679   327317   610409   151937   557789    54983   424169    38867   612173    81629   686879   238499   696659    47507    26387   300119   338213   361799   338033   361979   337907   362147   337793   362309   337313   374789   325187   374987   324977   375113   324773   375359   375533   361727   673619   652499     3347   461507    13127   618377    87833   661139   275837   645023   142217   548069    89597   372689   113327   504599
   504617   113213   372797    89567   548123   142019   645137   275783   661259    87743   618437    13109   461609   349967   629807   353963    51767   648257    51713   648677    51287   648803    50849   649217    50723   649379    50387   649643    50207   649829    50129   649937    49823   650477    46889   648107    70199   350039   238397   686897    81569   612263    38747   424223    54869   557987   151883   610439   327209   586793   195389
   195329   586979   327203   610619   151817   558203    54773   424433    38567   612377    81299   686963   463283   346547   361769    63467   636563    63353   636947    62939   637079    62723   637319    62627   637409    54323   645713    54269   645839    53993   646067    53813   646307    53609   646859    50549   636533   353459   236723    13043   618707    87629   661439   275573   645233   141803   548189    89387   372803   113027   504677
   504929   112919   373007    89303   548363   141719   645383   275459   661547    87623   618833   687737   451397   351179     7043   693089     6869   693149     6827   693317     6653   693437     6473   693677     6323   693689     6263   693809     5987   694193     5783   694313     5657   694367     5519   694523     5009   692927   248609    12269    81173   612383    38459   424547    54623   558287   151643   610703   326999   587087   195077
   195053   587219   326663   610733   151607   558497    54563   424559    38453   612497   620099     5927   131129   243839   456767   243197   457139   242729   457367   242603   457553   242447   457607   242309   457913   241979   458123   241817   458327   241643   458543   241343   458669   241259   458879   241049   458993   460709   456149   694079    79907    87509   661553   275447   645443   141509   548399    89273   373343   112787   504953
   504983   112589   373349    89189   548453   141443   645467   275339   661613   612923    69539   352133    18329   681719    18233   682049    17747   682277    17669   682427    17333   682679    16703   683357    16553   683477    16493   683687    16229   683783    16217   683819    16097   683933    16067   684119    15767   684269    15359   681563   630467    87083    38393   424667    54539   558563   151553   610817   326657   587417   195023
   194933   587429   326147   610919   151517   558827    54503   424967   662357    70667   355463    86993   613163    86837   613253    86579   613607    86369   613763    85853   614177    85619   614483    85313   614759    84869   615269    84533   615497    84467   615557    84407   615617    84263   615767    84179   615869    83933   616103    80819   612713   629339    37649   275039   645503   141179   548489    89087   373859   112577   505073
   505139   112403   373943    88937   548753   140939   645629   427079    20399   351929   103913   596117   103643   596423   103217   596927   103043   597053   102797   597353   102587   597473   102407   597677   102317   597803   102107   597929   101999   598049   101879   598379   101363   598727   101207   599069   100853   599273   100703   599513   100343   596027   679607   272927    54377   559067   151253   611069   326063   587603   194867
   194819   587669   325943   611189   151169   559277    53849   411233   362657    44249   655847    44123   656063    43853   656429    43487   656603    43397   656687    43223   656939    43013   657017    42773   657269    42683   657473    42509   657539    42299   657779    42197   657827    42023   658079    41879   658247    41729   658319    41627   658403    30137   655727   288773   646157   140729   548837    88817   374063   112337   505187
   505277   112253   374117    88799   548843   559367   636809   206813   281927   418157   281837   418199   281747   418289   281669   418343   281579   418667   281297   418763   281207   418889   280949   419147   280817   419303   280589   419423   280547   419597   280253   419777   279977   420149   279689   420593   279407   420677   279269   420803   279029   421103   423557   418073    63197   140639   151163   611207   325889   587753   194729
   194723   587987   325883   611213   549767   108179   352973    62477   637709    62219   637817    61703   638423    61553   638459    61343   638999    60953   639083    60869   639269    60443   639689    60293   639839    60149   640007    59957   640127    59747   640307    59417   640613    59357   640733    59159   640943    58913   641279    58679   641579    58367   641789    57383   637499   591827   150239    88793   374123   112019   505283
   505319   111893   374333   613889   139067   374687   150503   549509   150473   549623   150323   549707   150287   550139   149837   550289   149627   550427   149399   550757   149069   550973   148913   551339   148517   551549   148193   551849   148079   551933   147977   552179   147743   552317   147347   552707   147197   552899   147089   553073   146777   553463   146477   553583   124337   548957   560939    86117   325673   588113   194687
   194483   588173   374399    75209   354533   159833   540233   159737   540377   159623   540389   159569   540599   159293   540773   159227   540989   158909   541349   158567   541469   158429   541613   158243   541817   157889   542183   157799   542237   157559   542483   157427   542747   157133   542987   157007   543287   156707   543383   156467   543659   156119   544223   155747   544919   152429   540167   624797   325607   111833   505523
   505919   589439   314267   353867    98057   602033    97967   602087    97673   602453    97463   602627    97367   602999    96959   603149    96797   603227    96749   603563    96059   603989    95783   604259    95393   604727    95273   604787    95177   604997    94889   605393    94529   605543    94433   605609    94169   606083    93893   606323    93563   606449    93503   606527    93419   606743    91703   601883   385739   110567   194087
   507029    99023   352907   336989   363119   336857   363179   336689   363569   336239   363947   336029   364127   335813   364313   335669   364373   335507   364883   335009   365129   334793   365369   334493   365627   334247   366077   333779   366269   333719   366293   333623   366467   333323   366983   332987   367277   332699   367559   332393   367733   332183   367889   331907   368117   331553   368729   330983   362723   600983   192977
   489179   353747   122207   577937   122027   578117   121697   578399   121553   578483   121469   578603   121313   578777   121007   579107   120767   579503   120473   579707   120293   579773   119747   580373   119627   580577   119243   580919   118907   581333   118457   581597   118343   581729   118253   581843   117989   582167   117833   582209   117779   582509   117443   582677   117269   582767   117119   582983   115757   577739   210827
    45377   204557   495563   204437   495629   204359   495707   204233   495899   204059   495959   204023   496007   203843   496343   203579   496889   203057   497117   202667   497597   202403   497663   202277   497957   201953   498209   201449   498647   201203   499139   200723   499349   200609   499493   200483   499649   200153   499943   200033   500153   199673   500369   199523   500519   199403   500693   199049   501029   506357   495149
