   200033   500153   199673   500369   199523   500519   199403   500693   199049   501029   198929   501173   198719   501317   198623   501503   198413   501659   198179   502043   197927   502247   197597   502499   197453   502847   197123   502973   197003   503207   196739   503297   196583   503483   196187   503963   195863   504197   195737   504479   195479   504563   195413   504599   195389   504677   195077   504953   195023   194867   657707
   505073   117779   582509   117443   582677   117269   582767   117119   582983   116993   583139   116639   583469   116483   583619   116279   583733   116009   584027   115853   584183   115757   584279   115613   584417   115343   584873   115127   584993   114689   585413   114419   585677   114269   585839   114143   585917   113969   586073   113657   586493   113417   586679   113213   586979   112919   587219   112589   588977   346223   194933
   194819   587429   332183   367889   331907   368117   331553   368729   331217   369023   330887   369353   330587   369647   330347   369959   329873   370217   329393   370619   329333   370883   328919   371177   328667   371387   328589   371627   328373   371663   328109   371939   328007   372023   327869   372167   327827   372269   327707   372377   327317   372797   327203   373007   326663   373349   326147   374987   346259   112577   505187
   505277   112403   373943    93503   606527    93419   606743    93047   607049    92849   607253    92699   607337    92657   607517    92387   607769    91733   608303    91583   608429    91397   608633    91163   608987    90863   609173    90647   609407    90473   609599    90263   609779    90203   609809    90017   610157    89819   610409    89567   610619    89303   610733    89189   610919    88937   611189   348077   326063   587603   194729
   194723   587669   325943   611207   155747   544919   155069   544979   154943   545387   154523   545759   154073   545939   153953   546263   153689   546569   153407   546719   153137   546893   153059   547097   152783   547229   152519   547577   152423   547643   152297   547787   152189   547823   152003   548039   151937   548123   151817   548363   151607   548453   151517   548753   151169   549767   346187    88799   374063   112337   505283
   505319   112253   374117    88793   548843   146423   553589   146273   553757   145799   554303   145589   554573   145307   554747   145253   554969   144887   555167   144719   555593   144323   555707   143999   556487   143243   556943   142979   557033   142949   557273   142697   557537   142433   557789   142019   558203   141719   558497   141443   558827   140939   559277   140663   562283   343913   151163   611213   325889   587753   194687
   194483   587987   325883   611459   151049   559367    57809   642233    57587   642623    57269   642833    57107   642947    56963   643199    56633   643463    56453   643589    56123   643919    55997   644057    55889   644519    55457   644669    55259   644789    55163   644933    54983   645137    54773   645383    54563   645467    54503   645629    54323   645713    54269   646859   347033   140639   548957    88547   374123   112019   505523
   505919   111893   374333    88523   549503   140477   645839   278063   422087   277757   422363   277637   422459   277247   422789   276953   423173   276827   423299   276593   423503   276449   423617   276293   423749   276137   424007   275987   424037   275837   424223   275573   424547   275447   424667   275039   425003   274817   425297   274697   425423   274517   434249   339749    54167   559529   150503   611483   325673   588113   194087
   194057   588173   325607   611543   150497   559583    53993   425549    40583   659513    40283   659843    39953   660119    39869   660167    39779   660347    39503   660563    39323   660887    39113   660899    39089   660983    38903   661139    38747   661439    38459   661553    38393   661673    38327   661769    38183   662357    37529   662513    37313   665303   345689   274457   646013   140423   549509    88463   374399   111833   505949
   505979   111767   374687    88169   549533   140339   646067   274403   662789    99689   600659    99317   600833    99149   600983    98963   601067    98927   601379    98519   601883    98057   602033    97967   602087    97673   602453    97463   602627    97367   602999    96959   603149    96797   603227    96749   603563    96059   603989    95783   618707   333023    37217   425603    53939   559667   150473   611837   325319   588239   194027
   193859   588347   325217   611927   150383   559673    53849   425783    37139   604259    83219   616799    83177   616943    83009   617249    82619   617447    82469   617657    82307   617843    81749   618269    81677   618377    81569   618833    81077   619187    80039   620033    79907   620117    79847   620183    79769   620393    79427   621029   347873    95747   662867   274223   646157   140333   549623    88079   374789   111659   506147
   506213   111623   374819    88037   549683   140297   646193   274187   662957    95393   620639    14327   685973    13997   686039    13907   686177    13553   686519    13367   686669    13217   686843    13127   686897    13043   686969    12983   687083    12899   687317    12647   687437    12413   687683    12269   687767    12227   691409   345329    79367   604613    37049   425819    53813   559709   150323   611969   325187   588383   193793
   193679   588509   324977   611999   150299   559799    53699   425903    36857   604727    79349   687809   239333   460709   239087   460937   239027   461147   238709   461333   238499   461609   238313   461843   237857   462239   237563   462719   237233   462827   237143   462953   236723   463433   236549   463787   236087   464213   348209    12197   620657    95279   663149   274103   646307   140207   549707    88007   375029   111497   506327
   506357   111323   375113    87869   549719   140123   646397   274019   663239    95273   620777    12113   464129     4079   695999     3929   696083     3767   696413     3389   696659     3119   697049     2927   697127     2789   697373     2609   697457     2423   697673     2273   697877     2069   697967     2027   355799   691199   235877   687893    79229   604733    36767   425987    53609   559883   150287   612137   324893   588683   193649
   193469   588737   324773   612173   149867   560123    53117   426077    36599   604787    79193   688067   235679   698183    59699   640589    59393   640649    59273   640847    59063   641093    58727   641327    58427   641639    58217   641813    58109   649379    50549   649619    50363   649799    50177   654629   336689     1823   464327    11939   620813    95219   663407   273929   646889   139883   550139    87833   375233   111269   506537
   506573   111263   375359    87743   550169   139709   646913   273773   663539    95177   621017    11933   464447     1733   649937    46889   653153    46649   653363    46499   653777    46187   653903    45953   654509    45413   654743    45179   654923    44963   655229    44633   655649    44279   658127   346043    50069   698273   235559   688073    78989   604829    36467   426233    53093   560297   149837   612263   324647   588743   193433
   193163   588779   324593   612377   149717   560459    53069   426287    36353   604997    78893   688097   235523   698297    49823   655757   333539   366683   332987   367277   332699   367559   332393   367733   320153   379979   320009   380189   319679   380333   319589   380459   319169   310439   419189    44249   650183     1709   464483    11909   621113    95009   663653   273719   646937   139547   550289    87629   375413   111227   506843
   506873   111053   375449    87623   550379   139409   647033   273653   663713    94889   621227    11867   464699     1667   650477    44159   380909   210467   489659   210317   489743   210173   490019   209837   490367   209543   490859   209039   491129   208787   491333   208667   491669   348443   319097   655847    49529   698339   235307   688139    78779   605117    36293   426353    52973   560597   149627   612383   324557   588953   193133
   193043   589187   324497   612497   149579   560639    52967   426389    36269   605393    78653   688217   235043   698387    49523   655883   319049   491417   313727   386369   313517   387017   312929   387227   312743   387269   312677   387623   312089   387977   311897   391757   345227   208589   380957    44123   650483     1619   464963    11789   621353    94613   663737   273617   647039   139367   550427    87509   375509   110819   506963
   506993   110597   375533    87293   550607   139169   647069   273269   663797    94529   621527    11783   464993     1613   650543    43943   381323   208577   388259    25523   674537    25307   674759    25169   674879    24977   675083    24809   675239    24659   676679   348419   311747   491429   318683   656063    49463   698393   235013   688223    78479   605477    36209   426737    52937   560837   149399   612713   324473   589409   193013
   192977   589439   324437   612923   149249   560873    52889   426773    36137   605543    78173   688637   235007   698447    49193   656153   318629   491537   311687   675413    23669   676373    23537   676589    23279   676919    23063   676967    23027   678203   348407    24593   388319   208469   381377    43853   650813     1559   464999    11369   621833    94463   663869   273233   647117   139133   550757    87083   375569   110567   507029
   507119   110477   375707    86993   550937   139109   647147   273113   664043    94433   621869    11273   465089     1523   650987    43577   381533   208379   388403    24413   677147   302513   397547   302417   398063   301877   398213   301649   298049   449699    22859   675593   311603   491627   318473   656429    49019   698483   234917   688733    78137   605573    35963   426893    52859   560897   149069   613013   324299   589529   192887
   192677   589877   323957   613163   149033   560939    52817   427073    35897   605609    77933   688763   234833   698507    48989   656519   318377   491639   311279   675827    22697   398423   185693   514523   185477   514637   185363   519359   344969   301583   677309    24179   388727   208367   381629    43487   651017     1499   465173    11243   622073    94397   664109   272933   647189   139067   550973    86843   376049   110129   507329
   507599   109883   376127    86837   551093   138959   647333   272927   664253    94169   622157    11117   465293     1439   651239    43403   381659   208223   388823    24083   677387   301463   514739   299063   401417   298013   404969   346553   185267   398543    22619   675923   311183   491783   318347   656603    48767   698567   234713   688889    77849   605837    35753   427079    52673   561047   148913   613169   323879   590123   192407
   192263   590489   323699   613253   148667   561083    52553   427103    35603   606083    77513   688979   234599   698723    48533   656609   318299   491789   310949   675929    22367   398759   185183   402053    18329   693137   338543   297953   514823   301247   677639    24077   389057   208217   381707    43397   651473     1283   465407    11027   622493    93923   664403   272903   647453   138923   551339    86753   376307   109517   507743
   507953   109469   376469    86579   551489   138647   647477   272759   664583    93893   622529    10973   465419     1277   651509    43319   382037   208139   389117    24029   677657   301073   514853   402299   670217   350003    29789   297707   185153   398933    22349   675977   310889   491867   317969   656687    48497   698729   234587   689033    77477   606113    35423   427247    52529   561359   148517   613427   323537   590537   192053
   191969   590573   323249   613607   148457   561377    52517   427403    35393   606443    77369   689267   234197   698903    48239   656783   317903   491969   310733   676217    22193   399137   515873   293147   361463     6869   681677   406859   184133   300869   677813    23789   389273   208037   382103    43223   651767     1103   465809    10739   622637    93563   664613   272603   647489   138629   551549    86399   376757   109433   508037
   508103   109397   377129    86369   551813   138617   647627   272567   664667    93557   622793    10613   465917      953   651809    43067   382229   207953   389447    23753   677927   401069   178643   353453   298589   401993   295037   400943   521363   298937    22079   676253   310559   492053   317777   656939    48197   699053   234089   689393    77213   606449    35339   427439    52379   561389   148193   613637   322877   590609   191903
   191783   590627   322859   613763   148157   561419    52313   427457    35327   615767    77003   689693   234029   699059    47777   656993   317453   492059   310283   676259   679157   397283   355037   185483   514529   185369   514643   180647   514313   302723    20849    23747   389723   207947   382553    43013   652229      947   465977    10313   623003    84239   664679   272549   647693   138587   551849    86243   377147   109379   508223
   508259   109253   377297    86117   551927   138407   647747   272477   664739    84179   623057    10139   466247      929   652493    42989   382643   207923   389783    23357    18233   250307   302459   397589   301943   398129   301793   398357   401957   397493   681773   676649   310223   492083   317363   657017    47513   699077   233759   689867    76949   615827    35267   427529    52259   561599   148079   613889   322709   590753   191747
   191657   590867   322613   614153   148073   561767    52253   427913    35159   615869    76679   689873   233489   699119    47507   657233   317279   492377   391073   673649   351599    23633   676469    23417   676727    23087   676943    23039   676979    21803   676337    26357   308933   207629   382727    42773   652499      887   466517    10133   623327    84137   664847   272093   647753   138239   551933    85853   377393   109139   508349
   508499   108917   377543    85829   552029   138209   647783   272039   665123    83933   623717    10103   466649      809   652667    42683   382847   512657   301703   351587    25469   674699    25247   674837    25127   675029    24923   675197    24767   675347    23327   674483   398303   187349   317159   657323    47339   699197   233357   689903    76289   616073    34883   427967    52223   561797   147977   614177   322463   591089   191507
   191447   591113   322319   614387   147827   561809    51977   427997    34739   616103    76283   690119   232823   699287    47279   657473   315779   183383   354779   313637   386489   312989   387077   312779   387263   312737   387329   312383   387917   312029   388109   308249   386279   516623   384227    42533   652727      719   467183     9887   623723    83903   665267   272009   648029   138197   552179    85619   377687   108893   508559
   508709   108869   378023    85523   552263   138059   648107   272003   665507    83777   624209     9629   467297      569   652913   671729   437753   351563   210347   489689   210263   489833   209987   490169   209639   490463   209147   490967   208877   491219   208673   491339   208337   489539   262253    28277    47093   699437   232709   690377    75797   616229    34499   428003    51899   561947   147743   614483   321983   591137   191297
   191189   591509   321413   614693   147689   562007    51767   428039    34457   616289    75773   690419   232607   699443   654047    20939   280817   333323   367019   332729   367307   332447   367613   332273   379853   320027   379997   319817   380327   319673   380417   319547   380837   389567   366467   679067    45959      563   467399     9587   624233    83717   665549   271967   648239   137999   552317    85313   378593   108497   508817
   508973   108347   378683    85247   552659   137699   648257   271829   665603    83597   624347     9539   467507   699953    21569   353963    46853   653357    46643   653507    46229   653819    46103   654053    45497   654593    45263   654827    45083   655043    44777   655373    44357   655727    41879   653117   678437       53   232499   690467    75659   616409    34403   428177    51749   562307   147347   614759   321323   591659   191033
   190979   591743   321227   615137   147299   562409    51713   428303    34283   616529    75539   690509   467927   338369   363317    59417   640613    59357   640733    59159   640943    58913   641279    58679   641579    58367   641789    58193   641897    50627   649457    50387   649643    50207   649829    45377   640307   361637   232079     9497   624467    83477   665723   271703   648293   137597   552707    84869   378779   108263   509027
   509297   108179   378929    84737   552809   137567   648677   271637   665747    83459   624479   690869   225509     8807     4007   696077     3923   696239     3593   696617     3347   696887     2957   697079     2879   697217     2633   697397     2549   697583     2333   697733     2129   697937     2039   697979   344207   695927   474497     9137    75527   616547    34259   428369    51329   562439   147197   615269   321077   591827   190709
   190613   592133   321053   615473   147107   562607    51287   428489    34217   616589   624737      683   351797   239297   460919   239069   460979   238859   461297   238673   461507   238397   461693   238163   462149   237767   462443   237287   462773   237179   462863   237053   463283   236573   463457   236219   463919   235793   460673   699323    75269    83417   665789   271517   648719   137399   552899    84533   378953   107873   509393
   509429   107867   379163    84509   552917   137393   648803   271367   666143   618053    67307   354677    14033   686009    13967   686099    13829   686453    13487   686639    13337   686789    13163   686879    13109   686963    13037   687023    12923   687107    12689   687359    12569   687593    12323   687737    12239   687779     8597   685679   632699    81953    33863   428639    51203   562613   147089   615497   320843   592139   190577
   190529   592289   320699   615539   146933   562703    50849   428843    32057    50129   352133    83207   616829    83063   616997    82757   617387    82559   617537    82349   617699    82163   618257    81737   618329    81629   618437    81173   618929    80819   619967    79973   620099    79889   620159    79823   620237    79613   620579    78977   616787   649877   667949   271163   649157   137303   553073    84467   379307   107717   509477
   509603   107699   379319    84449   553229   136889   649217   270209   658277   366983    99347   600689    99173   600857    99023   601043    98939   601079    98627   601487    98123   601949    97973   602039    97919   602333    97553   602543    97379   602639    97007   603047    96857   603209    96779   603257    96443   603947    96017   604223    81299   600317    41729   429797    50789   563117   146777   615557   320687   592307   190403
   190313   592649   320609   615599   146543   563357   649283   414179   354317    40493   659723    40163   660053    39887   660137    39839   660227    39659   660503    39443   660683    39119   660893    39107   660917    39023   661103    38867   661259    38567   661547    38453   661613    38333   661679    38237   661823    37649   662477    37493   662693    34703   659423   285827    50723   136649   553463    84407   379397   107357   509693
   509723   107279   379667    84389   553529   565637    42737   360257   277919   422249   277643   422369   277547   422759   277217   423053   276833   423179   276707   423413   276503   423557   276389   423713   276257   423869   275999   424019   275969   424169   275783   424433   275459   424559   275339   424967   275003   425189   274709   425309   274583   425489   265757   421943   657269   134369   146477   615617   320339   592727   190283
   190097   592763   320303   615743   560039   120899   352973    57773   642419    57383   642737    57173   642899    57059   643043    56807   643373    56543   643553    56417   643883    56087   644009    55949   644117    55487   644549    55337   644747    55217   644843    55073   645023    54869   645233    54623   645443    54539   645503    54377   645683    54293   645737    53147   642197   579107   139967    84263   379703   107243   509909
   510077   107033   379787   616367   128969   356093   146417   553733   146249   554207   145703   554417   145433   554699   145259   554753   145037   555119   144839   555287   144413   555683   144299   556007   143519   556763   143063   557027   142973   557057   142733   557309   142469   557573   142217   557987   141803   558287   141509   558563   141179   559067   140729   559343   137723   553583   571037    83639   320219   592973   189929
   189437   593183   380879    74093   353819   155087   544937   155027   545063   154619   545483   154247   545933   154067   546053   153743   546317   153437   546599   153287   546869   153113   546947   152909   547223   152777   547487   152429   547583   152363   547709   152219   547817   152183   548003   151967   548069   151883   548189   151643   548399   151553   548489   151253   548837   150239   544259   625913   319127   106823   510569
   510617   593987   306209   351929    93479   606587    93263   606959    92957   607157    92753   607307    92669   607349    92489   607619    92237   608273    91703   608423    91577   608609    91373   608843    91019   609143    90833   609359    90599   609533    90407   609743    90227   609803    90197   609989    89849   610187    89597   610439    89387   610703    89273   610817    89087   611069    88817   606503   393797   106019   189389
   511487    93683   353747   332117   368099   331889   368453   331277   368789   330983   369119   330653   369419   330359   369659   330047   370133   329789   370613   329387   370673   329123   371087   328829   371339   328619   371417   328379   371633   328343   371897   328067   371999   327983   372137   327839   372179   327737   372299   327629   372689   327209   372803   326999   373343   326657   373859   325019   367823   606323   188519
   488573   353783   117497   582563   117329   582737   117239   582887   117023   583013   116867   583367   116537   583523   116387   583727   116273   583997   115979   584153   115823   584249   115727   584393   115589   584663   115133   584879   115013   585317   114593   585587   114329   585737   114167   585863   114089   586037   113933   586349   113513   586589   113327   586793   113027   587087   112787   587417   111029   582227   211433
    42299   199853   500333   199637   500483   199487   500603   199313   500957   198977   501077   198833   501287   198689   501383   198503   501593   198347   501827   197963   502079   197759   502409   197507   502553   197159   502883   197033   503003   196799   503267   196709   503423   196523   503819   196043   504143   195809   504269   195527   504527   195443   504593   195407   504617   195329   504929   195053   504983   505139   499973
