   201359   498803   200867   499283   200657   499397   200513   499523   200357   499853   200063   499973   199853   500333   199637   500483   199487   500603   199313   500957   198977   501077   198833   501287   198689   501383   198503   501593   198347   501827   197963   502079   197759   502409   197507   502553   197159   502883   197033   503003   196799   503267   196709   503423   196523   503819   196043   504143   195809   506213   345227
   504269   118457   581597   118343   581729   118253   581843   117989   582167   117833   582209   117779   582509   117443   582677   117269   582767   117119   582983   116993   583139   116639   583469   116483   583619   116279   583733   116009   584027   115853   584183   115757   584279   115613   584417   115343   584873   115127   584993   114689   585413   114419   585677   114269   585839   114143   585917   113969   587669   346349   195737
   195527   586073   333623   366467   333323   366983   332987   367277   332699   367559   332393   367733   332183   367889   331907   368117   331553   368729   331217   369023   330887   369353   330587   369647   330347   369959   329873   370217   329393   370619   329333   370883   328919   371177   328667   371387   328589   371627   328373   371663   328109   371939   328007   372023   327869   372167   327827   373349   345689   113933   504479
   504527   113657   372269    94529   605543    94433   605609    94169   606083    93893   606323    93563   606449    93503   606527    93419   606743    93047   607049    92849   607253    92699   607337    92657   607517    92387   607769    91733   608303    91583   608429    91397   608633    91163   608987    90863   609173    90647   609407    90473   609599    90263   609779    90203   609809    90017   612137   346187   327737   586349   195479
   195443   586493   327707   610157   157133   542987   157007   543287   156707   543383   156467   543659   156119   544223   155747   544919   155069   544979   154943   545387   154523   545759   154073   545939   153953   546263   153689   546569   153407   546719   153137   546893   153059   547097   152783   547229   152519   547577   152423   547643   152297   547787   152189   547823   152003   550607   344153    89849   372299   113513   504563
   504593   113417   372377    89819   548039   147689   552659   147299   552809   147107   552917   146933   553463   146477   553583   146417   553733   146249   554207   145703   554417   145433   554699   145259   554753   145037   555119   144839   555287   144413   555683   144299   556007   143519   556763   143063   557027   142973   557057   142733   557309   142469   557573   142217   559667   345263   151967   610187   327629   586589   195413
   195407   586679   327317   610409   151937   557987    59273   640847    59063   641093    58727   641327    58427   641639    58217   641813    58109   642197    57773   642419    57383   642737    57173   642899    57059   643043    56807   643373    56543   643553    56417   643883    56087   644009    55949   644117    55487   644549    55337   644747    55217   644843    55073   654629   338279   142019   548069    89597   372689   113327   504599
   504617   113213   372797    89567   548123   141803   645023   279413   420599   279329   420737   279203   420977   278903   421163   278609   421517   278363   421727   278063   422087   277757   422363   277637   422459   277247   422789   276953   423173   276827   423299   276593   423503   276449   423617   276293   423749   276137   424007   275987   424037   275837   431369   341339    54983   558203   151883   610439   327209   586793   195389
   195329   586979   327203   610619   151817   558287    54869   424223    41879   658247    41729   658319    41627   658403    41519   658607    41357   658817    40847   659177    40583   659513    40283   659843    39953   660119    39869   660167    39779   660347    39503   660563    39323   660887    39113   660899    39089   660983    38903   661139    38747   661553   348419   275783   645137   141719   548189    89387   372803   113027   504677
   504929   112919   373007    89303   548363   141509   645233   275573   661439   100733   599303   100493   599537   100403   599663   100313   600167    99767   600293    99689   600659    99317   600833    99149   600983    98963   601067    98927   601379    98519   601883    98057   602033    97967   602087    97673   602453    97463   602627    97367   615539   334793    38567   424433    54773   558497   151643   610703   326999   587087   195077
   195053   587219   326663   610733   151607   558563    54623   424547    38459   602999    83933   616103    83777   616289    83639   616409    83477   616547    83417   616787    83207   616829    83063   616997    82757   617387    82559   617537    82349   617699    82163   618053    81749   618269    81677   618377    81569   618707    81173   619187   348407    97007   661547   275459   645383   141443   548399    89273   373343   112787   504953
   504983   112589   373859    89189   548453   141179   645443   275447   661613    96959   618929    15359   684773    15149   684869    15083   684989    14897   685247    14669   685367    14369   685679    14033   686009    13967   686099    13829   686453    13487   686639    13337   686789    13163   686879    13109   686963    13037   687317   348527    81077   603047    38393   424559    54563   558827   151553   610817   326147   587417   195023
   194933   587429   326063   610919   151517   559067    54539   424667    38333   603149    80039   687023   240257   459803   239933   460127   239849   460373   239597   460463   239417   460619   239333   460709   239087   460937   239027   461147   238709   461333   238499   461609   238313   461843   237857   462239   237563   464999   346439    12983   619967    96857   661673   275339   645467   140939   548489    89087   373943   112577   505073
   505139   112403   374063    88937   548753   140729   645503   275039   661679    96779   620033    12923   462719     5003   695069     4919   695117     4799   695327     4637   695867     4133   695879     4079   695999     3929   696083     3767   696413     3389   696659     3119   697049     2927   697127     2789   698183   347813   237287   687083    79973   603227    38327   424967    54503   559277   151253   611069   325943   587603   194867
   194819   587753   325889   611189   151169   559343    54377   425003    38237   603257    79907   687107   237233   697373    60443   639689    60293   639839    60149   640007    59957   640127    59747   640307    59417   640613    59357   647753    52223   648029    51899   648239    51749   648293    51287   649379   341273     2633   462773    12899   620099    96749   661769   275003   645629   140663   548837    88817   374117   112253   505187
   505277   112019   374123    88799   548843   140639   645683   274817   661823    96443   620117    12647   462827     2609   648803    48533   651767    48197   652229    47513   652499    47339   652727    47093   653117    46853   653357    46643   653507    46229   653819    46103   654047    45953   668159   334379    51203   697397   237179   687359    79889   603563    38183   425189    54323   559367   151163   611207   325883   587987   194729
   194723   588113   325673   611213   151049   559529    54293   425297    37649   603947    79847   687437   237143   697457    50849   654509   334637   365513   334247   366077   333779   366269   333719   366293   321227   378929   321053   379307   320687   379397   320339   379703   320219   381629   347033    45497   649157     2549   462863    12569   620159    96059   662357   274709   645713   140477   548957    88793   374333   111893   505283
   505319   111833   374399    88547   549503   140423   645737   274697   662477    96017   620183    12413   462953     2423   649217    45413   379853   211433   488603   211373   488687   211283   488759   211097   489179   210809   489407   210557   489479   210467   489659   210317   210263   628679   320153   654593    50789   697583   237053   687593    79823   603989    37529   425309    54269   559583   150503   611459   325607   588173   194687
   194483   588239   325319   611483   150497   559673    54167   425423    37493   604223    79769   687683   236723   697673    50723   654743   320027   489833   314603   385493   314399   385739   314213   385817   314129   385943   313889   386153   313727   386369   313517   387227   348827   210173   379979    45263   649283     2333   463283    12323   620237    95783   662513   274583   645839   140333   549509    88523   374687   111767   505523
   505919   111659   374789    88463   549533   140297   646013   274517   662693    95747   620393    12269   463433     2273   649457    45179   379997   209987   387017    26693   673613    26387   673649    26339   673769    26189   674117    25847   674273    25643   676967   346553   312989   490019   320009   654827    50549   697733   236573   687737    79613   604259    37313   425489    53993   559709   150473   611543   325217   588347   194087
   194057   588383   325187   611837   150383   559799    53939   425549    37217   604613    79427   687767   236549   697877    50387   654923   319817   490169   312929   674483    24767   675347    24593   675593    24179   675929    24029   676217    23753   680297   345329    25523   387077   209837   380189    45083   649619     2129   463457    12239   620579    95393   662789   274457   646067   140207   549623    88169   374819   111623   505949
   505979   111497   374987    88079   549683   140123   646157   274403   662867    95279   620639    12227   463787     2069   649643    44963   380327   209639   387263    25469   676259   303377   396713   303287   396887   303053   397037   302747   302579   444347    23747   674537   312743   490367   319679   655043    50363   697937   236219   687779    79367   604727    37139   425603    53849   559883   150323   611927   325019   588509   194027
   193859   588683   324977   611969   150299   560039    53813   425783    37049   604733    79349   687809   236087   697967    50207   655373   319673   490463   312737   674699    23669   397283   187163   513047   186947   513137   186653   183047   680027   302723   676337    25307   387269   209543   380333    44633   649799     2039   463919    12197   620657    95273   662957   274223   646193   139967   549707    88037   375029   111323   506147
   506327   111269   375113    88007   549719   139883   646307   274187   663149    95219   620777    12113   464129     2027   649829    44357   380417   209147   387329    25247   676373   302573   513419   300743   399689   300119   408437   341027   186587   397433    23633   674759   312677   490859   319589   655649    50177   697979   235877   687893    79229   604787    36857   425819    53699   560123   150287   611999   324893   588737   193679
   193649   588743   324773   612173   150239   560297    53609   425903    36767   604829    79193   688067   235793   698273    50129   655727   319547   490967   312383   674837    23537   397493   186239   399983    19373   692399   338237   300023   513767   302513   676469    25169   387623   209039   380459    44279   649877     1733   464213    11939   620813    95177   663239   274103   646397   139709   549767    87833   375233   111263   506357
   506537   111227   375359    87743   550139   139547   646859   274019   663407    95009   621017    11933   464327     1709   649937    44249   380837   208877   387917    25127   676589   302459   513899   299807   668867   350003    31139   400199   186107   397547    23417   674879   312089   491129   319169   655757    50069   698297   235679   688073    78989   604997    36599   425987    53147   560459   149867   612263   324647   588779   193469
   193433   588953   324593   612377   149837   560597    53117   426077    36467   605117    78977   688097   235559   698339    49823   655847   319127   491219   312029   675029    23357   397589   517619   390503   361769     7607   680633   309503   182387   302417   676649    24977   387977   208787   380879    44159   650183     1667   464447    11909   621029    94889   663539   273929   646889   139409   550169    87629   375413   111053   506573
   506843   111029   375449    87623   550289   139367   646913   273773   663653    94613   621113    11867   464483     1619   650477    44123   380909   208673   388109    24923   676679   399227   511703   358979   300317   399887   291569   399263   188303   300779    23327   675083   311897   491333   319097   655883    49529   698387   235523   688139    78893   605393    36353   426233    53093   560639   149717   612383   324557   588977   193163
   193133   589187   324497   612497   149627   560837    53069   426287    36293   614759    78779   688217   235307   698393    49523   656063   319049   491339   311747   675197    21569   394367    19979   186959   513059   186869   513353   516959   512843   305639   678437    24809   388259   208667   380957    43943   650483     1613   464699    11789   621227    85247   663713   273719   646937   139169   550379    87509   375509   110819   506873
   506963   110597   375533    87293   550427   139133   647033   273653   663737    84737   621353    11783   464963     1559   650543    43853   381323   208589   388319   675923   672557   255659   303293   396719   303119   396953   302969   397259   397427   396629    27449    24083   311687   491417   318683   656153    49463   698447   235043   688223    78653   615269    36269   426353    52973   560873   149579   612713   324473   589409   193043
   193013   589439   324437   612923   149249   560897    52967   426389    36209   615473    78479   688637   235013   698483    49193   656429   318629   491429   390107    18959   354677    24659   675413    24413   675827    24077   675977    23789   676253    19709   675239   681047   309899   208577   381377    43577   650813     1523   464993    11369   621527    84533   663797   273617   647039   139109   550757    87083   375569   110567   506993
   507029   110477   375707    86993   550937   139067   647069   273269   663869    84509   621833    11273   465089     1499   650987    43487   381533   492893   306377   353453    26393   673619    26357   673667    26237   673817    25889   674159    25733   674363    23039   673313   393629   207113   318473   656519    49019   698507   234917   688733    78173   615497    36137   426737    52937   560939   149069   613013   324299   589529   192977
   192887   589877   323957   613163   149033   561047    52889   426773    35963   615557    78137   688763   234833   698567    48989   656603   383429   484067   351179   314513   385607   314267   385793   314189   385877   314063   386117   313853   386279   313637   386489   312779   385403   215939   316577    43403   651017     1439   465173    11243   621869    84449   664043   273233   647117   138959   550973    86843   376049   110129   507119
   507329   109883   376127    86837   551093   138923   647147   273113   664109    84407   622073    11117   465293     1283   651239   656783   297953    71327   211403   488633   211319   488723   211247   488909   210827   489197   210599   489449   210527   489539   210347   489689   489743   488573   402053    43223    48767   698723   234713   688889    77933   615599    35897   426893    52859   561083   148913   613169   323879   590123   192677
   192407   590489   323699   613253   148667   561359    52817   427073    35753   615617    77849   688979   234599   698729   651509    23279   352973   334493   365759   333929   366227   333737   366287   333713   378779   321077   378953   320699   379319   320609   379667   320303   379787   318377   365369   676727    48497     1277   465407    11027   622157    84389   664253   272933   647189   138647   551339    86753   376307   109517   507599
   507743   109469   376469    86579   551489   138629   647333   272927   664403    84263   622493    10973   465419       59    29429   365627    48239   651809    47777   652493    47507   652667    47279   652913    46889   653153    46649   653363    46499   653777    46187   653903    45959   654053    31847   651473   670577   699947   234587   689033    77513   615743    35603   427079    52673   561377   148517   613427   323537   590537   192263
   192053   590573   323249   613607   148457   561389    52553   427103    35423   615767    77477   689267   466649   694619   358733    60317   639713    60167   639857    59999   640049    59879   640259    59699   640589    59393   640649    52253   647783    51977   648107    51767   648257    51713   648719    50627   639563     5387   233357    10739   622529    84239   664583   272903   647453   138617   551549    86399   376757   109433   507953
   508037   109397   377129    86369   551813   138587   647477   272759   664613    84179   622637   690629   225347   352193     4937   695087     4889   695207     4679   695369     4139   695873     4127   695927     4007   696077     3923   696239     3593   696617     3347   696887     2957   697079     2879   697217     1823   695003   474659     9377    77369   615827    35393   427247    52529   561419   148193   613637   322877   590609   191969
   191903   590627   322859   613763   148157   561599    52517   427403    35339   615869   623723     4229   353567   240203   460073   239879   460157   239633   460409   239543   460589   239387   460673   239297   460919   239069   460979   238859   461297   238673   461507   238397   461693   238163   462149   237767   462443   235007   459749   695777    76283    84137   664667   272603   647489   138407   551849    86243   377147   109379   508103
   508223   109253   377297    86117   551927   138239   647627   272567   664679   625307    70019   351479    15233   684857    15137   684923    15017   685109    14759   685337    14639   685637    14327   685973    13997   686039    13907   686177    13553   686519    13367   686669    13217   686843    13127   686897    13043   686969    12689   684647   629987    74699    35327   427439    52379   561767   148079   613889   322709   590753   191783
   191747   590867   322613   614153   148073   561797    52313   427457   665549    44777   351599    83903   616229    83717   616367    83597   616529    83459   616589    83219   616799    83177   616943    83009   617249    82619   617447    82469   617657    82307   617843    81953   618257    81737   618329    81629   618437    81299   618833    80819   616073   655229    34457   272549   647693   138209   551933    85853   377393   109139   508259
   508349   108917   377543    85829   552029   138197   647747   429347    28229   365213   100703   599513   100469   599603   100343   599693    99839   600239    99713   600317    99347   600689    99173   600857    99023   601043    98939   601079    98627   601487    98123   601949    97973   602039    97919   602333    97553   602543    97379   602639    84467   599273   671777   270659    52259   561809   147977   614177   322463   591089   191657
   191507   591113   322319   614387   147827   561947    51329   256967   351587    41759   658277    41687   658379    41603   658487    41399   658649    41189   659159    40829   659423    40493   659723    40163   660053    39887   660137    39839   660227    39659   660503    39443   660683    39119   660893    39107   660917    39023   661103    38867   661259    38453   658127   443039   648677   138059   552179    85619   377687   108893   508499
   508559   108869   378023    85523   552263   565337   631013   358667   279407   420677   279269   420803   279029   421103   278843   421397   278489   421643   278279   421943   277919   422249   277643   422369   277547   422759   277217   423053   276833   423179   276707   423413   276503   423557   276389   423713   276257   423869   275999   424019   275969   424169   268637   420593    68993   134669   147743   614483   321983   591137   191447
   191297   591509   321413   614693   146777   122027   361727    59159   640943    58913   641279    58679   641579    58367   641789    58193   641897    57809   642233    57587   642623    57269   642833    57107   642947    56963   643199    56633   643463    56453   643589    56123   643919    55997   644057    55889   644519    55457   644669    55259   644789    55163   644933    45377   640733   577979   553229    85313   378593   108497   508709
   508817   108347   378683   615137   539507   354743   147347   552707   147197   552899   147089   553073   146543   553529   146423   553589   146273   553757   145799   554303   145589   554573   145307   554747   145253   554969   144887   555167   144719   555593   144323   555707   143999   556487   143243   556943   142979   557033   142949   557273   142697   557537   142433   557789   140339   552317   160499    84869   321323   591659   191189
   191033   591743   379163    73517   355853   157019   542999   156719   543299   156623   543539   156347   543887   155783   544259   155087   544937   155027   545063   154619   545483   154247   545933   154067   546053   153743   546317   153437   546599   153287   546869   153113   546947   152909   547223   152777   547487   152429   547583   152363   547709   152219   547817   152183   548003   149399   542873   626489   320843   108263   508973
   509027   592133   307529   353819    94463   605573    94397   605837    93923   606113    93683   606443    93557   606503    93479   606587    93263   606959    92957   607157    92753   607307    92669   607349    92489   607619    92237   608273    91703   608423    91577   608609    91373   608843    91019   609143    90833   609359    90599   609533    90407   609743    90227   609803    90197   609989    87869   605477   392477   107873   190979
   509603    96797   354317   333539   366683   333023   367019   332729   367307   332447   367613   332273   367823   332117   368099   331889   368453   331277   368789   330983   369119   330653   369419   330359   369659   330047   370133   329789   370613   329387   370673   329123   371087   328829   371339   328619   371417   328379   371633   328343   371897   328067   371999   327983   372137   327839   372179   326657   366383   603209   190403
   177383   353657   118409   581663   118277   581753   118163   582017   117839   582173   117797   582227   117497   582563   117329   582737   117239   582887   117023   583013   116867   583367   116537   583523   116387   583727   116273   583997   115979   584153   115823   584249   115727   584393   115589   584663   115133   584879   115013   585317   114593   585587   114329   585737   114167   585863   114089   586037   112337   581549   522623
   354779   201203   499139   200723   499349   200609   499493   200483   499649   200153   499943   200033   500153   199673   500369   199523   500519   199403   500693   199049   501029   198929   501173   198719   501317   198623   501503   198413   501659   198179   502043   197927   502247   197597   502499   197453   502847   197123   502973   197003   503207   196739   503297   196583   503483   196187   503963   195863   504197   193793   498647
