   203579   496889   203057   497117   202667   497597   202403   497663   202277   497957   201953   498209   201449   498647   201203   499139   200723   499349   200609   499493   200483   499649   200153   499943   200033   500153   199673   500369   199523   500519   199403   500693   199049   501029   198929   501173   198719   501317   198623   501503   198413   501659   198179   502043   197927   502247   197597   502499   197453   195863   653357
   502847   120767   579503   120473   579707   120293   579773   119747   580373   119627   580577   119243   580919   118907   581333   118457   581597   118343   581729   118253   581843   117989   582167   117833   582209   117779   582509   117443   582677   117269   582767   117119   582983   116993   583139   116639   583469   116483   583619   116279   583733   116009   584027   115853   584183   115757   584279   115613   585317   346547   197159
   197123   584417   335507   364883   335009   365129   334793   365369   334493   365627   334247   366077   333779   366269   333719   366293   333623   366467   333323   366983   332987   367277   332699   367559   332393   367733   332183   367889   331907   368117   331553   368729   331217   369023   330887   369353   330587   369647   330347   369959   329873   370217   329393   370619   329333   370883   328919   371939   345329   115589   502883
   502973   115343   371177    96779   603257    96443   603947    96017   604223    95747   604613    95279   604733    95219   604829    95009   605117    94613   605477    94433   605609    94169   606083    93893   606323    93563   606449    93503   606527    93419   606743    93047   607049    92849   607253    92699   607337    92657   607517    92387   607769    91733   608303    91583   608429    91397   613763   342347   328829   584663   197033
   197003   584873   328667   608633   158567   541469   158429   541613   158243   541817   157889   542183   157799   542237   157559   542483   157427   542747   157133   542987   157007   543287   156707   543383   156467   543659   156119   544223   155747   544919   155069   544979   154943   545387   154523   545759   154073   545939   153953   546263   153689   546569   153407   546719   153137   547577   346043    91373   371339   115133   503003
   503207   115127   371387    91163   546893   149249   550937   149033   551093   148667   551549   148193   551849   148079   551933   147977   552179   147743   552317   147347   552707   147197   552899   147089   553073   146777   553463   146477   553583   146417   553733   146249   554207   145703   554417   145433   554699   145259   554753   145037   555119   144839   555287   144413   561419   341729   153113   608843   328619   584879   196799
   196739   584993   328589   608987   153059   555683    60737   639563    60317   639713    60167   639857    59999   640049    59879   640259    59699   640589    59393   640649    59273   640847    59063   641093    58727   641327    58427   641639    58217   641813    58109   642197    57773   642419    57383   642737    57173   642899    57059   643043    56807   643373    56543   649379   341927   144323   546947    91019   371417   115013   503267
   503297   114593   371627    90863   547097   144299   643553   280949   419147   280817   419303   280589   419423   280547   419597   280253   419777   279977   420149   279689   420593   279407   420677   279269   420803   279029   421103   278843   421397   278489   421643   278279   421943   277919   422249   277643   422369   277547   422759   277217   423053   276833   425603   345227    56453   555707   152909   609143   328379   585413   196709
   196583   585587   328373   609173   152783   556007    56417   423179    43013   657017    42773   657269    42683   657473    42509   657539    42299   657779    42197   657827    42023   658079    41879   658247    41729   658319    41627   658403    41519   658607    41357   658817    40847   659177    40583   659513    40283   659843    39953   660119    39869   666437   342497   276827   643589   143999   547223    90833   371633   114419   503423
   503483   114329   371663    90647   547229   143519   643883   276707   660167   102329   597689   102203   597899   102077   598007   101957   598127   101627   598643   101279   598799   100937   599153   100733   599303   100493   599537   100403   599663   100313   600167    99767   600293    99689   600659    99317   600833    99149   600983    98963   625409   323699    39839   423299    56123   556487   152777   609359   328343   585677   196523
   196187   585737   328109   609407   152519   556763    56087   423413    39779   601067    85523   614693    85247   615137    84737   615473    84509   615557    84407   615617    84263   615767    84179   615869    83933   616103    83777   616289    83639   616409    83477   616547    83417   616787    83207   616829    83063   616997    82757   626627   339257    98939   660227   276593   643919   143243   547487    90599   371897   114269   503819
   503963   114167   371999    90473   547583   143063   644009   276503   660347    98927   617387    16553   683477    16493   683687    16229   683783    16217   683819    16097   683933    16067   684119    15767   684269    15359   684773    15149   684869    15083   684989    14897   685247    14669   685367    14369   685679    14033   693317   341777    82619   601079    39659   423503    55997   556943   152423   609533   328007   585839   196043
   195809   585863   327983   609599   152363   557027    55949   423557    39503   601379    82559   686009   241979   458123   241817   458327   241643   458543   241343   458669   241259   458879   241049   458993   240959   459113   240797   459383   240257   459803   239933   460127   239849   460373   239597   460463   239417   460979   348407    13997   617447    98627   660503   276449   644057   142979   547643    90407   372023   114143   504197
   504269   114089   372137    90263   547709   142973   644117   276389   660563    98519   617537    13967   460619     6263   693809     5987   694079     5813   694223     5693   694349     5639   694487     5483   694619     5087   694997     5003   695069     4919   695117     4799   695327     4637   695777     4139   696887   347873   239387   686039    82469   601487    39443   423617    55889   557033   152297   609743   327869   585917   195737
   195527   586037   327839   609779   152219   557057    55487   423713    39323   601883    82349   686099   239333   695873    62627   637409    62507   637529    62297   637787    62189   638303    61583   638453    61547   638663    61007   639053    60923   639137    53069   647033    52967   647117    52859   649457   346553     4133   460673    13907   617657    98123   660683   276293   644519   142949   547787    90227   372167   113969   504479
   504527   113933   372179    90203   547817   142733   644549   276257   660887    98057   617699    13829   460709     4127   647189    50723   649619    50207   649829    50129   649937    49823   650477    49523   650543    49193   650987    48989   651239    48533   651509    48239   651809    47777   654629   346349    52817   695879   239297   686177    82307   601949    39119   423749    55457   557273   152189   609803   327827   586073   195479
   195443   586349   327737   609809   152183   557309    55337   423869    39113   602033    82163   686453   239087   695927    52673   652493   336857   363179   336689   363569   336239   363947   336029   364127   335813   364313   335669   364373   323957   376127   323537   376757   322877   320339   405659    47513   647333     4079   460919    13553   617843    97973   660893   276137   644669   142697   547823    90197   372269   113657   504563
   504593   113513   372299    90017   548003   142469   644747   275999   660899    97967   618053    13487   460937     4007   647453    47507   377147   213599   486449   213467   486677   213209   486833   213029   487007   212873   487427   212369   487709   212117   488009   211949   488909   348419   322859   652499    52553   695999   239069   686519    81953   602039    39107   424007    55259   557537   152003   609989   327707   586493   195413
   195407   586589   327629   610157   151967   557573    55217   424019    39089   602087    81749   686639   238859   696077    52529   652667   322709   488513   316037   384029   315899   384113   315803   384227   315599   384437   315527   384599   315269   385079   314879   388109   346439   211493   377297    47339   647477     3929   461147    13367   618257    97919   660917   275987   644789   142433   548039    89849   372377   113417   504599
   504617   113327   372689    89819   548069   142217   644843   275969   660983    97673   618269    13337   461297     3923   647489    47279   377393   211433   385193    28649   671603    28289   671729    28229   672059    27779   672317    27449   672767    27179   676727   345263   314813   488573   322613   652727    52517   696083   238709   686669    81737   602333    39023   424037    55163   557789   151937   610187   327317   586679   195389
   195329   586793   327209   610409   151883   557987    55073   424169    38903   602453    81677   686789   238673   696239    52379   652913   322463   488603   314807   672863    26357   673667    26237   673817    25889   674159    25733   674363    25523   678599   345689    27143   385199   211403   377543    47093   647627     3767   461333    13217   618329    97553   661103   275837   644933   142019   548123    89597   372797   113213   504677
   504929   113027   372803    89567   548189   141803   645023   275783   661139    97463   618377    13163   461507     3593   647693    46889   377687   211373   385379    26987   674537   305483   394529   305369   394643   305267   394787   304979   397037   347933    25469   673019   314627   488633   322319   653117    52313   696413   238499   686843    81629   602543    38867   424223    54983   558203   151817   610439   327203   586979   195077
   195053   587087   326999   610619   151643   558287    54869   424433    38567   602627    81569   686879   238397   696617    52259   653153   321983   488687   314603   673157    25307   395069   190283   509909   189929   510569   189389   512843   347099   304937   674699    26849   385403   211319   378023    46853   647747     3389   461609    13127   618437    97379   661439   275573   645137   141719   548363    89387   373007   112919   504953
   504983   112787   373343    89303   548399   141509   645233   275459   661547    97367   618707    13109   461693     3347   647753    46643   378593   211283   385493    26813   674759   304847   510767   302723   397427   302573   302459   444833   189239   395159    25247   673193   314513   488723   321413   653363    52253   696659   238313   686897    81299   602639    38459   424547    54773   558497   151607   610703   326663   587219   195023
   194933   587417   326657   610733   151553   558563    54623   424559    38453   602999    81173   686963   238163   697049    52223   653507   321323   488759   314399   673223    25169   395243   189017   397493    20297   692399   337313   302513   510989   304763   674837    26783   385607   211247   378683    46499   647783     2957   461843    13043   618833    97007   661553   275447   645383   141443   548453    89273   373349   112589   505073
   505139   112577   373859    89189   548489   141179   645443   275339   661613    96959   618929    13037   462149     2927   648029    46229   378779   210827   385739    26759   674879   304553   511163   398213   667019   350003    32987   301793   188843   395453    25127   673247   314267   489179   321227   653777    51977   697079   237857   686969    81077   603047    38393   424667    54563   558827   151517   610817   326147   587429   194867
   194819   587603   326063   610919   151253   559067    54539   424967    38333   603149    80819   687023   237767   697127    51899   653819   321077   489197   314213   673313    24977   395657   186587   396413   362693     7607   679709   303593   513419   304349   675029    26693   385793   210809   378929    46187   648107     2879   462239    12983   619187    96857   661673   275039   645467   140939   548753    89087   373943   112403   505187
   505277   112337   374063    88937   548837   140729   645503   275003   661679    96797   619967    12923   462443     2789   648239    46103   378953   210599   385817    26393   675083   303803   509297   255173   302579   397433   397547   397283   190709   396203    24923   673613   314189   489407   321053   653903    51767   697217   237563   687083    80039   603209    38327   425003    54503   559277   151169   611069   325943   587669   194729
   194723   587753   325889   611189   151163   559343    54377   425189    38237   613013    79973   687107   237287   697373    51749   654047   320843   489449   314129   673619    24029   393299   352907   190097   510077   189437   510617   187163   509723   306707   675977    26387   385877   210557   379163    45959   648257     2633   462719    12899   620033    86993   661769   274817   645629   140663   548843    88817   374117   112253   505283
   505319   112019   374123    88799   548957   140639   645683   274709   661823    86843   620099    12689   462773     2609   648293    45953   379307   210527   385943    23633   670619   352073   305477   394637   305363   394739   305219   395027   302969   394523    29387   676373   314063   489479   320699   654053    51713   697397   237233   687317    79907   613163    38183   425297    54323   559367   151049   611207   325883   587987   194687
   194483   588113   325673   611213   150503   559529    54293   425309    37649   613169    79889   687359   237179   697457    51329   654509   320687   489539   313889   669887   354317    26339   673769    26189   674117    25847   674273    25643   674483    21407   673649    30119   386117   210467   379319    45497   648677     2549   462827    12647   620117    86837   662357   274697   645713   140477   549503    88793   374333   111893   505523
   505919   111833   374399    88547   549509   140423   645737   274583   662477    86753   620159    12569   462863     2423   648719    45413   379397   491219   380837   354743    28403   671717    28277   671777    27947   672227    27689   672557    27239   672827    23279   671357   319169   208787   320609   654593    51287   697583   237143   687437    79847   613253    37529   425423    54269   559583   150497   611459   325607   588173   194087
   194057   588239   325319   611483   150473   559667    54167   425489    37493   613427    79823   687593   237053   697673    51203   654743   381533   204857   353567   315977   384107   315893   384203   315779   384407   315569   384479   315407   384737   314927   385127   311897   383969   495149   318473    45263   648803     2333   462953    12413   620183    86579   662513   274517   645839   140339   549533    88523   374687   111767   505949
   505979   111659   374789    88463   549623   140333   646013   274457   662693    86399   620237    12323   463283     2273   649157   656063   358979   351587   213557   486539   213329   486797   213173   486977   212999   487133   212579   487637   212297   487889   211997   488057   211097   486407   341027    43943    50849   697733   236723   687683    79769   613607    37313   425549    53993   559673   150383   611543   325217   588347   194027
   193859   588383   325187   611837   150323   559709    53939   425783    37217   613637    79613   687737   236573   697877    50789    35753   294347   336827   363317   336437   363767   336059   363977   335879   364193   335693   364337   335633   376049   323879   376469   323249   377129   379667   363149   664253   649217     2129   463433    12269   620393    86369   662789   274223   646067   140297   549683    88169   374819   111623   506147
   506213   111497   374987    88079   549707   140207   646157   274187   662867    86117   620579    12239   463457     2039   634943   353657    50387   649799    50177   649877    50069   650183    49529   650483    49463   650813    49019   651017    48767   651473    48497   651767    48197   652229    45377   649283    65063   697967   236549   687767    79427   613889    37139   425819    53849   559799   150299   611927   325019   588509   193793
   193679   588683   324977   611969   150287   559883    53813   425903    37049   614153    79367   687779   464699   692333   353453    62597   637499    62477   637709    62219   637817    61703   638423    61553   638459    61343   638999    60953   639083    60869   646937    52973   647039    52889   647147    50549   637379     7673   235307    12227   620639    85853   662957   274103   646193   140123   549719    88037   375029   111323   506327
   506357   111269   375113    88007   549767   139967   646307   274019   663149    85829   620657    11867   229703   352133     6197   694019     5927   694193     5783   694313     5657   694367     5519   694523     5387   694919     5009   695003     4937   695087     4889   695207     4679   695369     4229   695867     3119   693743   470303   688139    79349   614177    36857   425987    53699   560039   150239   611999   324893   588737   193649
   193469   588743   324773   612137   149867   560123    53609   426077    36767   614387   634079   676337   351599   241883   458189   241679   458363   241463   458663   241337   458747   241127   458957   241013   459047   240893   459209   240623   459749   240203   460073   239879   460157   239633   460409   239543   460589   239027   458027    23669    65927    85619   663239   273929   646397   139883   550139    87869   375233   111263   506537
   506573   111227   375359    87833   550169   139709   646859   273773   663407    84467    50363   358229    16529   683513    16319   683777    16223   683789    16187   683909    16073   683939    15887   684239    15737   684647    15233   684857    15137   684923    15017   685109    14759   685337    14639   685637    14327   685973     6689   683453   649643   615539    36599   426233    53147   560297   149837   612173   324647   588779   193433
   193163   588953   324593   612263   149717   560459    53117   426287   665789   573863   360749    85313   614759    84869   615269    84533   615497    84449   615599    84389   615743    84239   615827    84137   616073    83903   616229    83717   616367    83597   616529    83459   616589    83219   616799    83177   616943    83009   617249    73379   614483   126143    34217   273719   646889   139547   550289    87743   375413   111053   506843
   506873   111029   375449    87629   550379   139409   646913   272933    22079   376307   102317   597803   102107   597929   101999   598049   101879   598379   101363   598727   101207   599069   100853   599273   100703   599513   100469   599603   100343   599693    99839   600239    99713   600317    99347   600689    99173   600857    99023   601043    74597   597677   677927   427073    53093   560597   149627   612377   324557   588977   193133
   193043   589187   324497   612383   149579   560639   647069   416399   357509    42989   657233    42737   657323    42533   657497    42467   657707    42227   657809    42179   657983    41927   658127    41759   658277    41687   658379    41603   658487    41399   658649    41189   659159    40829   659423    40493   659723    40163   660053    39887   660137    33569   656993   283607    52937   139367   550427    87623   375509   110819   506963
   506993   110597   375533    87509   550607   560939    38747   354779   280859   419189   280703   419417   280583   419459   280409   419753   280229   420029   279857   420317   279413   420599   279329   420737   279203   420977   278903   421163   278609   421517   278363   421727   278063   422087   277757   422363   277637   422459   277247   422789   276953   423173   274403   419057   661259   139067   149399   612497   324473   589409   193013
   192977   589439   324437   612713   148517   123803   358079    60443   639689    60293   639839    60149   640007    59957   640127    59747   640307    59417   640613    59357   640733    59159   640943    58913   641279    58679   641579    58367   641789    58193   641897    57809   642233    57587   642623    57269   642833    57107   642947    56963   643199    56633   643463    50627   639269   576203   551489    87293   375569   110567   507029
   507119   110477   375707   612923   540713   358277   149069   550973   148913   551339   148457   551813   148157   551927   148073   552029   147827   552263   147689   552659   147299   552809   147107   552917   146933   553229   146543   553529   146423   553589   146273   553757   145799   554303   145589   554573   145307   554747   145253   554969   144887   555167   144719   555593   138587   550757   159293    87083   324299   589529   192887
   192677   589877   384827    72053   353963   158537   541577   158393   541763   158189   542117   157823   542207   157769   542447   157523   542579   157259   542873   157019   542999   156719   543299   156623   543539   156347   543887   155783   544259   155087   544937   155027   545063   154619   545483   154247   545933   154067   546053   153743   546317   153437   546599   153287   546869   152429   541439   627953   315179   110129   507329
   507599   593987   301247   357659    96749   603563    96059   603989    95783   604259    95393   604727    95273   604787    95177   604997    94889   605393    94529   605573    94397   605837    93923   606113    93683   606443    93557   606503    93479   606587    93263   606959    92957   607157    92753   607307    92669   607349    92489   607619    92237   608273    91703   608423    91577   608609    86243   603227   398759   106019   192407
   508499    94463   354677   335123   364997   334877   365213   334637   365513   334379   365759   333929   366227   333737   366287   333713   366383   333539   366683   333023   367019   332729   367307   332447   367613   332273   367823   332117   368099   331889   368453   331277   368789   330983   369119   330653   369419   330359   369659   330047   370133   329789   370613   329387   370673   329123   371087   328067   364499   605543   191507
   486293   353459   120503   579533   120299   579713   120233   580259   119633   580379   119429   580763   119087   581099   118673   581549   118409   581663   118277   581753   118163   582017   117839   582173   117797   582227   117497   582563   117329   582737   117239   582887   117023   583013   116867   583367   116537   583523   116387   583727   116273   583997   115979   584153   115823   584249   115727   584393   114689   579239   213713
    46649   203117   496949   202889   497339   202409   497603   202343   497729   202049   498053   201797   498557   201359   498803   200867   499283   200657   499397   200513   499523   200357   499853   200063   499973   199853   500333   199637   500483   199487   500603   199313   500957   198977   501077   198833   501287   198689   501383   198503   501593   198347   501827   197963   502079   197759   502409   197507   502553   504143   496427
