   204023   496007   203843   496343   203579   496889   203057   497117   202667   497597   202403   497663   202277   497957   201953   498209   201449   498647   201203   499139   200723   499349   200609   499493   200483   499649   200153   499943   200033   500153   199673   500369   199523   500519   199403   500693   199049   501029   198929   501173   198719   501317   198623   501503   198413   501659   198179   502043   197927   502247   346553
   502409   121229   578999   120899   579239   120503   579533   120299   579713   120233   580259   119633   580379   119429   580763   119087   581099   118673   581549   118409   581663   118277   581753   118163   582017   117839   582173   117797   582227   117497   582563   117329   582737   117239   582887   117023   583013   116867   583367   116537   583523   116387   583727   116273   583997   115979   584153   115823   585917   345473   197597
   197507   584249   335813   364313   335669   364373   335507   364883   335009   365129   334793   365369   334493   365627   334247   366077   333779   366269   333719   366293   333623   366467   333323   366983   332987   367277   332699   367559   332393   367733   332183   367889   331907   368117   331553   368729   331217   369023   330887   369353   330587   369647   330347   369959   329873   370217   329393   371627   345227   115757   502499
   502553   115727   370619    96959   603149    96797   603227    96749   603563    96059   603989    95783   604259    95393   604727    95273   604787    95177   604997    94889   605393    94529   605543    94433   605609    94169   606083    93893   606323    93563   606449    93503   606527    93419   606743    93047   607049    92849   607253    92699   607337    92657   607517    92387   607769    91733   609533   346349   329387   584279   197453
   197159   584393   329333   608303   159227   540989   158909   541349   158567   541469   158429   541613   158243   541817   157889   542183   157799   542237   157559   542483   157427   542747   157133   542987   157007   543287   156707   543383   156467   543659   156119   544223   155747   544919   155069   544979   154943   545387   154523   545759   154073   545939   153953   546263   153689   546719   346259    91703   370673   115613   502847
   502883   115589   370883    91583   546569   149627   550427   149399   550757   149069   550973   148913   551339   148517   551549   148193   551849   148079   551933   147977   552179   147743   552317   147347   552707   147197   552899   147089   553073   146777   553463   146477   553583   146417   553733   146249   554207   145703   554417   145433   554699   145259   554753   145037   555707   347057   153437   608423   329123   584417   197123
   197033   584663   328919   608429   153407   555119    60953   639083    60869   639269    60443   639689    60293   639839    60149   640007    59957   640127    59747   640307    59417   640613    59357   640733    59159   640943    58913   641279    58679   641579    58367   641789    58193   641897    57809   642233    57587   642623    57269   642833    57107   642947    56963   644549   346547   144887   546599    91577   371087   115343   502973
   503003   115133   371177    91397   546869   144839   643199   281297   418763   281207   418889   280949   419147   280817   419303   280589   419423   280547   419597   280253   419777   279977   420149   279689   420593   279407   420677   279269   420803   279029   421103   278843   421397   278489   421643   278279   421943   277919   422249   277643   422369   277547   423503   347033    56807   555167   153137   608609   328829   584873   197003
   196799   584879   328667   608633   153113   555287    56633   422759    43397   656687    43223   656939    43013   657017    42773   657269    42683   657473    42509   657539    42299   657779    42197   657827    42023   658079    41879   658247    41729   658319    41627   658403    41519   658607    41357   658817    40847   659177    40583   659513    40283   660053   348419   277247   643373   144719   546893    91373   371339   115127   503207
   503267   115013   371387    91163   546947   144413   643463   277217   659843   102587   597473   102407   597677   102317   597803   102107   597929   101999   598049   101879   598379   101363   598727   101207   599069   100853   599273   100703   599513   100469   599603   100343   599693    99839   600239    99713   600317    99347   600689    99173   601487   347873    40163   422789    56543   555593   153059   608843   328619   584993   196739
   196709   585317   328589   608987   152909   555683    56453   423053    39887   600857    86117   614153    85829   614387    85523   614693    85247   615137    84737   615473    84467   615557    84407   615617    84263   615767    84179   615869    83933   616103    83777   616289    83639   616409    83459   616589    83219   616799    83177   625109   340169    99149   660119   276953   643553   144323   547097    91019   371417   114689   503297
   503423   114593   371633    90863   547223   143999   643589   276833   660137    99023   616943    17333   682679    16703   683357    16553   683477    16493   683687    16229   683783    16217   683819    16097   683933    16067   684119    15767   684269    15359   684773    15149   684869    15083   684989    14897   685247    14669   691433   343037    83063   600983    39869   423173    56417   556007   152783   609143   328373   585413   196583
   196523   585587   328343   609173   152777   556487    56123   423179    39839   601043    83009   685367   242309   457913   241979   458123   241817   458327   241643   458543   241343   458669   241259   458879   241049   458993   240959   459113   240797   459383   240257   459803   239933   460127   239849   460373   239597   239297   569747    14639   616997    98963   660167   276827   643883   143519   547229    90833   371663   114419   503483
   503819   114329   371897    90647   547487   143243   643919   276707   660227    98939   617249    14369   460463     6473   693677     6323   693689     6263   693809     5987   694079     5813   694223     5693   694349     5639   694487     5483   694619     5087   694997     5003   695069     4919   695117     4799   698339   346139   239543   685637    82757   601067    39779   423299    56087   556763   152519   609359   328109   585677   196187
   196043   585737   328067   609407   152429   556943    55997   423413    39659   601079    82619   685679   239417   695327    62723   637319    62627   637409    62507   637529    62297   637817    61703   638423    61553   638459    61343   638999    53117   646913    53069   647033    52967   647069    52889   647477   348827     4679   460589    14327   617387    98927   660347   276593   644009   143063   547577    90599   371939   114269   503963
   504143   114167   371999    90407   547583   142979   644057   276449   660503    98627   617447    14033   460619     4637   647147    50627   649457    50387   649643    50207   649829    50129   649937    49823   650477    49523   650543    49193   650987    48989   651239    48497   651767    48197   654923   345689    52859   695369   239387   685973    82559   601379    39503   423557    55949   557027   152423   609599   328007   585839   195863
   195809   585863   327983   609743   152363   557033    55889   423617    39443   601883    82469   686009   239333   695777    52817   652229   336989   363119   336857   363179   336689   363569   336239   363947   336029   364127   324497   375533   324437   375707   323957   376127   323699   377147   348209    47777   647189     4229   460673    13997   617537    98123   660563   276389   644117   142973   547643    90263   372023   114143   504197
   504269   113969   372137    90227   547709   142949   644519   276293   660683    98057   617657    13967   460919     4139   647453    47513   376469   213887   486179   213713   486407   213557   486539   213329   486797   213173   486977   212999   487133   212579   487637   212297   205619   631229   323537   652493    52553   695867   239087   686039    82349   601949    39323   423713    55487   557057   152297   609779   327869   586037   195737
   195527   586073   327839   609803   152219   557273    55337   423749    39119   602033    82307   686099   239069   695873    52517   652499   323249   487889   316703   383429   316373   383813   316097   383969   315977   384107   315893   384203   315779   384407   315569   315527   418199   212117   376757    47507   647489     4133   460937    13907   617699    97973   660887   276257   644669   142733   547787    90203   372167   113933   504479
   504527   113657   372179    90197   547817   142697   644747   276137   660893    97967   617843    13829   460979     4127   647627    47339   377129   211997   384599    28649   671603    28289   671729    28229   672059    27779   672317    27449   672767    27179   676727   345263   315407   488009   322877   652667    52379   695879   239027   686177    82163   602039    39113   423869    55259   557309   152189   609809   327827   586349   195479
   195443   586493   327737   609989   152183   557537    55217   424007    39107   602087    81953   686453   238859   695927    52259   652727   322709   488057   315269   672863    26339   673769    26189   674159    25733   674363    25523   674537    25307   677927   346187    27143   384737   211949   377297    47279   647747     4079   461147    13553   618053    97919   660899   275999   644789   142469   547823    90017   372269   113513   504563
   504593   113417   372299    89849   548003   142433   644843   275987   660917    97673   618257    13487   461297     4007   647753    47093   377393   211493   384827    26987   674759   305639   394409   305483   394529   305369   394643   305267   304349   440339    25247   673019   315179   488513   322613   652913    52253   695999   238709   686519    81749   602333    39089   424019    55163   557573   152003   610157   327707   586589   195413
   195407   586679   327629   610187   151967   557789    55073   424037    39023   602453    81737   686639   238673   696077    52223   653117   322463   488573   314927   673157    25169   394787   190313   509723   190097   510077   189437   517877   342497   305219   674837    26849   385079   211433   377543    46889   647783     3929   461333    13367   618269    97553   660983   275969   644933   142217   548039    89819   372377   113327   504599
   504617   113213   372689    89597   548069   142019   645023   275837   661103    97463   618329    13337   461507     3923   648029    46853   377687   211403   385127    26813   674879   304979   510617   302723   397427   302573   302459   444833   189389   395027    25127   673193   314879   488603   322319   653153    51977   696083   238499   686669    81677   602543    38903   424169    54983   557987   151937   610409   327317   586793   195389
   195329   586979   327209   610439   151883   558203    54869   424223    38867   602627    81629   686789   238397   696239    51899   653357   321983   488633   314813   673223    24977   395069   189239   397493    21599   690377   338033   302513   510767   304937   675029    26783   385193   211373   378023    46649   648107     3767   461609    13217   618377    97379   661139   275783   645137   141803   548123    89567   372797   113027   504677
   504929   112919   372803    89387   548189   141719   645233   275573   661259    97367   618437    13163   461693     3593   648239    46643   378593   211319   385199    26759   675083   304847   510989   397589   666437   350003    33569   302417   189017   395159    24923   673247   314807   488687   321413   653363    51767   696413   238313   686843    81569   602639    38747   424433    54773   558287   151817   610619   327203   587087   195077
   195053   587219   326999   610703   151643   558497    54623   424547    38567   602999    81299   686879   238163   696617    51749   653507   321323   488723   314627   673313    24809   395243   512657   397037   361973     9629   678407   302969   187349   304763   675197    26693   385379   211283   378683    46499   648257     3389   461843    13127   618707    97007   661439   275459   645383   141509   548363    89303   373007   112787   504953
   504983   112589   373343    89273   548399   141443   645443   275447   661547    87623   618833    13109   462149     3347   648293    46229   378779   211247   385403    26393   675239   396323   178697   255173   302579   397433   397547   397283   521309   303683    24767   673613   314603   488759   321227   653777    51713   696659   237857   686897    81173   612383    38459   424559    54563   558563   151607   610733   326663   587417   195023
   194933   587429   326657   610817   151553   558827    54539   424667    38453   612497    81077   686963   237767   696887    51329   653819   321077   488909   314513   673649    24083   393473   357509   190283   509909   189929   510569   182129   509693   306533   675923    26357   385493   211097   378929    46187   648677     3119   462239    13043   618929    87509   661553   275339   645467   141179   548453    89189   373349   112577   505073
   505139   112403   373859    89087   548489   140939   645503   275039   661613    87293   619187    13037   462443     2957   648719    46103   378953   210827   385739   674117   670877   259667   305597   394523   305477   394637   305363   394739   395657   394367    29129    25889   314267   489179   321053   653903    51287   697049   237563   686969    80819   612713    38393   424967    54503   559067   151517   610919   326147   587603   194867
   194819   587669   326063   611069   151253   559277    54377   425003    38333   612923    80039   687023   237287   697079    51203   654047   320843   489197   312383    19373   353819    26237   673817    25847   674273    25643   674483    25469   674699    22079   673667   680633   387623   210809   379163    45959   648803     2927   462719    12983   619967    87083   661673   275003   645629   140729   548753    88937   373943   112337   505187
   505277   112253   374063    88817   548837   140663   645683   274817   661679    86993   620033    12923   462773     2879   649157    45953   379307   493067   454109   354743    28403   671717    28277   671777    27947   672227    27689   672557    27239   672827    23279   671357   245897   206939   320699   654053    50849   697127   237233   687083    79973   613013    38327   425189    54323   559343   151169   611189   325943   587753   194729
   194723   587987   325889   611207   151163   559367    54293   425297    38237   613163    79907   687107   237179   697217    50789   654509   385607   486053   281807   316577   383633   316193   383909   316037   384029   315899   384113   315803   384227   315599   384437   384479   383303   213953   314399    45497   649217     2789   462827    12899   620099    86843   661769   274709   645713   140639   548843    88799   374117   112019   505283
   505319   111893   374123    88793   548957   140477   645737   274697   661823    86837   620117    12689   462863     2633   649283   655229   297707    68777   213827   486293   213599   486449   213467   486677   213209   486833   213029   487007   212873   487427   212369   487709   494387   486119   402299    44777    50723   697373   237143   687317    79889   613169    38183   425309    54269   559529   151049   611213   325883   588113   194687
   194483   588173   325673   611459   150503   559583    54167   425423    37649   613253    79847   687359   237053   697397   651473    36353   351797   336887   363149   336827   363317   336437   363767   336059   363977   335879   375509   324473   375569   324299   376049   323879   376307   322859   363017   663653    48533     2609   462953    12647   620159    86753   662357   274583   645839   140423   549503    88547   374333   111833   505523
   505919   111767   374399    88523   549509   140339   646013   274517   662477    86579   620183    12569   463283     2039    36209   354317    50549   649619    50363   649799    50177   649877    50069   650183    49529   650483    49463   650813    49019   651017    48767   651509    48239   651809    45083   649379   663797   697967   236723   687437    79823   613427    37529   425489    53993   559667   150497   611483   325607   588239   194087
   194057   588347   325319   611543   150473   559673    53939   425549    37493   613607    79769   687593   236549   691037   351179    62687   637379    62597   637499    62477   637709    62189   638303    61583   638453    61547   638663    61007   646889    53093   646937    52973   647039    52937   647117    52529   637283     8969   463457    12413   620237    86399   662513   274457   646067   140333   549533    88463   374687   111659   505949
   505979   111623   374789    88169   549623   140297   646157   274403   662693    86369   620393   385817   678779   353867     6329   693683     6317   693743     6197   694019     5927   694193     5783   694313     5657   694367     5519   694523     5387   694919     5009   695003     4937   695087     4889   695207     1667   693533    21227   314189    79613   613637    37313   425603    53849   559709   150383   611837   325217   588383   194027
   193859   588509   325187   611927   150323   559799    53813   425783    37217   613763   633257   303497   130259   242093   458027   241883   458189   241679   458363   241463   458663   241337   458747   241127   458957   241013   459047   240893   459209   240623   459749   240203   460073   239879   460157   239633   460409   460709   457697   396509    66749    86243   662789   274223   646193   140207   549683    88079   374819   111497   506147
   506213   111323   374987    88037   549707   140123   646307   274187   662867   616529    52313   356969    17327   683303    16649   683453    16529   683513    16319   683777    16223   683789    16187   683909    16073   683939    15887   684239    15737   684647    15233   684857    15137   684923    15017   685109    14759   685337     8573   682673   647693    83477    37139   425819    53699   559883   150299   611969   325019   588683   193793
   193679   588737   324977   611999   150287   560039    53609   425903   667577    75773   359837    85853   614177    85619   614483    85313   614759    84869   615269    84533   615539    84449   615599    84389   615743    84239   615827    84137   616073    83903   616229    83717   616367    83597   616547    83417   616787    83207   616829    74897   613889   624233    32429   274103   646397   139967   549719    88007   375029   111269   506327
   506357   111263   375113    87869   549767   139883   646859   273773    26387   352133   102533   597599   102329   597689   102203   597899   102077   598007   101957   598127   101627   598643   101279   598799   100937   599153   100733   599303   100493   599537   100403   599663   100313   600167    99767   600293    99689   600659    99317   600833    98519   597419   673619   426233    53147   560123   150239   612137   324893   588743   193649
   193469   588779   324773   612173   149867   560297    52673   417719   351587    43319   656783    43067   656993    42989   657233    42737   657323    42533   657497    42467   657707    42227   657809    42179   657983    41927   658127    41759   658277    41687   658379    41603   658487    41399   658649    41189   659159    40829   659423    40493   659723    39953   656609   282287   647333   139709   550139    87833   375233   111227   506537
   506573   111053   375359    87743   550169   561797   637787   352973   281243   418799   281117   419057   280859   419189   280703   419417   280583   419459   280409   419753   280229   420029   279857   420317   279413   420599   279329   420737   279203   420977   278903   421163   278609   421517   278363   421727   278063   422087   277757   422363   277637   422459   276503   418709    62219   138209   149837   612263   324647   588953   193433
   193163   588977   324593   612377   550289   127583   353459    60923   639137    60737   639563    60317   639713    60167   639857    59999   640049    59879   640259    59699   640589    59393   640649    59273   640847    59063   641093    58727   641327    58427   641639    58217   641813    58109   642197    57773   642419    57383   642737    57173   642899    57059   643043    55457   639053   572423   149717    87629   375413   111029   506843
   506873   110819   375449   615497   138629   352949   149579   550607   149249   550937   149033   551093   148667   551489   148457   551813   148157   551927   148073   552029   147827   552263   147689   552659   147299   552809   147107   552917   146933   553229   146543   553529   146423   553589   146273   553757   145799   554303   145589   554573   145307   554747   145253   554969   144299   550379   561377    84509   324557   589187   193133
   193043   589409   387329    74027   353747   159017   541097   158657   541439   158537   541577   158393   541763   158189   542117   157823   542207   157769   542447   157523   542579   157259   542873   157019   542999   156719   543299   156623   543539   156347   543887   155783   544259   155087   544937   155027   545063   154619   545483   154247   545933   154067   546053   153743   546317   153287   540779   625979   312677   110597   506963
   506993   110129   298589   353657    96857   603209    96779   603257    96443   603947    96017   604223    95747   604613    95279   604733    95219   604829    95009   605117    94613   605477    94463   605573    94397   605837    93923   606113    93683   606443    93557   606503    93479   606587    93263   606959    92957   607157    92753   607307    92669   607349    92489   607619    92237   608273    90473   603047   401417   589877   193013
   513059   577397   354779   335693   364337   335633   364499   335123   364997   334877   365213   334637   365513   334379   365759   333929   366227   333737   366287   333713   366383   333539   366683   333023   367019   332729   367307   332447   367613   332273   367823   332117   368099   331889   368453   331277   368789   330983   369119   330653   369419   330359   369659   330047   370133   329789   370613   328379   364193   122609   186947
   174989   354533   121007   579107   120767   579503   120473   579707   120293   579773   119747   580373   119627   580577   119243   580919   118907   581333   118457   581597   118343   581729   118253   581843   117989   582167   117833   582209   117779   582509   117443   582677   117269   582767   117119   582983   116993   583139   116639   583469   116483   583619   116279   583733   116009   584027   115853   584183   114089   578777   525017
   353453   203999   496163   203663   496427   203117   496949   202889   497339   202409   497603   202343   497729   202049   498053   201797   498557   201359   498803   200867   499283   200657   499397   200513   499523   200357   499853   200063   499973   199853   500333   199637   500483   199487   500603   199313   500957   198977   501077   198833   501287   198689   501383   198503   501593   198347   501827   197963   502079   197759   495983
