   207953   492059   207923   492377   207593   492563   207377   492719   207113   493013   206939   493109   206879   493193   206603   493463   206483   493607   206273   493853   206069   493967   206033   493979   205937   494093   205619   494519   205397   494687   205307   494783   205157   494873   205103   494987   204887   495149   204557   495563   204437   495629   204359   495707   204233   495899   204059   495959   204023   202277   641813
   496007   127037   573179   126743   573647   126143   573899   125897   574289   125639   574619   125339   574703   125207   574913   124979   575087   124853   575213   124703   575429   124493   575573   124427   575669   124139   576119   123803   576287   123707   576683   122963   577067   122609   577427   122489   577529   122393   577739   122207   577937   122027   578117   121697   578399   121553   578483   121469   587417   338207   203999
   203843   578603   342197   358079   341777   358277   341507   358667   341303   358733   341027   359027   340937   359129   340859   359297   340649   359837   339839   360257   339413   360749   339137   361013   338669   361433   338543   361637   338279   361769   338213   361973   338027   362099   337859   362213   337697   362657   337313   362723   336989   363119   336857   363179   336689   363569   336239   364337   346349   121403   496163
   496343   121313   363947   102587   597473   102407   597677   102317   597803   102107   597929   101999   598049   101879   598379   101363   598727   101207   599069   100853   599273   100703   599513   100469   599603   100343   599693    99839   600239    99713   600317    99347   600689    99173   600857    99023   601043    98939   601079    98627   601487    98123   601949    97973   602039    97919   607769   342569   336059   578693   203663
   203579   578777   336029   602333   165533   534923   164987   535169   164477   535697   164279   535757   164147   535967   163859   536273   163307   537413   162419   537743   162257   538049   161879   538199   161639   538553   161309   538739   160997   539039   160877   539267   160697   539507   160373   539639   160343   539687   160169   539843   159857   540167   159833   540233   159737   541817   345473    97673   363977   121229   496427
   496889   121007   364127    97553   540377   154619   545483   154247   545933   154067   546053   153743   546317   153437   546599   153137   546893   153059   547097   152783   547229   152519   547577   152423   547643   152297   547787   152189   547823   152003   548039   151937   548123   151817   548363   151607   548453   151517   548753   151169   548843   151049   549503   150497   549623   347873   159629   602453   335879   578999   203117
   203057   579107   335813   602543   159623   549533    65927   634169    65699   634373    65609   634649    65327   634793    65147   634943    65027   635003    64919   635339    64499   635567    64403   635849    64067   635969    63857   636263    63719   636359    63599   636473    63473   636539    63443   636653    63197   636947    62939   637079    62723   637319    62627   637817   347813   150473   540383    97463   364193   120899   496949
   497117   120767   364313    97379   540389   150323   637409   287387   412949   286973   413243   286589   413537   286427   413807   285953   414179   285539   414629   285227   414893   284897   415187   284489   415523   284447   415577   284057   416147   283763   416399   283463   416873   282917   417173   282767   417293   282389   417623   282287   417839   282143   418427   347099    62597   549683   159617   602627   335693   579239   202889
   202667   579503   335633   602639   159569   549707    62507   417947    49823   650477    49523   650543    49193   650987    48989   651239    48533   651509    48239   651809    47777   652493    47507   652667    47279   652913    46889   653153    46649   653363    46499   653777    46187   653903    45959   654053    45497   654593    45377   654743    45179   655727   347057   282059   637499   150299   540437    97367   364373   120503   497339
   497597   120473   364499    97007   540599   150287   637529   282053   654923   109139   591089   108893   591137   108497   591659   108263   591827   107873   592139   107717   592307   107357   592727   107243   592973   106823   593387   106487   593573   106373   593903   106019   593993   105983   594107   105557   594569   105389   594899   104933   615557   327707    45083   417953    62477   549719   159407   602999   335507   579533   202409
   202403   579707   335123   603047   159293   549767    62297   418073    44963   595157    91373   608843    91019   609143    90833   609407    90473   609599    90263   609779    90203   609809    90017   610157    89819   610409    89567   610619    89303   610733    89189   610919    88937   611189    88799   611213    88547   611483    88463   613763   346223   104849   655043   281933   637709   150239   540713    96959   364883   120299   497603
   497663   120293   364997    96857   540773   149867   637787   281927   655229   104759   611837    23039   676979    22859   677309    22619   677639    22349   677813    22079   678077    21803   678407    21569   678599    21347   678779    21017   679067    20879   679157    20543   679607    20297   679823    20177   679859    20123   681719   346553    88169   595247    44777   418079    62219   550139   159233   603149   335009   579713   202343
   202049   579773   334877   603209   159227   550169    61703   418157    44633   595277    88079   680027   249593   450473   249503   450557   249419   450677   249287   450899   249089   451097   248903   451397   248483   452009   247847   452393   247553   452597   247193   453107   246809   453293   246689   453797   246173   244217   557027    19979   611927   104729   655373   281849   638303   149837   540779    96797   365129   120233   497957
   498053   119747   365213    96779   540989   149717   638423   281837   655649   104693   611969    19793   454109    11273   688763    11117   688979    10973   689267    10613   689693    10139   689873    10103   690119     9629   690419     9539   690509     9473   690629     9137   691037     8807   691337     8663   693437   346547   245897   680213    88037   595313    44357   418169    61583   550289   159017   603227   334793   580259   201953
   201797   580373   334637   603257   158909   550379    61553   418199    44249   595547    88007   680297   245759   691409    67547   632483    67307   632717    66809   633209    66749   633377    66533   633497    66383   633629    66239   633833    66083   634013    58367   641789    58109   642233    57587   645137   346439     8597   454247    19709   611999   104459   655757   281807   638453   149627   541097    96749   365369   119633   498209
   498557   119627   365513    96443   541349   149579   638459   281747   655847   104393   612137    19553   454253     8573   642623    55217   644843    55073   645023    54773   645383    54563   645467    54503   645629    54323   645713    54269   645839    53993   646067    53849   646193    53699   647117   348527    57383   691433   245753   680453    87869   595613    44159   418259    61547   550427   158657   603563   334493   580379   201449
   201359   580577   334379   603947   158567   550607    61343   418289    44123   595709    87833   680633   245627   691463    57269   646397   344039   356093   343787   356693   343073   356969   342899   357347   342653   357359   342497   357593   342347   357767   330047   370133   329789   370619   348353    53609   642737     8543   454379    19373   612173   104297   655883   281717   638663   149399   541439    96059   365627   119429   498647
   498803   119243   365759    96017   541469   149249   638999   281669   656063   103997   612263    19013   454823     8423   642833    53147   370613   221807   478259   221603   478679   221219   478913   221069   479147   219983   480047   219839   480209   219707   480329   219587   485447   344207   329393   646859    57173   691583   245183   680993    87743   596009    43943   418337    61007   550757   158537   603989   334247   580763   201203
   200867   580919   333929   604223   158429   550937    60953   418343    43853   596027    87629   681047   245087   691637    57107   646889   329333   480503   322859   377297   322613   377543   322319   378023   321413   378683   321227   378929   321053   379163   320699   379397   348827   219503   370673    53117   642899     8369   454919    18959   612377   103979   656153   281663   639053   149069   541577    95783   366077   119087   499139
   499283   118907   366227    95747   541613   149033   639083   281339   656429   103913   612383    18917   454967     8297   642947    53093   370883   219437   379319    34739   665303    34499   665549    34403   665723    34217   666143    33773   666437    33479   667697   348077   320687   480569   329123   646913    57059   691709   245039   681089    87623   596093    43577   418667    60923   550973   158393   604259   333779   581099   200723
   200657   581333   333737   604613   158243   551093    60869   418709    43487   596117    87509   681137   245033   691763    56963   646937   328919   480713   320339   666647    32189   667949    31973   668159    31397   668687    31307   668747    31193   353819   664613    33359   379667   219293   371087    53069   643043     8243   454973    18869   612497   103889   656519   281297   639137   148913   541763    95393   366269   118673   499349
   499397   118457   366287    95273   542117   148667   639269   281243   656603   103643   612713    18839   455219     8219   643199    52973   371339   219017   379703    33149   668867   311603   388727   311183   389057   310889   389273   310559   390527   348209    31139   666857   320303   480989   328667   647033    56807   691787   244787   681167    87293   596363    43403   418763    60737   551339   157889   604733   333719   581549   200609
   200513   581597   333713   604787   157823   551489    60443   418799    43397   596423    87083   681257   244667   691919    56633   647039   328619   481043   320219   666983    30983   389567   195479   504563   195413   504599   195389   193679   660899   310439   669023    33023   379787   218963   371387    52967   643373     8087   455339    18749   612923   103583   656609   281207   639563   148517   542183    95219   366293   118409   499493
   499523   118343   366383    95177   542207   148457   639689   281117   656687   103217   613013    18713   455513     8009   643463    52937   371417   218873   379853    32993   669029   310283   504677   308249   391889   307919   305219   436739   195329   389723    30977   667013   320153   481133   328589   647069    56543   691997   244493   681293    86993   596789    43319   418889    60317   551549   157799   604829   333623   581663   200483
   200357   581729   333539   604997   157769   551813    60293   419057    43223   596927    86843   681419   244403   692099    56453   647147   328379   481157   320027   667019    30839   389783   195077   392423    26393   699119   324497   307583   504929   310223   669167    32987   379979   218849   371627    52859   643553     7907   455603    18587   613163   103079   656783   280949   639713   148193   542237    95009   366467   118277   499649
   499853   118253   366683    94889   542447   148157   639839   280859   656939   103043   613169    18443   455627     7757   643589    52817   371633   218627   379997    32579   669413   310187   504953   301793   648107   350003    51899   398213   195053   389819    30593   667427   320009   481379   328373   647189    56417   692249   244379   681563    86837   596963    43067   419147    60167   551849   157559   605117   333323   581753   200153
   200063   581843   333023   605393   157523   551927    60149   419189    43013   597053    86753   681677   244157   692333    56123   647333   328343   481589   319817   667577    30347   389957   519509   484283   375509      887   673613   215723   180497   310049   669659    32429   380189   218417   371663    52673   643883     7673   455849    18329   613253   102953   656993   280817   639857   148079   542483    94613   366983   118163   499943
   499973   117989   367019    94529   542579   148073   640007   280703   657017   102797   613427    18233   456149     7607   643919    52553   371897   217907   380327    32363   669869   391067   491219   263267   308117   392087   394787   391757   208787   308939    30137   667643   319679   482099   328109   647453    56087   692399   243857   681773    86579   597209    42989   419303    59999   551933   157427   605477   332987   582017   200033
   199853   582167   332729   605543   157259   552029    59957   419417    42773   597353    86399   682049   243839   692423    55997   647477   328067   482213   319673   667769   685367   305783    39107   195443   504593   195407   504617   506327   504527   394223    14639    32237   380333   217793   371939    52529   644009     7583   456167    17957   613607   102653   657233   280589   640049   147977   542747    94463   367277   117839   500153
   500333   117833   367307    94433   542873   147827   640127   280583   657269    92699   613637    17747   456767     7547   644057    52517   371999   217697   380417   669113   327737   351797   311279   388823   310949   389117   310733   389447   309479   388403   372269    30893   319589   482309   328007   647489    55949   692459   243239   682259    86369   607307    42737   419423    59879   552179   157133   605573   332699   582173   199673
   199637   582209   332447   605609   157019   552263    59747   419459    42683   607337    85853   682277   243197   692753    55889   647627   327983   482387   380909    27179    35393    32057   668033    31847   668609    31319   668699    31259   668813   346187   667817   672827   319097   217619   372023    52379   644117     7253   456809    17729   614153    92669   657323   280547   640259   147743   542987    94397   367559   117797   500369
   500483   117779   367613    94169   542999   147689   640307   280409   657473    92657   614177    17669   457139     7079   644519    52313   372137   217253   315407   351929    34703   665507    34457   665603    34283   665789    33863   666233    33569   666527    32309   665267   384599   482753   327869   647693    55487   692927   242867   682337    85829   607349    42533   419597    59699   552317   157007   605837   332393   582227   199523
   199487   582509   332273   606083   156719   552659    59417   419753    42509   607517    85619   682427   242729   692963    55457   647747   373007   474029   351179   322709   377393   322463   377687   321983   378593   321323   378779   321077   378953   320843   379307   320609   377147   225977   326999    52259   644549     7043   457277    17579   614387    92489   657497   280253   640589   147347   543287    93923   367733   117497   500519
   500603   117443   367823    93893   543299   147299   640613   280229   657539    92387   614483    17333   457367     6917   644669   665747   309797   355799   221747   478403   221327   478787   221093   478937   220859   480023   219959   480167   219797   480299   219677   480419   214559   478199   390209    34259    55337   693089   242639   682673    85523   607619    42467   419777    59393   552707   156707   606113   332183   582563   199403
   199313   582677   332117   606323   156623   552809    59357   420029    42299   608273    85313   682679   242603   693137    55259    30677   351653   343913   356219   343313   356933   343037   357107   342659   357353   342647   357509   342413   357659   342239   369959   329873   370217   329387   355967   669329   644747     6869   457403    17327   614693    91733   657707   279977   640649   147197   543383    93683   367889   117329   500693
   500957   117269   368099    93563   543539   147107   640733   279857   657779    91703   614759    16703   457553     5657   629987   351479    55163   644933    54983   645233    54623   645443    54539   645503    54377   645683    54293   645737    54167   646013    53939   646157    53813   646307    52889   644789    70019   694349   242453   683303    85247   608303    42227   420149    59273   552899   156467   606443   331907   582737   199049
   198977   582767   331889   606449   156347   552917    59159   420317    42197   608423    84869   683357   457559   687359   353567    67523   632699    67289   633197    66797   633257    66629   633473    66509   633623    66377   633767    66173   633923    65993   641639    58217   641897    57773   642419    54869   632459    12647   242447    16649   615137    91583   657809   279689   640847   147089   543659    93557   368117   117239   501029
   501077   117119   368453    93503   543887   146933   640943   279413   657827    91577   615269    16529   443363   353459    11243   688889    11027   689033    10739   689393    10313   689867    10133   689903     9887   690377     9587   690467     9497   690533     9377   690869     8969   691199     8669   691343     6569   688733   256643   683477    84737   608429    42179   420593    59063   553073   156119   606503   331553   582887   198929
   198833   582983   331277   606527   155783   553229    58913   420599    42023   608609   616589   675827   142979   249533   450503   249449   450587   249329   450719   249107   450917   248909   451103   248609   451523   247997   452159   247613   452453   247409   452813   246899   453197   246713   453317   246209   453833   455789   450413    24179    83417    91397   657983   279407   641093   146777   544223    93479   368729   117023   501173
   501287   116993   368789    93419   544259   146543   641279   279329   658079    86117    75323   353453    23027   677147    22697   677387    22367   677657    22193   677927    21929   678203    21599   678437    21407   678659    21227   678989    20939   679127    20849   679463    20399   679709    20183   679829    20147   679883    18287   676967   624683   613889    41927   420677    58727   553463   155747   606587   331217   583013   198719
   198689   583139   330983   606743   155087   553529    58679   420737    41879   585317   353783    91163   608987    90863   609173    90599   609533    90407   609743    90227   609803    90197   609989    89849   610187    89597   610439    89387   610703    89273   610817    89087   611069    88817   611207    88793   611459    88523   611543    86243   608633   114689   658127   279269   641327   146477   544919    93263   369023   116867   501317
   501383   116639   369119    93047   544937   146423   641579   278363   648677   372299   108917   591113   108869   591509   108347   591743   108179   592133   107867   592289   107699   592649   107279   592763   107033   593183   106619   593519   106433   593633   106103   593987   106013   594023   105899   594449   105437   594617   105107   595073    84449   590867    51329   421643    58427   553583   155069   606959   330887   583367   198623
   198503   583469   330653   607049   155027   553589   642197   412067   352949    49529   650483    49463   650813    49019   651017    48767   651473    48497   651767    48197   652229    47513   652499    47339   652727    47093   653117    46853   653357    46643   653507    46229   653819    46103   654047    45953   654509    45413   654629    45263   654827    44279   650183   287939    57809   146417   544979    92957   369353   116537   501503
   501593   116483   369419    92849   545063   554303    50387   352907   287057   413033   286763   413417   286469   413579   286199   414053   285827   414467   285377   414779   285113   415109   284819   415517   284483   415559   284429   415949   283859   416243   283607   416543   283133   417089   282833   417239   282713   417617   282383   417719   282167   417863   281579   412619   649619   145703   154943   607157   330587   583523   198413
   198347   583619   330359   607253   153287   137393   352193    65837   634307    65633   634397    65357   634679    65213   634859    65063   634979    65003   635087    64667   635507    64439   635603    64157   635939    64037   636149    63743   636287    63647   636407    63533   636533    63467   636563    63353   636809    63059   637067    62927   637283    62687   637379    62189   634079   562613   546719    92753   369647   116387   501659
   501827   116279   369659   609359   534173   352133   154523   545759   154073   545939   153953   546263   153689   546569   153407   546869   153113   546947   152909   547223   152777   547487   152429   547583   152363   547709   152219   547817   152183   548003   151967   548069   151883   548189   151643   548399   151553   548489   151253   548837   151163   548957   150503   549509   150383   545387   165833    90647   330347   583727   198179
   197963   583733   371177    75659   354533   165083   535019   164837   535529   164309   535727   164249   535859   164039   536147   163733   536699   162593   537587   162263   537749   161957   538127   161807   538367   161453   538697   161267   539009   160967   539129   160739   539309   160499   539633   160367   539663   160319   539837   160163   540149   159839   540173   159773   540269   158189   534473   624347   328829   116273   502043
   502079   584663   316703   357437   102533   597599   102329   597689   102203   597899   102077   598007   101957   598127   101627   598643   101279   598799   100937   599153   100733   599303   100493   599537   100403   599663   100313   600167    99767   600293    99689   600659    99317   600833    99149   600983    98963   601067    98927   601379    98519   601883    98057   602033    97967   602087    92237   597419   383303   115343   197927
   504197    95279   353657   341927   358229   341729   358499   341339   358703   341273   358979   340979   359069   340877   359147   340709   359357   340169   360167   339749   360593   339257   360869   338993   361337   338573   361463   338369   361727   338237   361793   338033   361979   337907   362147   337793   362309   337349   362693   337283   363017   336887   363149   336827   363317   336437   363767   335669   357809   604727   195809
   480317   361799   126827   573263   126359   573863   126107   574109   125717   574367   125387   574667   125303   574799   125093   575027   124919   575153   124793   575303   124577   575513   124433   575579   124337   575867   123887   576203   123719   576299   123323   577043   122939   577397   122579   577517   122477   577613   122267   577799   122069   577979   121889   578309   121607   578453   121523   578537   112589   572969   219689
    58193   207947   492083   207629   492413   207443   492629   207287   492893   206993   493067   206897   493127   206813   493403   206543   493523   206399   493733   206153   493937   206039   493973   206027   494069   205913   494387   205487   494609   205319   494699   205223   494849   205133   494903   205019   495119   204857   495449   204443   495569   204377   495647   204299   495773   204107   495947   204047   495983   497729   492053
