   205913   494387   205487   494609   205319   494699   205223   494849   205133   494903   205019   495119   204857   495449   204443   495569   204377   495647   204299   495773   204107   495947   204047   495983   203999   496163   203663   496427   203117   496949   202889   497339   202409   497603   202343   497729   202049   498053   201797   498557   201359   498803   200867   499283   200657   499397   200513   499523   200357   200033   647117
   499853   123887   576203   123719   576299   123323   577043   122939   577397   122579   577517   122477   577613   122267   577799   122069   577979   121889   578309   121607   578453   121523   578537   121403   578693   121229   578999   120899   579239   120503   579533   120299   579713   120233   580259   119633   580379   119429   580763   119087   581099   118673   581549   118409   581663   118277   581753   118163   583367   345473   200153
   200063   582017   338279   361769   338213   361799   338033   361979   337907   362147   337793   362309   337349   362693   337283   363017   336887   363149   336827   363317   336437   363767   336059   363977   335879   364193   335693   364337   335633   364499   335123   364997   334877   365213   334637   365513   334379   365759   333929   366227   333737   366287   333713   366383   333539   366683   333023   328619   386279   117989   499943
   500153   117839   367019    99767   600293    99689   600659    99317   600833    99149   600983    98963   601067    98927   601379    98519   601883    98057   602033    97967   602087    97673   602453    97463   602627    97367   602999    96959   603149    96797   603227    96749   603563    96059   603989    95783   604259    95393   604727    95273   604787    95177   604997    94889   605393    94529   626393   325889   332987   582167   199853
   199673   582173   332729   605543   160967   539129   160739   539309   160499   539633   160367   539663   160319   539837   160163   540149   159839   540173   159773   540269   159629   540383   159617   540437   159407   540713   159233   540779   159017   541097   158657   541439   158537   541577   158393   541763   158189   542117   157823   542207   157769   542447   157523   542579   157259   545483   345227    94463   367277   117833   500333
   500369   117797   367307    94433   542873   152003   548039   151937   548123   151817   548363   151607   548453   151517   548753   151163   548957   150503   549509   150473   549623   150323   549707   150287   549767   149867   550169   149717   550379   149579   550607   149249   550937   149033   551093   148667   551489   148457   551813   148157   551927   148073   552029   147827   552317   347813   157133   605573   332699   582209   199637
   199523   582227   332447   605609   157019   552263    63533   636533    63467   636563    63353   636809    63059   637067    62927   637283    62687   637379    62597   637499    62477   637709    62219   637817    61703   638423    61553   638459    61343   638999    60953   639083    60869   639269    60443   639689    60293   639839    60149   640007    59957   640127    59747   645737   342497   147743   542987    94397   367559   117779   500483
   500519   117497   367613    94169   542999   147347   640307   283133   417089   282833   417239   282713   417617   282383   417719   282167   417863   282059   417953   281933   418079   281849   418169   281807   418259   281717   418337   281663   418427   281339   418709   281243   418799   281117   419057   280859   419189   280703   419417   280583   419459   280409   419777   348443    59699   552659   157007   605837   332393   582509   199487
   199403   582563   332273   606083   156719   552707    59417   419753    45959   654053    45497   654593    45377   654743    45179   654923    44963   655229    44633   655649    44279   655757    44159   655883    43943   656153    43577   656519    43403   656609    43319   656783    43067   656993    42989   657233    42737   657323    42533   657497    42467   658127   347957   280253   640589   147299   543287    93923   367733   117443   500603
   500693   117329   367823    93893   543299   147197   640613   279977   657707   105899   594449   105437   594617   105107   595073   104849   595247   104729   595313   104459   595613   104297   596009   103979   596093   103889   596363   103583   596927   103043   597053   102797   597353   102587   597473   102407   597677   102317   597803   102107   620657   324893    42299   420029    59393   552809   156707   606113   332183   582677   199313
   199049   582737   332117   606323   156623   552899    59357   420149    42227   597929    88799   611213    88547   611483    88463   611837    88079   611969    88007   612137    87833   612377    87623   612497    87293   612923    86993   613163    86837   613253    86579   613607    86369   613763    86117   614153    85829   614387    85523   645503   316937   102077   657779   279857   640649   147107   543383    93683   367889   117269   500957
   501029   117239   368099    93563   543539   147089   640733   279689   657809   101999   614693    20123   680027    19793   680297    19553   680633    19013   681047    18917   681137    18839   681257    18713   681419    18443   681677    18287   681773    17957   682259    17729   682337    17579   682673    17327   683303    16649   683453   347873    85313   598007    42197   420317    59273   552917   156467   606443   331907   582767   198977
   198929   582887   331889   606449   156347   553073    59159   420593    42179   598049    85247   683477   245753   454379   245183   454919   245039   454973   244787   455339   244493   455603   244379   455789   244157   456149   243839   456767   243197   457139   242729   457367   242603   457553   242447   457607   242309   238859   566723    16529   614759   101957   657827   279413   640847   146933   543659    93557   368117   117119   501077
   501173   117023   368453    93503   543887   146777   640943   279407   657983   101879   615137    16493   457913     8369   691709     8243   691787     8087   691997     7907   692249     7673   692399     7583   692459     7253   692927     7043   693089     6869   693149     6827   693317     6653   693437     6473   694223   348353   242093   683513    84869   598127    42023   420599    59063   553229   156119   606503   331553   582983   198833
   198719   583013   331277   606527   155783   553463    58913   420677    41927   598379    84737   683687   241979   693677    65063   634979    65003   635087    64667   635507    64439   635603    64157   635939    64037   636149    63743   636287    63647   636407    55457   644669    55259   644789    55163   667019   326999     6329   458027    16319   615269   101627   658079   279329   641093   146543   544223    93479   368729   116993   501287
   501317   116867   368789    93419   544259   146477   641279   279269   658247   101363   615473    16229   458123     6323   644933    53069   647033    52967   647069    52817   647333    52553   647477    52517   647627    52313   647747    52253   647783    51977   648107    51767   648257    51713   649157   348527    55073   693683   241883   683777    84533   598643    41759   420737    58727   553529   155747   606587   331217   583139   198689
   198623   583469   330983   606743   155087   553583    58679   420803    41729   598727    84467   683783   241817   693743    54983   648677   340709   359357   340169   360167   339749   360593   339257   360869   338993   361337   338573   361463   338369   372797   327203   373343   326657   324299   386153    51329   645023     6263   458189    16223   615539   101279   658277   279203   641327   146423   544919    93263   369023   116537   501383
   501503   116483   369119    93047   544937   146417   641579   279029   658319   101207   615557    16217   458327     6197   645137    51287   373859   217409   482687   217253   482837   216617   483773   216179   484067   215927   484283   215399   484613   215279   484733   215153   213029   620813   326147   648719    54869   693809   241679   683789    84449   598799    41687   420977    58427   553589   155069   606959   330887   583523   198503
   198413   583619   330653   607049   155027   553733    58367   421103    41627   599069    84407   683819   241643   694019    54773   648803   326063   485063   319097   380957   318683   381377   318473   381629   318347   381707   317969   382103   317777   382553   317363   390503   341507   214943   373943    51203   645233     5987   458363    16187   615599   100937   658379   278903   641639   146273   544979    92957   369353   116387   501593
   501659   116279   369419    92849   545063   146249   641789   278843   658403   100853   615617    16097   458543     5927   645383    50789   374063   214883   382727    31193   668867    30983   669029    30893   669167    30677   669413    30137   669887    30059   677387   342347   317279   485123   325943   649217    54623   694079   241463   683909    84389   599153    41603   421163    58217   553757   154943   607157   330587   583727   198347
   198179   583733   330359   607253   154619   554207    58193   421397    41519   599273    84263   683933   241343   694193    54563   649283   325883   485417   317159   670139    29129   671189    28703   671357    28403   671717    28277   671777    27947   675347   346187    29867   382847   214589   374123    50723   645443     5813   458663    16073   615743   100733   658487   278609   641813   145799   545387    92753   369647   116273   501827
   502043   116009   369659    92699   545759   145703   641897   278489   658607   100703   615767    16067   458669     5693   645467    50627   374333   214559   382883    29789   672227   307919   392423   307529   392669   307283   392837   307079   305849   436439    27779   670217   317123   485447   325673   649379    54539   694313   241337   683939    84239   599303    41399   421517    58109   554303   154247   607307   330347   583997   197963
   197927   584027   330047   607337   154073   554417    57809   421643    41357   599513    84179   684119   241259   694349    54377   649457   325607   485543   317087   670343    27449   393059   192887   507329   192407   507743   192053   508259   349343   306947   672557    29663   382919   214463   374399    50549   645629     5657   458747    15887   615827   100493   658649   278363   642197   145589   545933    92669   369959   115979   502079
   502247   115853   370133    92657   545939   145433   642233   278279   658817   100469   615869    15767   458879     5639   645683    50387   374687   214439   383099    29429   672767   306749   508037   305267   394787   304979   303803   441179   191969   393257    27239   670577   316907   485567   325319   649619    54323   694367   241127   684239    84137   599537    41189   421727    57773   554573   154067   607349   329873   584153   197759
   197597   584183   329789   607517   153953   554699    57587   421943    40847   599603    83933   684269   241049   694487    54293   649643   325217   486053   316859   670583    27179   393299   191903   395159    23537   676259   350213   304847   508103   306707   672827    29423   383147   213953   374789    50363   645713     5519   458957    15737   616073   100403   659159   278063   642419   145307   546053    92489   370217   115823   502409
   502499   115757   370613    92387   546263   145259   642623   277919   659177   100343   616103    15359   458993     5483   645839    50207   374819   213887   383153    29387   672863   306533   508223   396239   676679   350003    23327   303767   191783   393473    27143   670619   316853   486119   325187   649799    54167   694523   241013   684647    83903   599663    40829   422087    57383   554747   153743   607619   329393   584249   197507
   197453   584279   329387   607769   153689   554753    57269   422249    40583   599693    83777   684773   240959   694619    53993   649829   325019   486179   316703   670673    26987   393587   513899   394523   349793    23747   676469   305483   186107   306419   673019    29333   383303   213827   374987    50177   646013     5387   459047    15233   616229   100313   659423   277757   642737   145253   546317    92237   370619   115727   502553
   502847   115613   370673    91733   546569   145037   642833   277643   659513    99839   616289    15149   459113     5087   646157    50129   375029   213713   383429    29243   673157   306377   184409   258827   305219   395027   396203   394739   515597   393629    26849   670763   316577   486293   324977   649877    53849   694919   240893   684857    83717   600167    40493   422363    57173   554969   153437   608273   329333   584393   197159
   197123   584417   329123   608303   153407   555119    57107   422369    40283   610157    83639   684869   240797   694997    53813   649937   324773   486407   316373   670853    26813   478937   350663   192677   507599   192263   507953   191747   507119   221069   673193    29153   383633   213599   375233    50069   646193     5009   459209    15137   616367    89849   659723   277637   642899   144887   546599    91703   370883   115589   502883
   502973   115343   371087    91583   546719   144839   642947   277547   659843    89819   616409    15083   459383     5003   646307    49823   375359   213557   383813   676919   667643   263567   307583   392477   307337   392723   307169   392927   394157   392087    32363    23087   316193   486449   324647   650183    53699   695003   240623   684923    83597   610187    40163   422459    57059   555167   153287   608423   328919   584663   197033
   197003   584873   328829   608429   153137   555287    56963   422759    39953   610409    83477   684989   240257   695069    53609   650477   324593   486539   384227    13829   353819    28817   671303    28649   671603    28289   671729    28229   672059    24659   670877   686177   315779   213467   375413    49529   646397     4937   459749    15017   616529    89597   660053   277247   643043   144719   546869    91577   371177   115133   503003
   503207   115127   371339    91397   546893   144413   643199   277217   660119    89567   616547    14897   459803     4919   646859    49523   375449   491333   304937   357659    31139   669023    30977   669113    30839   669329    30593   669869    30119   669947    22619   668813   395069   208673   324557   650483    53147   695087   240203   685109    83459   610439    39887   422789    56807   555593   153113   608609   328667   584879   196799
   196739   584993   328589   608633   153059   555683    56633   423053    39869   610619    83417   685247   239933   695117    53117   650543   323249   475877   358499   319049   381323   318629   381533   318377   381659   318299   382037   317903   382229   317453   382643   309503   380909   224129   376757    49463   646889     4889   460073    14759   616589    89387   660137   276953   643373   144323   546947    91373   371417   115013   503267
   503297   114689   371627    91163   547097   144299   643463   276833   660167    89303   616787    14669   460127     4799   646913   665747   397493    79193   217319   482753   217169   483389   216233   483827   215939   484079   215723   484607   215393   484727   215273   484853   486977   482597   302513    34259    53093   695207   239879   685337    83219   610703    39839   423173    56543   555707   152909   608843   328379   585317   196709
   196583   585413   328373   609143   152783   556007    56453   423179    39779   610733    83207   685367   239849   695327   651767    30347   313853   340649   359837   339839   360257   339413   360749   339137   361013   338669   361433   338543   361637   327209   372803   326663   373349   375707   359297   669659    48239     4679   460157    14639   616799    89273   660227   276827   643553   143999   547223    90863   371633   114593   503423
   503483   114419   371663    90833   547229   143519   643589   276707   660347    89189   616829    14369   460373     3923    14033   351479    52973   647039    52937   647189    52673   647453    52529   647489    52379   647693    52259   647753    52223   648029    51899   648239    51749   648293    50849   646937   685973   696083   239633   685637    83177   610817    39659   423299    56417   556487   152777   609173   328343   585587   196523
   196187   585677   328109   609359   152519   556763    56123   423413    39503   610919    83063   685679   239597   691463   373007    65027   635003    64919   635339    64499   635567    64403   635849    64067   635969    63857   636263    63719   636359    63599   644549    55337   644747    55217   644843    32987   634943     8543   460409    14327   616943    89087   660503   276593   643883   143243   547487    90647   371897   114329   503819
   503963   114269   371939    90599   547577   143063   643919   276503   660563    88937   616997   687107   672317   351653     8297   691763     8219   691919     8009   692099     7757   692333     7607   692423     7547   692753     7079   692963     6917   693137     6857   693179     6689   693353     6569   693533     5783   691637    27689    12899    83009   611069    39443   423503    56087   556943   152429   609407   328067   585737   196043
   195863   585839   328007   609533   152423   557027    55997   423557    39323   611189    71249     6317   133283   245627   454823   245087   454967   245033   455219   244667   455513   244403   455627   244217   455849   243857   456167   243239   456809   242867   457277   242639   457403   242453   457559   242399   457697   461147   454253   693689   628757    88817   660683   276449   644009   142979   547583    90473   371999   114167   504143
   504197   114143   372023    90407   547643   142973   644057   276389   660887   612263   591089   352133    19979   680213    19709   680453    19373   680993    18959   681089    18869   681167    18749   681293    18587   681563    18329   681719    18233   682049    17747   682277    17669   682427    17333   682679    16703   683357    16553   679883   108917    87743    39119   423617    55949   557033   152363   609599   327983   585863   195809
   195737   585917   327869   609743   152297   557057    55889   423713    39107    47093   383069    88793   611459    88523   611543    88169   611927    88037   611999    87869   612173    87629   612383    87509   612713    87083   613013    86843   613169    86753   613427    86399   613637    86243   613889    85853   614177    85619   614483    54503   611207   652913   660899   276293   644117   142949   547709    90263   372137   114089   504269
   504479   113969   372167    90227   547787   142733   644519   423749   653777   375113   105557   594569   105389   594899   104933   595157   104759   595277   104693   595547   104393   595709   103997   596027   103913   596117   103643   596423   103079   596963   102953   597209   102653   597419   102533   597599   102329   597689   102203   597899    79349   594107    46229   276257    55487   557273   152219   609779   327839   586037   195527
   195479   586073   327827   609803   152189   557309    53939   269573   352049    45953   654509    45413   654629    45263   654827    45083   655043    44777   655373    44357   655727    44249   655847    44123   656063    43853   656429    43487   656603    43397   656687    43223   656939    43013   657017    42773   657269    42683   657473    42509   657539    41879   654047   430433   646067   142697   547817    90203   372179   113933   504527
   504563   113657   372269    90197   547823   561767   632699   351563   282917   417173   282767   417293   282389   417623   282287   417839   282143   417947   282053   418073   281927   418157   281837   418199   281747   418289   281669   418343   281579   418667   281297   418763   281207   418889   280949   419147   280817   419303   280589   419423   280547   419597   280229   416873    67307   138239   152183   609809   327737   586349   195443
   195413   586493   327707   609989   548837   129287   357509    63473   636539    63443   636653    63197   636947    62939   637079    62723   637319    62627   637409    62507   637529    62297   637787    62189   638303    61583   638453    61547   638663    61007   639053    60923   639137    60737   639563    60317   639713    60167   639857    59999   640049    59879   640259    54269   636473   570719   151169    90017   372299   113513   504593
   504599   113417   372377   615497   140639   352193   151967   548069   151883   548189   151643   548399   151553   548489   151253   548843   151049   549503   150497   549533   150383   549683   150299   549719   150239   550139   149837   550289   149627   550427   149399   550757   149069   550973   148913   551339   148517   551549   148193   551849   148079   551933   147977   552179   147689   548003   559367    84509   327629   586589   195407
   195389   586679   372689    52859   354779   160877   539267   160697   539507   160373   539639   160343   539687   160169   539843   159857   540167   159833   540233   159737   540377   159623   540389   159569   540599   159293   540773   159227   540989   158909   541349   158567   541469   158429   541613   158243   541817   157889   542183   157799   542237   157559   542483   157427   542747   154523   539039   647147   327317   113327   504617
   504677   596789   355853   374117    99713   600317    99347   600689    99173   600857    99023   601043    98939   601079    98627   601487    98123   601949    97973   602039    97919   602333    97553   602543    97379   602639    97007   603047    96857   603209    96779   603257    96443   603947    96017   604223    95747   604613    95279   604733    95219   604829    95009   605117    94613   605477    73613   600239   344153   103217   195329
   506843    91019   313727   338237   361793   338207   361973   338027   362099   337859   362213   337697   362657   337313   362723   336989   363119   336857   363179   336689   363569   336239   363947   336029   364127   335813   364313   335669   364373   335507   364883   335009   365129   334793   365369   334493   365627   334247   366077   333779   366269   333719   366293   333623   366467   333323   366983   371387   361727   608987   193163
   482099   354533   123803   576287   123707   576683   122963   577067   122609   577427   122489   577529   122393   577739   122207   577937   122027   578117   121697   578399   121553   578483   121469   578603   121313   578777   121007   579107   120767   579503   120473   579707   120293   579773   119747   580373   119627   580577   119243   580919   118907   581333   118457   581597   118343   581729   118253   581843   116639   576119   217907
    52889   205619   494519   205397   494687   205307   494783   205157   494873   205103   494987   204887   495149   204557   495563   204437   495629   204359   495707   204233   495899   204059   495959   204023   496007   203843   496343   203579   496889   203057   497117   202667   497597   202403   497663   202277   497957   201953   498209   201449   498647   201203   499139   200723   499349   200609   499493   200483   499649   499973   494093
