   204557   495563   204437   495629   204359   495707   204233   495899   204059   495959   204023   496007   203843   496343   203579   496889   203057   497117   202667   497597   202403   497663   202277   497957   201953   498209   201449   498647   201203   499139   200723   499349   200609   499493   200483   499649   200153   499943   200033   500153   199673   500369   199523   500519   199403   500693   199049   501029   198929   196187   651767
   501173   122207   577937   122027   578117   121697   578399   121553   578483   121469   578603   121313   578777   121007   579107   120767   579503   120473   579707   120293   579773   119747   580373   119627   580577   119243   580919   118907   581333   118457   581597   118343   581729   118253   581843   117989   582167   117833   582209   117779   582509   117443   582677   117269   582767   117119   582983   116993   584027   346223   198833
   198719   583139   336989   363119   336857   363179   336689   363569   336239   363947   336029   364127   335813   364313   335669   364373   335507   364883   335009   365129   334793   365369   334493   365627   334247   366077   333779   366269   333719   366293   333623   366467   333323   366983   332987   367277   332699   367559   332393   367733   332183   367889   331907   368117   331553   368729   331217   369353   346043   116867   501287
   501317   116639   369023    98057   602033    97967   602087    97673   602453    97463   602627    97367   602999    96959   603149    96797   603227    96749   603563    96059   603989    95783   604259    95393   604727    95273   604787    95177   604997    94889   605393    94529   605543    94433   605609    94169   606083    93893   606323    93563   606449    93503   606527    93419   606743    93047   607307   347099   330983   583367   198689
   198623   583469   330887   607049   159839   540173   159773   540269   159629   540383   159617   540437   159407   540713   159233   540779   159017   541097   158657   541439   158537   541577   158393   541763   158189   542117   157823   542207   157769   542447   157523   542579   157259   542873   157019   542999   156719   543299   156623   543539   156347   543887   155783   544259   155087   547577   345473    92957   369119   116537   501383
   501503   116483   369419    92849   544937   151049   549503   150497   549533   150383   549683   150299   549719   149867   550169   149717   550379   149579   550607   149249   550937   149033   551093   148667   551489   148457   551813   148157   551927   148073   552029   147827   552263   147689   552659   147299   552809   147107   552917   146933   553229   146543   553529   146423   575669   325319   155069   607157   330587   583523   198503
   198413   583619   330359   607253   155027   553589    62507   637529    62297   637787    62189   638303    61583   638453    61547   638663    61007   639053    60923   639137    60737   639563    60317   639713    60167   639857    59999   640049    59879   640259    59699   640589    59393   640649    59273   640847    59063   641093    58727   641327    58427   641639    58217   642623   347033   146417   544979    92753   369647   116387   501593
   501659   116279   369659    92669   545063   146273   641813   281933   418079   281849   418169   281807   418259   281717   418337   281663   418427   281339   418709   281243   418799   281117   419057   280859   419189   280703   419417   280583   419459   280409   419753   280229   420029   279857   420317   279413   420599   279329   420737   279203   420977   278903   423503   346139    58193   553733   154943   607337   330347   583727   198347
   198179   583733   330047   607349   154619   553757    58109   421163    44279   655757    44159   655883    43943   656153    43577   656519    43403   656609    43319   656783    43067   656993    42989   657233    42737   657323    42533   657497    42467   657707    42227   657809    42179   657983    41927   658127    41759   658277    41687   658379    41603   669869   337349   278843   641897   146249   545387    92657   369959   116273   501827
   502043   116009   370133    92489   545483   145799   642197   278609   658487   103979   596093   103889   596363   103583   596789   103079   596963   102953   597209   102653   597419   102533   597599   102329   597689   102203   597899   102077   598007   101957   598127   101627   598643   101279   598799   100937   599153   100733   599303   100493   599663   348077    41519   421397    57809   554207   154523   607517   329873   583997   197963
   197927   584153   329789   607619   154247   554303    57773   421517    41399   599537    86993   613163    86837   613253    86399   613637    86243   613889    85853   614177    85619   614483    85313   614759    84869   615269    84533   615497    84467   615557    84407   615617    84263   615767    84179   615869    83933   616103    83777   618929   346439   100469   658607   278489   642233   145703   545759    92387   370217   115853   502079
   502247   115823   370613    92237   545933   145589   642419   278363   658649   100403   616289    18443   681677    18287   681773    17957   682259    17729   682337    17579   682673    17327   683303    16649   683453    16529   683513    16319   683777    16223   683789    16187   683909    16073   683939    15887   684239    15737   684647   347873    83717   599603    41357   421643    57587   554417   154073   607769   329393   584183   197759
   197597   584249   329387   608273   154067   554573    57269   421727    41189   599693    83639   684773   243839   456767   243197   457139   242729   457367   242603   457553   242447   457607   242309   457913   241979   458123   241817   458327   241643   458543   241343   458669   241259   458879   241049   458993   240959   464129   342899    15233   616367   100313   658817   278279   642737   145433   545939    91733   370619   115757   502409
   502499   115727   370673    91703   546053   145307   642833   278063   659159    99839   616409    15149   459113     7079   692963     6917   693137     6857   693179     6689   693353     6569   693533     6329   693683     6317   693743     6197   694019     5813   694223     5693   694349     5639   694487     5483   694997   348827   240893   684857    83597   600167    40847   421943    57173   554699   153953   608303   329333   584279   197507
   197453   584393   329123   608423   153743   554747    57107   422087    40829   600293    83477   684869   240797   694619    63473   636539    63443   636653    63059   637067    62927   637283    62687   637379    62597   645683    54293   645737    54167   646013    53939   646193    53699   646397    53147   649457   338237     5387   459209    15137   616529    99713   659177   277919   642899   145259   546263    91583   370883   115613   502553
   502847   115589   371087    91577   546317   145253   642947   277757   659423    99689   616547    15083   459383     5087   646889    51899   648239    51749   648293    51329   648719    51203   649157    50789   649283    50627   649619    50363   649799    50177   649877    50069   650183    49529   655373   343787    53117   694919   240623   684923    83459   600317    40583   422249    57059   554753   153689   608429   328919   584417   197159
   197123   584663   328829   608609   153437   554969    56963   422363    40493   600659    83417   684989   240257   695003    53093   650483   338207   361973   338027   362099   337859   362213   337697   362693   337283   374789   325187   374987   324977   375113   324773   375359   324593   320339   391889    49523   646913     5003   459749    15017   616589    99347   659513   277643   643043   145037   546569    91397   371177   115343   502883
   502973   115133   371339    91373   546599   144887   643199   277637   659723    99317   616787    14897   459803     4937   646937    49463   375449   214943   485123   214589   485447   214463   485567   213953   486119   213827   486293   213599   486449   213467   486677   213209   212999   623327   324557   650543    53069   695069   240203   685109    83219   600689    40283   422369    56807   555119   153407   608633   328667   584873   197033
   197003   584879   328619   608843   153287   555167    56633   422459    40163   600833    83207   685247   239933   695087    52973   650813   324497   486833   317123   382919   316937   383099   316859   383153   316703   383429   316373   383813   316097   383969   315977   392087   341507   213173   375509    49193   647033     4919   460073    14759   616799    99173   659843   277547   643373   144839   546719    91163   371387   115127   503003
   503207   115013   371417    91019   546869   144719   643463   277247   660053    99023   616829    14669   460127     4889   647039    49019   375533   213029   384107    29429   670583    29387   670673    29243   670853    29129   671189    28703   671357    28403   673157   347933   315899   486977   324473   650987    52967   695117   239879   685337    83177   600983    39953   422759    56543   555287   153137   608987   328589   584993   196799
   196739   585317   328379   609143   153113   555593    56453   422789    39887   601043    83063   685367   239849   695207    52937   651017   324437   487133   315893   671717    26987   673193    26783   673247    26693   673613    26387   673649    26339   674699   348443    28289   384113   212873   375569    48989   647069     4799   460157    14639   616943    98963   660119   277217   643553   144413   546893    90863   371627   114689   503267
   503297   114593   371633    90833   546947   144323   643589   276953   660137    98939   616997    14369   460373     4679   647117    48767   375707   212579   384203    28277   673769   306149   393977   305999   394073   305849   394223   305639   300869   443249    26237   671729   315803   487427   324299   651239    52889   695327   239633   685637    83009   601067    39869   423053    56417   555683   153059   609173   328373   585413   196709
   196583   585587   328343   609359   152909   555707    56123   423173    39839   601079    82757   685679   239597   695369    52859   651473   323957   487637   315779   671777    26189   394409   190979   509297   190613   509429   190529   510767   348407   305597   673817    28229   384227   212369   376049    48533   647147     4637   460409    14327   617249    98927   660167   276833   643883   144299   547097    90647   371663   114419   503423
   503483   114329   371897    90599   547223   143999   643919   276827   660227    98627   617387    14033   460463     4229   647189    48497   376127   212297   384407    27947   674117   305483   509603   303473   396629   303293   302747   443873   190403   394523    25889   672059   315599   487709   323879   651509    52817   695777   239543   685973    82619   601379    39779   423179    56087   556007   152783   609407   328109   585677   196523
   196043   585737   328067   609533   152777   556487    55997   423299    39659   601487    82559   686009   239417   695867    52673   651809   323699   487889   315569   672227    25847   394529   190313   396719    22367   678599   349043   303287   509693   305477   674159    27779   384437   212117   376307    48197   647333     4139   460589    13997   617447    98519   660347   276707   644009   143519   547229    90473   371939   114269   503963
   504143   114167   371999    90407   547487   143243   644057   276593   660503    98123   617537    13967   460619     4133   647453    47777   376469   211997   384479    27689   674273   305369   509723   302723   676679   350003    23327   397283   190283   394637    25733   672317   315527   488009   323537   652229    52553   695873   239387   686039    82469   601883    39503   423413    55949   556763   152519   609599   328007   585839   195863
   195809   585863   327983   609743   152423   556943    55889   423557    39443   611483    82349   686099   239333   695879    52529   652493   323249   488057   315407   672557    25643   394643   512537   490967   350963    21407   677639   209039   187469   305363   674363    27449   384599   211949   376757    47513   647477     4127   460673    13907   617657    88523   660563   276449   644117   143063   547583    90263   372023   114143   504197
   504269   114089   372137    90227   547643   142979   644519   276389   660683    88169   617699    13829   460709     4079   647489    47339   377129   211493   384737    27239   674483   407489   185267   256133   303377   396713   397259   396533   514739   292517    25523   672767   315269   488513   322877   652667    52517   695927   239297   686177    82307   611837    39323   423617    55487   557027   152363   609779   327869   585917   195737
   195527   586037   327839   609803   152297   557033    55457   423713    39119   611927    82163   686453   239087   695999    52379   652727   322859   488573   315179   672827   675083   385199   351599   190709   509393   190577   509477   189239   509027   314807    24923    27179   384827   211433   377147    47279   647627     4007   460919    13553   617843    88079   660887   276293   644549   142973   547709    90203   372167   113969   504479
   504527   113933   372179    90197   547787   142949   644669   276257   660893    88037   618053    13487   460937     3929   647693    47093   377393   211403   385079   672863    22079   256757   306029   394007   305933   394157   305783   394367   399137   393857   677927    27143   314927   488603   322613   652913    52313   696077   239069   686519    81953   611969    39113   423749    55337   557057   152219   609809   327827   586073   195479
   195443   586349   327737   609989   152189   557273    55259   423869    39107   611999    81749   686639   239027   696083    52259   653117   322463   488633   385817    23417   351563    26813   673223    26759   673313    26393   673619    26357   673667    25307   673019   676589   314189   211373   377543    46889   647747     3923   460979    13367   618257    88007   660899   276137   644747   142733   547817    90017   372269   113657   504563
   504593   113513   372299    89849   547823   142697   644789   275999   660917    87869   618269    13337   461147     3767   647753    46853   377687   489743   303767   352073    29423   670619    29333   670763    29153   670877    28817   671303    28649   671603    26849   670577   396239   210263   322319   653153    52253   696239   238859   686669    81737   612137    39089   424007    55217   557309   152183   610157   327707   586493   195413
   195407   586589   327629   610187   152003   557537    55163   424019    39023   612173    81677   686789   238709   696413    52223   653357   320219   481133   358499   317087   383069   316907   383147   316853   383303   316577   383633   316193   383909   316037   384029   307919   382883   218873   379787    46649   647783     3593   461297    13217   618329    87833   660983   275987   644843   142469   548003    89819   372377   113417   504599
   504617   113327   372689    89597   548039   142433   644933   275969   661103    87743   618377    13163   461333     3389   648029   654509   406859    76679   214883   485417   214559   485543   214439   486053   213887   486179   213713   486407   213557   486539   213329   486797   487007   485063   293147    45497    51977   696617   238673   686843    81629   612263    38903   424037    55073   557573   151967   610409   327317   586679   195389
   195329   586793   327209   610439   151937   557789    54983   424169    38867   612377    81569   686879   238499   696659    47507    35339   308117   338033   361979   337907   362147   337793   362309   337313   362723   325217   374819   325019   375029   324893   375233   324647   375413   379667   361799   664667   652499     3347   461507    13127   618437    87629   661139   275837   645023   142217   548069    89567   372797   113213   504677
   504929   113027   372803    89387   548123   142019   645137   275783   661259    87623   618707    13109   461609   349967   629807   356219    51767   648257    51713   648677    51287   648803    50849   649217    50723   649379    50387   649643    50207   649829    50129   649937    49823   650477    44633   648107    70199   350039   238397   686897    81299   612383    38747   424223    54869   557987   151883   610619   327203   586979   195077
   195053   587087   326999   610703   151817   558203    54773   424433    38567   612497    81173   686963   463787   346547   361769    63467   636563    63353   636947    62939   637079    62723   637319    62627   637409    54323   645713    54269   645839    53993   646067    53813   646307    53609   646859    50549   636533   353459   236219    13043   618833    87509   661439   275573   645233   141803   548189    89303   373007   112919   504953
   504983   112787   373343    89273   548363   141719   645383   275459   661547    87293   619187   687737   225227   351179     7043   693089     6869   693149     6827   693317     6653   693437     6473   693677     6323   693689     6263   693809     5987   694193     5783   694313     5657   694367     5519   694523     5009   692927   474779    12269    80819   612713    38459   424547    54623   558287   151643   610733   326663   587219   195023
   194933   587417   326657   610817   151607   558497    54563   424559    38453   612923   626333     5927   357107   243239   456809   242867   457277   242639   457403   242453   457559   242399   457697   242093   458027   241883   458189   241679   458363   241463   458663   241337   458747   241127   458957   241013   459047   235877   456167   694079    73673    87083   661553   275447   645443   141509   548399    89189   373349   112589   505073
   505139   112577   373859    89087   548453   141443   645467   275339   661613   613427    65327   352133    18329   681719    18233   682049    17747   682277    17669   682427    17333   682679    16703   683357    16553   683477    16493   683687    16229   683783    16217   683819    16097   683933    16067   684119    15767   684269    15359   681563   634679    86579    38393   424667    54539   558563   151553   610919   326147   587429   194867
   194819   587603   326063   611069   151517   558827    54503   424967   662357    70067   353567    86843   613169    86753   613607    86369   613763    86117   614153    85829   614387    85523   614693    85247   615137    84737   615473    84509   615539    84449   615599    84389   615743    84239   615827    84137   616073    83903   616229    81077   613013   629939    37649   275039   645503   141179   548489    88937   373943   112403   505187
   505277   112337   374063    88817   548753   140939   645629   430487    20399   351929   103913   596117   103643   596423   103217   596927   103043   597053   102797   597353   102587   597473   102407   597677   102317   597803   102107   597929   101999   598049   101879   598379   101363   598727   101207   599069   100853   599273   100703   599513   100343   596027   679607   269519    54377   559067   151253   611189   325943   587669   194729
   194723   587753   325889   611207   151169   559277    53849   260717   362657    44249   655847    44123   656063    43853   656429    43487   656603    43397   656687    43223   656939    43013   657017    42773   657269    42683   657473    42509   657539    42299   657779    42197   657827    42023   658079    41879   658247    41729   658319    41627   658403    30137   655727   439289   646157   140729   548837    88799   374117   112253   505283
   505319   112019   374123    88793   548843   559367   636809   353867   281927   418157   281837   418199   281747   418289   281669   418343   281579   418667   281297   418763   281207   418889   280949   419147   280817   419303   280589   419423   280547   419597   280253   419777   279977   420149   279689   420593   279407   420677   279269   420803   279029   421103   276503   418073    63197   140639   151163   611213   325883   587987   194687
   194483   588113   325673   611459   549767   108179   352973    62477   637709    62219   637817    61703   638423    61553   638459    61343   638999    60953   639083    60869   639269    60443   639689    60293   639839    60149   640007    59957   640127    59747   640307    59417   640613    59357   640733    59159   640943    58913   641279    58679   641579    58367   641789    57383   637499   591827   150239    88547   374333   111893   505523
   505919   111833   374399    88463   139067   374687   150503   549509   150473   549623   150323   549707   150287   550139   149837   550289   149627   550427   149399   550757   149069   550973   148913   551339   148517   551549   148193   551849   148079   551933   147977   552179   147743   552317   147347   552707   147197   552899   147089   553073   146777   553463   146477   553583   124337   548957   560939   611543   325607   588173   194087
   194057   588239   377297   600857   354533   159833   540233   159737   540377   159623   540389   159569   540599   159293   540773   159227   540989   158909   541349   158567   541469   158429   541613   158243   541817   157889   542183   157799   542237   157559   542483   157427   542747   157133   542987   157007   543287   156707   543383   156467   543659   156119   544223   155747   544919   152429   540167    99149   322709   111767   505949
   505979   588383   309599   352907    97973   602039    97919   602333    97553   602543    97379   602639    97007   603047    96857   603209    96779   603257    96443   603947    96017   604223    95747   604613    95279   604733    95219   604829    95009   605117    94613   605477    94463   605573    94397   605837    93923   606113    93683   606443    93557   606503    93479   606587    93263   606959    92699   601949   390407   111623   194027
   508817    99767   353963   336887   363149   336827   363317   336437   363767   336059   363977   335879   364193   335693   364337   335633   364499   335123   364997   334877   365213   334637   365513   334379   365759   333929   366227   333737   366287   333713   366383   333539   366683   333023   367019   332729   367307   332447   367613   332273   367823   332117   368099   331889   368453   331277   368789   330653   363017   600239   191189
   484613   353783   122069   577979   121889   578309   121607   578453   121523   578537   121403   578693   121229   578999   120899   579239   120503   579533   120299   579713   120233   580259   119633   580379   119429   580763   119087   581099   118673   581549   118409   581663   118277   581753   118163   582017   117839   582173   117797   582227   117497   582563   117329   582737   117239   582887   117023   583013   115979   577799   215393
    48239   204443   495569   204377   495647   204299   495773   204107   495947   204047   495983   203999   496163   203663   496427   203117   496949   202889   497339   202409   497603   202343   497729   202049   498053   201797   498557   201359   498803   200867   499283   200657   499397   200513   499523   200357   499853   200063   499973   199853   500333   199637   500483   199487   500603   199313   500957   198977   501077   503819   495449
