   204887   495149   204557   495563   204437   495629   204359   495707   204233   495899   204059   495959   204023   496007   203843   496343   203579   496889   203057   497117   202667   497597   202403   497663   202277   497957   201953   498209   201449   498647   201203   499139   200723   499349   200609   499493   200483   499649   200153   499943   200033   500153   199673   500369   199523   500519   199403   500693   199049   198719   649157
   501029   122393   577739   122207   577937   122027   578117   121697   578399   121553   578483   121469   578603   121313   578777   121007   579107   120767   579503   120473   579707   120293   579773   119747   580373   119627   580577   119243   580919   118907   581333   118457   581597   118343   581729   118253   581843   117989   582167   117833   582209   117779   582509   117443   582677   117269   582767   117119   602087   328007   198977
   198929   582983   337697   362657   337313   362723   336989   363119   336857   363179   336689   363569   336239   363947   336029   364127   335813   364313   335669   364373   335507   364883   335009   365129   334793   365369   334493   365627   334247   366077   333779   366269   333719   366293   333623   366467   333323   366983   332987   367277   332699   367559   332393   367733   332183   367889   331907   331553   383069   117023   501077
   501173   116993   368117    98627   601487    98123   601949    97973   602039    97673   602453    97463   602627    97367   602999    96959   603149    96797   603227    96749   603563    96059   603989    95783   604259    95393   604727    95273   604787    95177   604997    94889   605393    94529   605543    94433   605609    94169   606083    93893   606323    93563   606449    93503   606527    93419   609173   344969   331889   583013   198833
   198689   583139   331277   606743   159857   540167   159833   540233   159737   540377   159623   540389   159569   540599   159293   540773   159227   540989   158909   541349   158567   541469   158429   541613   158243   541817   157889   542183   157799   542237   157559   542483   157427   542747   157133   542987   157007   543287   156707   543383   156467   543659   156119   544223   155747   547817   344207    93263   368729   116867   501317
   501383   116639   368789    93047   544919   151163   548957   150503   549509   150473   549623   150323   549707   150287   549767   149867   550169   149717   550427   149399   550757   149069   550973   148913   551339   148517   551549   148193   551849   148079   551933   147977   552179   147743   552317   147347   552707   147197   552899   147089   553073   146777   553463   146477   554303   347513   155087   606959   331217   583367   198623
   198503   583469   330983   607049   155069   553583    62627   637409    62507   637529    62297   637787    62189   638303    61583   638453    61547   638663    61007   639053    60923   639137    60737   639563    60317   639713    60167   639857    59999   640049    59879   640259    59699   640589    59393   640649    59273   640847    59063   641093    58727   641327    58427   642419   347057   146423   544937    92957   369023   116537   501503
   501593   116483   369119    92849   544979   146417   641639   282053   418073   281927   418157   281837   418199   281747   418289   281669   418343   281579   418667   281297   418763   281207   418889   280949   419147   280817   419303   280589   419423   280547   419597   280253   419777   279977   420149   279689   420593   279407   420677   279269   420803   279029   277637   491783    58367   553589   155027   607157   330887   583523   198413
   198347   583619   330653   607253   154943   553733    58217   421103    44633   655649    44279   655757    44159   655883    43943   656153    43577   656603    43397   656687    43223   656939    43013   657017    42773   657269    42683   657473    42509   657539    42299   657779    42197   657827    42023   658079    41879   658247    41729   658319    41627   659843   347099   278903   641789   146273   545063    92753   369353   116387   501659
   501827   116279   369419    92699   545387   146249   641813   278843   658403   103997   596027   103913   596117   103643   596423   103217   596927   103043   597053   102797   597353   102587   597473   102407   597677   102317   597803   102107   597929   101999   598049   101879   598379   101363   598727   101207   599069   100853   599273   100703   634859   312929    41603   421163    58193   553757   154619   607307   330587   583727   198179
   197963   583733   330359   607337   154523   554207    58109   421397    41519   599513    87293   612923    86993   613163    86837   613253    86579   613607    86369   613763    86117   614153    85829   614387    85523   614693    85247   615137    84737   615473    84509   615539    84449   615599    84389   615743    84239   615827    84137   617447   346139   100493   658487   278609   641897   145799   545483    92669   369647   116273   502043
   502079   116009   369659    92657   545759   145589   642197   278489   658607   100469   616073    18713   681419    18443   681677    18287   681773    17957   682259    17729   682337    17579   682673    17327   683303    16649   683453    16529   683513    16319   683777    16223   683789    16187   683909    16073   683939    15887   686177   346187    83933   599537    41399   421517    57809   554417   154247   607349   330347   583997   197927
   197759   584027   330047   607517   154073   554573    57773   421643    41357   599603    83903   684239   244379   455789   244157   456149   243839   456767   243197   457139   242729   457367   242603   457553   242447   457607   242309   457913   241979   458123   241817   458327   241643   458543   241343   458669   241259   240797   565637    15767   616103   100403   658649   278363   642233   145433   545933    92489   369959   115979   502247
   502409   115853   370133    92387   545939   145307   642623   278279   658817   100343   616229    15737   458879     7253   692927     7043   693089     6869   693149     6827   693317     6653   693437     6473   693677     6323   693689     6263   693809     5987   694079     5813   694223     5693   694349     5639   695087   348407   241127   684269    83777   599663    41189   421727    57383   554699   154067   607619   329873   584153   197597
   197507   584183   329789   607769   153953   554747    57269   421943    40847   599693    83717   684647   241049   694487    63647   636407    63533   636533    63467   636563    63353   636809    63059   637067    62927   637283    62687   645503    54377   645683    54293   645737    54167   646013    53939   648029   338993     5519   458957    15359   616289   100313   659159   278063   642737   145259   546053    92237   370217   115823   502499
   502553   115757   370613    91733   546263   145253   642833   277919   659177    99839   616367    15233   458993     5483   646157    52259   647753    51899   648239    51749   648293    51329   648719    51203   649217    50723   649379    50549   649619    50363   649799    50177   649877    50069   652499   346349    53849   694523   241013   684773    83639   600167    40829   422087    57173   554753   153743   608273   329393   584249   197453
   197159   584279   329387   608303   153689   554969    57107   422249    40583   600239    83597   684857   240959   694619    53813   650183   338543   361637   338279   361769   338213   361799   338033   361979   337907   362147   337793   374333   325607   374687   325217   374819   325019   324299   387977    49823   646193     5387   459047    15149   616409    99767   659423   277757   642899   145037   546317    91703   370619   115727   502847
   502883   115613   370673    91583   546569   144887   642947   277643   659513    99713   616529    15137   459113     5087   646307    49529   375029   215399   484613   215279   484733   215153   485063   214883   485417   214559   485543   214439   486053   213887   486179   213713   489449   345689   324977   650477    53699   694919   240893   684869    83477   600293    40493   422363    57059   555119   153437   608423   329333   584393   197123
   197033   584417   329123   608429   153407   555167    56963   422459    40283   600317    83459   684923   240623   694997    53609   650483   324893   486407   317903   382229   317453   382643   317279   382847   317123   382919   316907   383147   316853   383303   316577   315569   417293   213599   375113    49523   646397     5009   459383    15083   616547    99689   659723   277547   643043   144839   546599    91577   370883   115589   502973
   503003   115343   371087    91397   546719   144719   643199   277247   660053    99347   616589    15017   459749     5003   646859    49463   375233   213557   383633    30119   669947    29789   670343    29429   670583    29387   670673    29243   670853    29129   671717   348827   316373   486449   324773   650543    53147   695003   240257   684989    83417   600659    39953   422759    56807   555287   153287   608609   328919   584663   197003
   196799   584873   328829   608633   153137   555593    56633   422789    39887   600689    83219   685109   240203   695069    53117   650813   324647   486539   316193   671189    27239   672827    26987   673157    26813   673223    26759   673313    26393   674879   348443    28817   383813   213467   375359    49193   646889     4937   459803    14897   616787    99317   660119   277217   643373   144413   546869    91373   371177   115133   503207
   503267   115127   371339    91163   546893   144323   643463   276953   660137    99173   616799    14759   460073     4889   646913    49019   375413   213329   383909    28703   673619   306533   393587   306377   393677   306209   393857   306029   302579   441179    26387   671303   316097   486677   324593   650987    53093   695117   239933   685247    83207   600833    39869   423053    56543   555683   153113   608843   328667   584879   196739
   196709   584993   328619   608987   153059   555707    56453   423173    39839   600857    83177   685337   239879   695207    53069   651017   324557   486797   316037   671357    26357   394007   191507   508709   191189   508973   190979   183317   675347   305999   673649    28649   383969   213209   375449    48989   646937     4799   460127    14669   616829    99149   660167   276833   643553   144299   546947    91019   371387   115013   503297
   503423   114689   371417    90863   547097   143999   643589   276827   660227    99023   616943    14639   460157     4679   647033    48767   375509   213173   384029    28403   673667   305933   509297   303803   396239   303713   398303   347957   190709   394073    26339   671603   315977   486833   324497   651239    52973   695327   239849   685367    83063   600983    39779   423179    56417   556007   152909   609143   328589   585317   196583
   196523   585413   328379   609359   152783   556487    56123   423299    39659   601043    83009   685637   239633   695369    52967   651473   324473   486977   315899   671729    26189   394157   190613   396323    22367   678599   349043   303683   509393   305849   673817    28277   384107   213029   375533    48533   647039     4637   460373    14369   616997    98963   660347   276707   643883   143519   547223    90647   371627   114593   503483
   503819   114419   371633    90599   547229   143243   643919   276593   660503    98939   617249    14327   460409     4229   647069    48497   375569   212999   384113    27947   674117   305783   509429   303053   676679   350003    23327   396953   190577   394223    25889   672059   315893   487007   324437   651509    52937   695777   239597   685679    82757   601067    39503   423413    56087   556763   152777   609407   328373   585587   196187
   196043   585677   328343   609533   152519   556943    55997   423503    39443   601079    82619   685973   239543   695867    52889   651767   323957   487133   315803   672227    25847   394367   509693   394787   350963    21407   677639   305219   190313   305639   674159    27779   384203   212873   376049    48239   647117     4139   460463    14033   617387    98927   660563   276503   644009   143063   547487    90473   371663   114329   503963
   504143   114269   371897    90407   547577   142979   644057   276449   660683    88793   617537    13997   460589     4133   647189    48197   376127   212579   384227    27689   674273   397493   514823   352049   303767   396293   301703   396203   185183   302513    25733   672317   315779   487427   323879   651809    52817   695873   239417   686009    82469   611213    39323   423557    55949   557027   152429   609599   328109   585737   195863
   195809   585839   328067   609743   152423   557033    55889   423617    39119   611459    82349   686039   239387   695879    52673   652229   323699   487637   315599   672557   675083   392927    24659   191297   508817   191033   509027   516689   508499   307079    24923    27449   384407   212369   376307    47777   647333     4127   460619    13967   617657    88547   660887   276389   644117   142973   547583    90263   371939   114167   504197
   504269   114143   372023    90227   547643   142949   644519   276293   660893    88523   617699    13907   460673     4079   647453    47513   376469   212297   384479   672863    22079   258827   306419   393629   306329   393797   306149   393977   397427   393473   677927    27143   315527   487709   323537   652493    52553   695927   239333   686099    82307   611483    39113   423713    55487   557057   152363   609779   327983   585863   195737
   195527   585917   327869   609803   152297   557273    55457   423749    39107   611543    82163   686453   239297   695999    52529   652667   323249   487889   384599    24077   351563    27179   673019    26849   673193    26783   673247    26693   673613    25127   672767   675929   315407   212117   376757    47339   647477     4007   460709    13553   617843    88463   660899   276257   644549   142733   547709    90203   372137   114089   504479
   504527   113969   372167    90197   547787   142697   644669   276137   660917    88169   618053    13487   460919     3929   647489    47279   377129   211433   380909   351179    30059   670217    29663   670577    29423   670619    29333   670763    29153   670877    28289   669887   319097   488573   322877   652727    52517   696077   239087   686519    81953   611837    39089   423869    55337   557309   152219   609809   327839   586037   195479
   195443   586073   327827   609989   152183   557537    55259   424007    39023   611927    81749   686639   239069   696083    52379   652913   322463   481589   282713   317777   382553   317363   382727   317159   382883   317087   383099   316859   383153   316703   383429   384437   382103   218417   377543    47093   647627     3923   460937    13367   618257    88079   660983   275999   644747   142469   547823    90017   372179   113933   504563
   504593   113657   372269    89849   548003   142433   644789   275987   661103    88037   618269    13337   460979     3767   647693   664109   401069   354317   215393   484727   215273   484853   214943   485123   214589   485447   214463   485567   213953   486119   213827   486293   210557   484607   298937    35897    52313   696239   239027   686669    81737   611969    38903   424019    55217   557573   152003   610157   327737   586349   195413
   195407   586493   327707   610187   151967   557789    55163   424037    38867   611999    81677   686789   238859   696413    52223    28229   312029   338369   361727   338237   361793   338207   361973   338027   362099   337859   362213   325673   374399   325319   374789   325187   374987   375707   361463   671777   647783     3593   461147    13217   618329    88007   661139   275969   644843   142217   548039    89819   372299   113513   504599
   504617   113417   372377    89597   548069   142019   644933   275837   661259    87869   618377    13163   461297   349913   625979   353657    52253   648107    51767   648257    51713   648677    51287   648803    50789   649283    50627   649457    50387   649643    50207   649829    50129   649937    47507   647747    74027   350093   238709   686843    81629   612137    38747   424169    55073   557987   151937   610409   327629   586589   195389
   195329   586679   327317   610439   151883   558203    54983   424223    38567   612173    81569   686879   237233   346043   361013    63599   636473    63473   636539    63443   636653    63197   636947    62939   637079    62723   637319    54503   645629    54323   645713    54269   645839    53993   646067    51977   636359   353963   462773    13127   618437    87833   661439   275783   645023   141803   548123    89567   372689   113327   504677
   504929   113213   372797    89387   548189   141719   645137   275573   661547    87743   618707    12227   673769   351599     7079   692963     6917   693137     6857   693179     6689   693353     6569   693533     6329   693683     6317   693743     6197   694019     5927   694193     5783   694313     5657   694367     4919   692753    26237   687779    81299   612263    38459   424433    54869   558287   151817   610619   327209   586793   195077
   195053   586979   327203   610703   151643   558497    54773   424547    38453   612383   620237   679067   134369   244217   455849   243857   456167   243239   456809   242867   457277   242639   457403   242453   457559   242399   457697   242093   458027   241883   458189   241679   458363   241463   458663   241337   458747   459209   455627    20939    79769    87623   661553   275459   645233   141509   548363    89303   372803   113027   504953
   504983   112919   373007    89273   548399   141443   645383   275447   661613    87509    71069   353819    18587   681563    18329   681719    18233   682049    17747   682277    17669   682427    17333   682679    16703   683357    16553   683477    16493   683687    16229   683783    16217   683819    16097   683933    16067   684119    13829   681293   628937   612497    38393   424559    54623   558563   151607   610733   326999   587087   195023
   194933   587219   326663   610817   151553   558827    54563   424667   662693   571019   353867    87083   613013    86843   613169    86753   613427    86399   613637    86243   613889    85853   614177    85619   614483    85313   614759    84869   615269    84533   615497    84467   615557    84407   615617    84263   615767    84179   615869    82559   612713   128987    37313   275339   645443   141179   548453    89189   373343   112787   505073
   505139   112589   373349    89087   548489   140939   645467   425297    29867   387077   103979   596093   103889   596363   103583   596789   103079   596963   102953   597209   102653   597419   102533   597599   102329   597689   102203   597899   102077   598007   101957   598127   101627   598643   101279   598799   100937   599153   100733   599303    65147   596009   670139   274709    54539   559067   151517   610919   326657   587417   194867
   194819   587429   326147   611069   151253   559277   647147   411617   352907    44357   655727    44249   655847    44123   656063    43853   656429    43403   656609    43319   656783    43067   656993    42989   657233    42737   657323    42533   657497    42467   657707    42227   657809    42179   657983    41927   658127    41759   658277    41687   658379    40163   655373   288389    52859   140729   548753    88937   373859   112577   505187
   505277   112403   373943    88817   548837   560039    43487   208223   281933   418079   281849   418169   281807   418259   281717   418337   281663   418427   281339   418709   281243   418799   281117   419057   280859   419189   280703   419417   280583   419459   280409   419753   280229   420029   279857   420317   279413   420599   279329   420737   279203   420977   422369   417953   656519   139967   151169   611189   326063   587603   194729
   194723   587669   325943   611207   149627   129119   352949    62597   637499    62477   637709    62219   637817    61703   638423    61553   638459    61343   638999    60953   639083    60869   639269    60443   639689    60293   639839    60149   640007    59957   640127    59747   640307    59417   640613    59357   640733    59159   640943    58913   641279    58679   641579    57587   637379   570887   550379    88799   374063   112337   505283
   505319   112253   374117   612377   537743   352493   151049   549503   150497   549533   150383   549683   150299   549719   150239   550139   149837   550289   149579   550607   149249   550937   149033   551093   148667   551489   148457   551813   148157   551927   148073   552029   147827   552263   147689   552659   147299   552809   147107   552917   146933   553229   146543   553529   145703   548843   162263    87629   325889   587753   194687
   194483   587987   325883    75407   355799   159839   540173   159773   540269   159629   540383   159617   540437   159407   540713   159233   540779   159017   541097   158657   541439   158537   541577   158393   541763   158189   542117   157823   542207   157769   542447   157523   542579   157259   542873   157019   542999   156719   543299   156623   543539   156347   543887   155783   544259   152189   540149   624599   374123   112019   505523
   505919   111263   399149   355037    98519   601883    98057   602033    97967   602333    97553   602543    97379   602639    97007   603047    96857   603209    96779   603257    96443   603947    96017   604223    95747   604613    95279   604733    95219   604829    95009   605117    94613   605477    94463   605573    94397   605837    93923   606113    93683   606443    93557   606503    93479   606587    90833   601379   300857   588743   194087
   508559   559367   316937   337349   362693   337283   363017   336887   363149   336827   363317   336437   363767   336059   363977   335879   364193   335693   364337   335633   364499   335123   364997   334877   365213   334637   365513   334379   365759   333929   366227   333737   366287   333713   366383   333539   366683   333023   367019   332729   367307   332447   367613   332273   367823   332117   368099   368453   362309   140639   191447
   482213   371999   122267   577799   122069   577979   121889   578309   121607   578453   121523   578537   121403   578693   121229   578999   120899   579239   120503   579533   120299   579713   120233   580259   119633   580379   119429   580763   119087   581099   118673   581549   118409   581663   118277   581753   118163   582017   117839   582173   117797   582227   117497   582563   117329   582737   117239   582887    97919   577613   217793
    50849   204857   495449   204443   495569   204377   495647   204299   495773   204107   495947   204047   495983   203999   496163   203663   496427   203117   496949   202889   497339   202409   497603   202343   497729   202049   498053   201797   498557   201359   498803   200867   499283   200657   499397   200513   499523   200357   499853   200063   499973   199853   500333   199637   500483   199487   500603   199313   500957   501287   495119
