   212297   487889   211997   488057   211493   488573   211403   488633   211319   488723   211247   488909   210827   489197   210599   489449   210527   489539   210347   489689   210263   489833   209987   490169   209639   490463   209147   490967   208877   491219   208673   491339   208589   491429   208469   491627   208367   491669   208223   491789   208139   491969   207953   492059   207923   492377   207593   492563   207377   206069   634679
   492719   131909   568367   131363   568709   131129   569189   130769   569417   130343   569747   130079   570047   129893   570413   129587   570467   129509   570509   129419   570659   129287   570743   129119   571019   128969   571133   128327   571847   128153   571973   127979   572093   127703   572357   127607   572423   127487   572633   127163   572867   127103   572927   127037   573179   126743   573647   126143   574703   346259   207287
   207113   573899   347513   352907   347057   352973   346553   353459   346439   353657   346223   353819   346139   353963   345749   354317   345473   354677   345263   354779   344969   355049   344543   355643   344327   355763   344207   355853   344039   356093   343787   356693   343073   356969   342899   357347   342653   357359   342569   357509   342413   357659   342239   357809   341927   358229   341729   334493   371339   126107   492893
   493013   125897   358499   107867   592289   107699   592649   107279   592763   107033   593183   106619   593519   106433   593633   106103   593987   106013   594023   105899   594449   105389   594899   104933   595157   104759   595277   104693   595547   104393   595709   103997   596027   103913   596117   103643   596423   103217   596927   103043   597053   102797   597353   102587   597473   102407   612263   332699   341507   574109   206993
   206939   574289   341339   597677   171077   529049   170777   529637   169943   530087   169913   530183   169769   530297   169667   530513   169457   530597   169313   530807   168863   531203   168743   531287   168143   531977   168023   532277   167633   532379   167483   532739   167249   532907   167087   533033   166703   533327   166643   533549   166259   533837   166043   533993   165947   547787   333929   102329   358667   125717   493067
   493109   125639   358703   102317   534173   159833   540269   159629   540383   159617   540437   159407   540713   159233   540779   159017   541097   158657   541439   158537   541577   158393   541763   158189   542117   157823   542207   157769   542447   157523   542579   157259   542873   157019   542999   156719   543299   156623   543539   156347   543887   155783   544259   155087   545063   347933   165833   597689   341303   574367   206897
   206879   574619   341273   597803   165533   544937    70199   629843    70079   629939    70019   630107    69809   630353    69539   630689    69203   630863    68993   631187    68777   631307    68597   631529    68447   631859    67883   632153    67733   632297    67679   632447    67547   632483    67307   632717    66809   633209    66749   633377    66533   633497    66383   633767   348209   155069   534473   102203   358733   125387   493127
   493193   125339   358979   102107   534923   155027   633629   293147   406883   293099   407489   292427   407639   292283   407783   292037   408137   291833   408263   291569   408497   291443   408713   291287   409007   290963   409337   290657   409379   290489   409817   290183   409967   289889   410243   289727   410687   289103   411167   288773   411479   288389   287873   470453    66377   544979   165083   597899   341027   574667   206813
   206603   574799   340979   597929   164987   545387    66173   411779    53813   646307    53609   646859    53117   646913    53069   647033    52967   647069    52889   647147    52817   647333    52553   647477    52517   647627    52313   647747    52253   647783    51977   648107    51767   648257    51713   648677    51287   648803    50849   649217    50723   649643   347873   288227   633833   154619   535019   102077   359027   125207   493403
   493463   125093   359069   101999   535169   154523   633923   287939   649379   113933   586349   113513   586589   113327   586793   113027   587087   112787   587417   112577   587603   112337   587753   112019   588113   111833   588239   111659   588383   111497   588683   111269   588743   111227   588953   111029   589187   110597   589439   110477   605477   332183    50627   412067    66083   545483   164837   598007   340937   574913   206543
   206483   575027   340877   598049   164477   545759    65993   412073    50549   589877    95783   604259    95393   604727    95273   604787    95177   604997    94889   605393    94463   605573    94397   605837    93923   606113    93683   606443    93557   606503    93479   606587    93263   606959    92957   607157    92753   607307    92657   628097   327707   110129   649457   287933   634013   154247   535529   101957   359129   124979   493523
   493607   124919   359147   101879   535697   154073   634079   287849   649619   109883   607517    26759   673313    26393   673619    26357   673667    26237   673817    25889   674159    25733   674363    25523   674537    25307   674759    25169   674879    24977   675083    24809   675239    24659   675413    24413   675827    24083   677147   347957    92489   590123    50387   412157    65927   545933   164309   598127   340859   575087   206399
   206273   575153   340709   598379   164279   545939    65837   412193    50207   590489    92387   675929   255329   444767   255173   444869   255077   444953   254987   445229   254699   445799   254039   446003   253919   446273   253607   446657   253247   447107   252887   447137   252827   447683   251939   448367   251609   245759   550139    24077   607619   109517   649799   287813   634169   154067   535727   101627   359297   124853   493733
   493853   124793   359357   101363   535757   153953   634307   287549   649829   109469   607769    24029   448829    14669   685367    14369   685679    14033   686009    13967   686099    13829   686453    13487   686639    13337   686789    13163   686879    13109   686963    13037   687023    12923   687107    12689   351587   684869   251177   675977    92237   590537    50177   412457    65699   546053   164249   598643   340649   575213   206153
   206039   575303   340169   598727   164147   546263    65633   412619    50129   590573    91733   676217   251099   687359    71993   628127    71867   628217    71633   628673    71327   628757    71129   628937    70997   629339    70589   629567    62939   637079    62723   637319    62627   637499    62477   658247   328007    12647   448907    23789   608273   109433   649877   287387   634373   153743   535859   101279   359837   124703   493967
   493973   124577   360167   101207   535967   153689   634397   287057   649937   109397   608303    23753   449003    12569   637709    59957   640127    59747   640307    59417   640613    59357   640733    59159   640943    58913   641279    58679   641579    58367   641789    58193   641897    57809   667949   323249    62297   687437   251003   676253    91703   590609    50069   412949    65609   546317   164039   598799   339839   575429   206033
   206027   575513   339749   599069   163859   546569    65357   413033    49823   590627    91583   676259   250889   687593    62219   642233      389   699767       59   699953        5   350039   349919   350093   349793   350219   349553   350663   349043   351179   348527   351563   348407   370673   680213    57773   637787    12413   449117    23747   608423   109379   650183   286973   634649   153437   536147   100937   360257   124493   493979
   494069   124433   360593   100853   536273   153407   634793   286763   650477   109253   608429    23669   449153    12323   637817    57587   351653   225809   474437   225527   474497   225503   474659   225299   474779   225167   474857   225089   474983   224969   475109   224603   213557   611207   348353   642419    62189   687683   250853   676337    91577   590753    49529   413243    65213   546599   163733   599153   339413   575573   205937
   205913   575579   339257   599273   163307   546719    65147   413417    49523   590867    91397   676373   250703   687737    61703   642623   348077   475427   328379   371633   328343   371897   328067   372023   327869   372167   327827   372269   327629   372689   327209   324497   397547   224579   351929    57383   638303    12269   449303    23633   608609   109139   650483   286589   634859   153287   536699   100733   360749   124427   494093
   494387   124337   360869   100703   537413   153137   634943   286469   650543   108917   608633    23537   449333    12239   638423    57269   352193   224423   372803    39107   660917    39023   661103    38867   661259    38567   661547    38453   661613    38333   689267   321983   327203   475583   347813   642737    61583   687767   250673   676469    91373   591089    49463   413537    65063   546869   162593   599303   339137   575669   205619
   205487   575867   338993   599513   162419   546893    65027   413579    49193   591113    91163   676589   250643   687779    61553   642833   336029   475679   326663   661679    37049   663149    36767   663407    36467   663653    36293   663737    36209   683513   329789    38327   373343   224327   363977    57173   638453    12227   449363    23417   608843   108893   650813   286427   634979   153113   537587   100493   361013   124139   494519
   494609   123887   361337   100469   537743   153059   635003   286199   650987   108869   608987    23357   449663    12197   638459    57107   364127   224309   373349    38237   663869   316193   383909   316037   384029   315899   384113   315803   314267   419777    36137   661769   326657   475697   335879   642899    61547   687809   250343   676649    91019   591137    49019   413807    65003   546947   162263   599537   338669   576119   205397
   205319   576203   338573   599603   162257   547097    64919   414053    48989   591509    90863   676679   250307   687893    61343   642947   335813   475877   326147   661823    35963   384227   200513   499523   200357   499853   200063   195809   653903   315779   664043    38183   373859   224129   364193    57059   638663    12113   449699    23327   609143   108497   651017   285953   635087   152909   537749   100403   361433   123803   494687
   494699   123719   361463   100343   538049   152783   635339   285827   651239   108347   609173    23279   449807    11939   638999    56963   364313   224033   373943    37649   664253   315599   499973   313853   386279   313637   312743   423503   200033   384407    35753   662357   326063   475973   335693   643043    61007   688067   250199   676727    90833   591659    48767   414179    64667   547223   161957   599663   338543   576287   205307
   205223   576299   338369   599693   161879   547229    64499   414467    48533   591743    90647   676919   250043   688073    60953   643199   335669   476087   325943   662477    35603   384437   199853   386489    29423   697049   323537   313517   500153   315569   664403    37529   374063   223919   364337    56807   639053    11933   449963    23087   609359   108263   651473   285539   635507   152777   538127   100313   361637   123707   494783
   494849   123323   361727    99839   538199   152519   635567   285377   651509   108179   609407    23063   450083    11909   639083    56633   364373   223823   374117    37493   664583   315527   500333   387227   644117   350003    55889   312779   199673   384479    35423   662513   325889   476183   335633   643373    60923   688097   249923   676943    90599   591827    48497   414629    64439   547487   161807   600167   338279   576683   205157
   205133   577043   338237   600239   161639   547577    64403   414779    48239   592133    90473   676967   249797   688139    60869   643463   335507   476249   325883   662693    35393   384599   500693   385943   376469     2957   670583   314063   199313   315407   664613    37313   374123   223757   364499    56543   639137    11867   450209    23039   609533   107873   651767   285227   635603   152429   538367    99767   361769   122963   494873
   494903   122939   361793    99713   538553   152423   635849   285113   651809    97553   609599    23027   450227    11789   639269    56453   364883   223637   374333    37217   664667   386117   502553   276503   313727   386369   387263   386153   197453   313889    35339   662789   325673   476369   335123   643553    60737   688217   249779   676979    90407   602453    48197   414893    64157   547583   161453   600293   338213   577067   205103
   205019   577397   338207   600317   161309   547643    64067   415109    47777   602543    90263   677309   249749   688223    60443   643589   335009   476429   325607   662867    32993   383099    46103   200483   499649   200153   499943   504197   499493   316907   667013    37139   374399   223577   364997    56417   639563    11783   450257    22697   609743    97463   652229   284897   635939   152363   538697    99689   361799   122609   494987
   495119   122579   361973    99347   538739   152297   635969   284819   652493    97379   609779    22619   450413    11369   639689    56123   365129   223529   374687   664847   645443   280229   316097   383969   315977   384107   315893   384203   385739   383813    54563    35159   325319   476477   334877   643883    60317   688637   249593   677387    90227   602627    47513   415187    64037   547709   161267   600659   338033   577427   204887
   204857   577517   338027   600689   160997   547817    63857   415517    47507   602639    90203   677639   249533   688733    60293   643919   334793   476513   375113     5927   370217    36857   663239    36599   663539    36353   663713    36269   663797    16493   662957   694079   324893   223493   365213    56087   639713    11273   450473    22367   609803    97367   652499   284489   636149   152189   539009    99317   361979   122489   495149
   495449   122477   362099    99173   539039   152183   636263   284483   652667    97007   609809    22349   450503    11243   639839    55997   365369   505319   370619   378023    39089   660983    38903   661139    38747   661439    38459   661553    38393   661673    10739   660899   329387   194687   334637   644009    60167   688763   249503   677657    90197   602999    47339   415523    63743   547823   160967   600833   337907   577529   204557
   204443   577613   337859   600857   160877   548003    63719   415559    47279   603047    90017   677813   249449   688889    60149   644057   678599   454109   302459   328373   371663   328109   371939   327983   372137   327839   372179   327737   372377   327317   372797   375509   371627   245897    21407    55949   639857    11117   450557    22193   609989    96959   652727   284447   636287   152003   539129    99149   362147   122393   495563
   495569   122267   362213    99023   539267   151967   636359   284429   652913    96857   610157    22079   450587    11027   640007    55217   698339    88799   225569   474479   225509   474503   225347   474707   225227   474839   225149   474917   225023   475037   224897   475403   486449   474197     1667   644789    59999   688979   249419   677927    89849   603149    47093   415577    63647   548039   160739   600983   337793   577739   204437
   204377   577799   337697   601043   160697   548069    63599   415949    46889   603209    89819   678077   249329   689033    55259   615137    19793      239   699947       53   700001   349967   350087   349913   350213   349787   350453   349343   350963   348827   351479   348443   351599   329333   699617    84869   644747    10973   450677    21929   610187    96797   653117   284057   636407   151937   539309    98963   362309   122207   495629
   495647   122069   362657    98939   539507   151883   636473   283859   653153    96779   610409    21803   450719   697967   611999   376757    59879   640259    59699   640589    59393   640649    59273   640847    59063   641093    58727   641327    58427   641639    58217   641813    58109   642197    32057   640049    88007     2039   249287   678203    89597   603227    46853   416147    63533   548123   160499   601067   337349   577937   204359
   204299   577979   337313   601079   160373   548189    63473   416243    46649   603257    89567   678407   239297   334247   371999    71879   628139    71789   628373    71333   628679    71249   628877    71069   629009    70667   629417    70439   637067    62927   637283    62687   637379    62507   637529    41759   628013   365759   460709    21599   610439    96749   653357   283763   636533   151817   539633    98927   362693   122027   495707
   495773   121889   362723    98627   539639   151643   636539   283607   653363    96443   610619   678779   655727    15137    14639   685637    14327   685973    13997   686039    13907   686177    13553   686519    13367   686669    13217   686843    13127   686897    13043   686969    12983   687083    12899   687317   348419   685337    44279    21227    89387   603563    46643   416399    63467   548363   160367   601379   337283   578117   204233
   204107   578309   336989   601487   160343   548399    63443   416543    46499   603989    87629    14759   149867   255239   444833   255137   444929   255053   445019   254777   445307   254207   445967   254003   446087   253733   446399   253349   446759   252899   447119   252869   447179   252323   448067   251639   448397   454247   444677   685247   612377    96017   653507   283463   636563   151607   539663    98519   363017   121697   495899
   495947   121607   363119    98123   539687   151553   636653   283133   653777    92669   585677   352049    26693   673613    26387   673649    26339   673769    26189   674117    25847   674273    25643   674483    25469   674699    25247   674837    25127   675029    24923   675197    24767   675347    24593   675593    24179   675923    22859   673247   114329   607337    46229   416873    63353   548453   160319   601883   336887   578399   204059
   204047   578453   336857   601949   160169   548489    63197   417089   656783   583727   372299    95747   604613    95279   604733    95219   604829    95009   605117    94613   605543    94433   605609    94169   606083    93893   606323    93563   606449    93503   606527    93419   606743    93047   607049    92849   607253    92699   607349    71909   604223   116279    43223   282917   636809   151517   539837    98057   363149   121553   495959
   495983   121523   363179    97973   539843   151253   636947   418199    35897   367823   113657   586493   113417   586679   113213   586979   112919   587219   112589   587429   112403   587669   112253   587987   111893   588173   111767   588347   111623   588509   111323   588737   111263   588779   111053   588977   110819   589409   110567   589529    94529   586073   664109   281807    63059   548753   160163   602033   336827   578483   204023
   203999   578537   336689   602039   159857   548837   637409   394739   352133    53699   646397    53147   646889    53093   646937    52973   647039    52937   647117    52859   647189    52673   647453    52529   647489    52379   647693    52259   647753    52223   648029    51899   648239    51749   648293    51329   648719    51203   649157    50789   649283    50363   646193   305267    62597   151169   540149    97967   363317   121469   496007
   496163   121403   363569    97919   540167   550607    55337   229553   293123   406907   292517   407579   292367   407723   292223   407969   291869   408173   291743   408437   291509   408563   291293   408719   290999   409043   290669   409349   290627   409517   290189   409823   290039   410117   289763   410279   289319   410903   288839   411233   288527   411617   412133   406859   644669   149399   159839   602087   336437   578603   203843
   203663   578693   336239   602333   159773   140423   351797    70163   629927    70067   629987    69899   630197    69653   630467    69317   630803    69143   631013    68819   631229    68699   631409    68477   631559    68147   632123    67853   632273    67709   632327    67559   632459    67523   632699    67289   633197    66797   633257    66629   633473    66509   633623    66239   629807   559583   540233    97673   363767   121313   496343
   496427   121229   363947    96059   515993   352073   159737   540377   159623   540389   159569   540599   159293   540773   159227   540989   158909   541349   158567   541469   158429   541613   158243   541817   157889   542183   157799   542237   157559   542483   157427   542747   157133   542987   157007   543287   156707   543383   156467   543659   156119   544223   155747   544919   154943   540173   184013   603947   336059   578777   203579
   203117   578999   326999   579239   366077   170957   529229   170369   530063   169919   530093   169823   530237   169709   530339   169493   530549   169409   530693   169199   531143   168803   531263   168719   531863   168029   531983   167729   532373   167627   532523   167267   532757   167099   532919   166973   533303   166679   533363   166457   533747   166169   533963   166013   534059   152219   528929   120767   373007   121007   496889
   496949   582227   385379   367307   107717   592307   107357   592727   107243   592973   106823   593387   106487   593573   106373   593903   106019   593993   105983   594107   105557   594617   105107   595073   104849   595247   104729   595313   104459   595613   104297   596009   103979   596093   103889   596363   103583   596789   103079   596963   102953   597209   102653   597419   102533   597599    87743   592139   314627   117779   203057
   502409   105437   328667   347099   352949   347033   353453   346547   353567   346349   353783   346187   353867   346043   354257   345689   354533   345329   354743   345227   355037   344957   355463   344363   355679   344243   355799   344153   355967   343913   356219   343313   356933   343037   357107   342659   357353   342647   357437   342497   357593   342347   357767   342197   358079   341777   358277   365513   352493   594569   197597
   475289   353747   131639   568643   131297   568877   130817   569237   130589   569663   130259   569927   129959   570113   129593   570419   129539   570497   129497   570587   129347   570719   129263   570887   128987   571037   128873   571679   128159   571853   128033   572027   127913   572303   127649   572399   127583   572519   127373   572843   127139   572903   127079   572969   126827   573263   126359   573863   125303   568097   224717
    65327   212117   488009   211949   488513   211433   488603   211373   488687   211283   488759   211097   489179   210809   489407   210557   489479   210467   489659   210317   489743   210173   490019   209837   490367   209543   490859   209039   491129   208787   491333   208667   491417   208577   491537   208379   491639   208337   491783   208217   491867   208037   492053   207947   492083   207629   492413   207443   492629   493937   487709
