   215153   485063   214883   485417   214559   485543   214439   486053   213887   486179   213713   486407   213557   486539   213329   486797   213173   486977   212999   487133   212579   487637   212297   487889   211997   488057   211493   488573   211403   488633   211319   488723   211247   488909   210827   489197   210599   489449   210527   489539   210347   489689   210263   489833   209987   490169   209639   490463   209147   491783   346139
   490967   134489   565589   134369   565667   134219   565793   134087   565973   133949   566273   133439   566723   132953   567059   132863   567257   132623   567569   132347   567719   132059   568097   131639   568643   131297   568877   130817   569237   130589   569663   130259   569927   129959   570113   129593   570419   129539   570497   129497   570587   129347   570719   129263   570887   128987   571037   128873   575867   342899   209039
   208877   571679       59   699953        5   350039   349919   350093   349793   350219   349553   350663   349043   351179   348527   351563   348419   351599   348353   351797   348077   352049   347933   352133   347813   352493   347099   352949   347033   353453   346547   353567   346349   353747   346223   353819   346043   354257   345689   354533   345329   354743   345227   355037   344957   355463   344363   357353   695087   128327   491129
   491219   128159   355679   111227   588953   111029   589187   110597   589439   110477   589877   109883   590489   109469   590573   109397   590627   109253   590867   108917   591113   108869   591509   108347   591743   108179   592133   107867   592289   107699   592649   107279   592763   107033   593183   106619   593519   106433   593633   106103   593987   106013   594023   105899   594449   105437   608987   332117   344327   571847   208787
   208673   571853   344243   594617   173933   526139   173807   526223   173699   526649   173297   526733   173267   526829   172883   527129   172673   527399   172553   527489   172373   527699   172217   527909   171869   528299   171383   528707   171077   529049   170777   529637   169943   530087   169913   530183   169769   530297   169667   530513   169457   530597   169313   530807   168863   540989   338033   105389   355763   128153   491333
   491339   128033   355799   105107   531203   162419   537743   162257   538049   161879   538199   161639   538553   161309   538739   160997   539039   160877   539267   160697   539507   160373   539639   160343   539687   160169   539843   159857   540167   159833   540233   159737   540377   159623   540437   159407   540713   159233   540779   158909   541349   158567   541469   158429   555287   334493   168803   594899   344207   571973   208667
   208589   572027   344153   595073   168743   541613    73613   626477    73517   626627    73043   626987    72923   627383    72053   628013    71909   628127    71867   628217    71633   628673    71327   628757    71129   628937    70997   629339    70589   629567    70199   629843    70079   629939    70019   630107    69809   630353    69539   630689    69203   630863    68993   641789   336989   158393   531263   104933   355853   127979   491417
   491429   127913   355967   104849   531287   158243   631187   296969   403097   296843   403253   296507   403757   296129   403889   296027   404489   295313   404819   295037   405347   294509   405527   294347   405689   294179   405857   294059   406403   293507   406547   293357   406859   293123   406907   292517   407579   292367   407723   292223   407969   291869   417239   338279    68819   541763   168719   595157   344039   572093   208577
   208469   572303   343913   595247   168143   541817    68777   408173    56087   644009    55949   644117    55487   644549    55337   644747    55217   644843    55073   645023    54869   645233    54623   645443    54539   645503    54377   645683    54293   645737    54167   646013    53939   646157    53813   646307    53609   646859    53117   646913    53069   657497   337907   291833   631229   158189   531863   104759   356093   127703   491537
   491627   127649   356219   104729   531977   157889   631307   291743   647033   116483   583619   116279   583733   116009   584027   115853   584183   115757   584279   115613   584417   115343   584873   115127   584993   114689   585413   114419   585677   114269   585839   114143   585917   113969   586073   113657   586493   113417   586679   113213   611207   324437    52973   408263    68699   542117   168029   595277   343787   572357   208379
   208367   572399   343313   595313   168023   542183    68597   408437    52967   586979    99149   600983    98963   601067    98927   601379    98519   601883    98057   602033    97967   602087    97553   602543    97379   602639    97007   603047    96857   603209    96779   603257    96443   603947    96017   604223    95747   604613    95279   616103   336437   113027   647039   291569   631409   157823   531983   104693   356693   127607   491639
   491669   127583   356933   104459   532277   157799   631529   291509   647069   112919   604733    29423   670619    29333   670763    29153   670877    28817   671303    28649   671603    28289   671729    28229   672059    27779   672317    27449   672767    27179   672863    26987   673157    26813   673223    26759   673313    26393   367613   654629    95273   587087    52937   408497    68477   542207   167729   595547   343073   572423   208337
   208217   572519   343037   595613   167633   542237    68447   408563    52889   587219    95219   673619   257687   442367   257519   442517   257273   442817   257177   443039   256889   443129   256757   443363   256517   443837   256133   443987   255977   444089   255839   444293   255659   444539   255383   444677   255239   243239   550139    26387   604787   112787   647117   291443   631559   157769   532373   104393   356969   127487   491789
   491867   127373   357347   104297   532379   157559   631859   291293   647147   112589   604829    26357   444833    17579   682673    17327   683303    16649   683453    16529   683513    16319   683777    16223   683789    16187   683909    16073   683939    15887   684239    15737   684647    15233   684857    15137   695069   338027   255173   673649    95177   587417    52859   408713    68147   542447   167627   595709   342659   572633   208139
   208037   572843   342647   596009   167483   542483    67883   408719    52817   587429    95009   673667   255137   684923    74897   625133    74699   625319    74609   625409    74489   625643    74093   625979    73973   626063    73859   626159    73643   634679    65213   634859    65063   634979    65003   640613   335693    15083   444869    26339   604997   112577   647189   291287   632123   157523   532523   103997   357359   127163   491969
   492053   127139   357437   103979   532739   157427   632153   290999   647333   112403   605117    26237   444929    15017   635087    62927   637283    62687   637379    62597   637499    62477   637709    62219   637817    61703   638423    61553   638459    61343   638999    60953   639083    60869   649877   338207    64919   684989   255077   673769    94889   587603    52673   409007    67853   542579   167267   596027   342569   572867   207953
   207947   572903   342497   596093   167249   542747    67733   409043    52553   587669    94613   673817   255053   685109    64667   639269     1619   698393     1559   698483     1499   698567     1283   698729     1103   699053      947   699077      887   699197      719   699323      563   370619   678437    60737   635339    14897   444953    26189   605393   112337   647453   290963   632273   157259   532757   103913   357509   127103   492059
   492083   127079   357593   103889   532907   157133   632297   290669   647477   112253   605477    25889   445019    14759   635507    60443   699449   228617   471467   228257   471803   228113   471929   227873   472469   227363   472799   227189   472847   227147   473453   226487   197759   624479      557   639563    64499   685247   254987   674117    94529   587753    52529   409337    67709   542873   167099   596117   342413   572927   207923
   207629   572969   342347   596363   167087   542987    67679   409349    52517   587987    94463   674159   254777   685337    64439   639689      479   473579   331217   369023   330887   369353   330587   369647   330347   369959   329873   370217   329393   370673   329123   328379   391367   226427   699527    60317   635567    14669   445229    25847   605543   112019   647489   290657   632327   157019   532919   103643   357659   127037   492377
   492413   126827   357767   103583   533033   157007   632447   290627   647627   111893   605573    25733   445307    14639   635603    60293   699539   226409   371087    41627   658403    41519   658607    41357   658817    40847   659177    40583   659513    40283   681677   327629   328919   473597      467   639713    64403   685367   254699   674273    94433   588113    52379   409379    67559   542999   166973   596423   342239   573179   207593
   207443   573263   342197   596789   166703   543287    67547   409517    52313   588173    94397   674363   254207   685637    64067   639839      449   473723   328829   659843    39323   660887    39113   660899    39089   660983    38903   661139    38747   677927   333023    40163   371177   226283   699557    60167   635939    14369   445799    25643   605609   111833   647693   290489   632459   156719   533303   103217   357809   126743   492563
   492629   126359   358079   103079   533327   156707   632483   290189   647747   111767   605837    25523   445967    14327   635969    60149   699617   226217   371339    39953   661439   318473   381629   318347   381707   317969   382103   317777   315779   416243    38567   660053   328667   473789      389   639857    64037   685679   254039   674483    94169   588239    52259   409817    67523   543299   166679   596927   341927   573647   207377
   207287   573863   341777   596963   166643   543383    67307   409823    52253   588347    93923   674537   254003   685973    63857   640007      239   473999   328619   660119    38459   382553   203663   496427   203117   496949   202889   195737   651239   317453   661547    39887   371387   226007   699767    59999   636149    14033   446003    25469   606083   111659   647753   290183   632699   156623   533363   103043   358229   126143   492719
   492893   126107   358277   102953   533549   156467   632717   290039   647783   111623   606113    25307   446087    13997   636263    59957   361769   225989   371417    39869   661553   317363   497339   315893   384407   315569   311897   422249   202667   382643    38453   660137   328589   474017   338237   640049    63743   686009   253919   674699    93893   588383    52223   409967    67289   543539   166457   597053   341729   573899   207113
   206993   574109   341507   597209   166259   543659    66809   410117    51977   588509    93683   674759   253733   686039    63719   640127   338213   474029   328373   660167    38393   382727   202409   384479    34283   690119   325607   315527   497597   317279   661613    39839   371633   225977   361793    59879   636287    13967   446273    25247   606323   111497   648029   289889   633197   156347   533747   102797   358499   125897   493013
   493067   125717   358667   102653   533837   156119   633209   289763   648107   111323   606443    25169   446399    13907   636359    59747   362147   225809   371663    39779   661673   317159   497603   385607   641327   350003    58679   314399   202403   382847    38333   660227   328343   474197   337859   640259    63647   686099   253607   674837    93563   588683    51899   410243    66797   543887   166169   597353   341339   574289   206939
   206897   574367   341303   597419   166043   544223    66749   410279    51767   588737    93557   674879   253349   686177    63599   640307   337793   474437   328109   660347    38327   382883   498647   386279   374399     9887   665723   313727   201359   317123   661679    39659   371897   225569   362213    59699   636407    13829   446657    25127   606449   111269   648239   289727   633257   155783   533963   102587   358703   125639   493109
   493127   125387   358733   102533   533993   155747   633377   289319   648257   111263   606503    24977   446759    13553   636473    59417   362309   225527   371939    39503   661769   315803   501593   277757   315599   384437   388109   384113   198413   384203    38237   660503   328067   474479   337697   640589    63533   686453   253247   675029    93503   588743    51749   410687    66629   544259   166013   597473   341273   574619   206879
   206813   574667   341027   597599   165947   544919    66533   410903    51713   599513    93479   675083   252899   686519    63473   640649   337349   474497   328007   660563    30347   449303    48767   203579   496889   203057   497117   504269   496343   250703   669659    39443   371999   225509   362657    59357   636533    13487   447107    24923   606527   100493   648293   289103   633473   155087   534059   102407   358979   125339   493193
   493403   125303   359027   102329   534173   155069   633497   288839   648677   100469   606587    24809   447119    13367   636539    59273   362693   225503   372023   663653   651767   283763   318377   381659   318299   382037   317903   382229   384227   381533    48239    36353   327983   474503   337313   640733    63467   686639   252887   675197    93419   599537    51329   411167    66509   544937   165833   597677   340979   574703   206603
   206543   574799   340937   597689   165533   544979    66383   411233    51287   599603    93263   675239   252869   686669    63443   640847   337283   474659   324977    12239   366983    39119   660893    39107   660917    39023   661103    38867   661259    22079   660683   687767   375029   225347   362723    59159   636563    13337   447137    24767   606743   100403   648719   288773   633623   155027   534473   102317   359069   125207   493463
   493523   125093   359129   102203   534923   154943   633629   288527   648803   100343   606959    24659   447179    13217   636653    59063   363119   475583   413807   372377    41603   658487    41399   658649    41189   659159    40829   659423    40493   659723    18329   658379   286199   224423   336887   640943    63353   686789   252827   675347    93047   599663    51203   411479    66377   545063   165083   597803   340877   574913   206483
   206399   575027   340859   597899   164987   545387    66239   411617    50849   599693    92957   675413   252323   686879    63197   641093   670343   495947   308639   330983   369119   330653   369419   330359   369659   330047   370133   329789   370613   329333   370883   371627   368789   204059    29663    58913   636809    13127   447683    24593   607049   100313   649157   288389   633767   154619   535019   102107   359147   124979   493607
   493733   124919   359297   102077   535169   154523   633833   288227   649217    99767   607157    24413   448067    13109   637067   651809   694079    75527   228539   471749   228203   471893   228077   472133   227537   472643   227207   472817   227159   472859   226553   473519   502247   471389     5927    48197    62939   686897   251939   675593    92849   600239    50789   411779    66173   545483   164837   597929   340709   575087   206273
   206153   575153   340649   598007   164477   545759    66083   412067    50723   600293    92753   675827   251639   686963   664739    33359    21569     1613   698447     1523   698507     1439   698723     1277   698903      953   699059      929   699119      809   699287      683   699443   329387   698387   666647    35267    13043   448367    24179   607253    99713   649283   287939   633923   154247   535529   101999   359357   124853   493853
   493937   124793   359837   101957   535697   154073   634013   287933   649379    99689   607307    24083   448397     8423    10139   361799    62723   637319    62627   637409    62507   637529    62297   637787    62189   638303    61583   638453    61547   638663    61007   639053    60923   639137    50129   637079   689867   691583   251609   675923    92699   600317    50627   412073    65993   545933   164309   598049   340169   575213   206069
   206039   575303   339839   598127   164279   545939    65927   412133    50549   600659    92669   675929   454919   675977   364313    74873   625307    74687   625397    74597   625517    74363   625913    74027   626033    73943   626147    73847   626363    65327   634793    65147   634943    65027   635003    59393   625109    24029   245087    24077   607337    99347   649457   287873   634079   154067   535727   101879   360167   124703   493967
   493973   124577   360257   101627   535757   153953   634169   287849   649619    99317   607349   681167   441557   361979    17333   682679    16703   683357    16553   683477    16493   683687    16229   683783    16217   683819    16097   683933    16067   684119    15767   684269    15359   684773    15149   684869     4937   682427   258449    18839    92657   600689    50387   412157    65837   546053   164249   598379   339749   575429   206033
   206027   575513   339413   598643   164147   546263    65699   412193    50363   600833   617249   319673   149867   257639   442487   257489   442733   257189   442829   256967   443117   256877   443249   256643   443489   256169   443873   256019   444029   255917   444167   255713   444347   255467   444623   255329   444767   456767   442319   380333    82757    99173   649643   287813   634307   153743   535859   101363   360593   124493   493979
   494069   124433   360749   101279   535967   153689   634373   287549   649799   602333    64157    45377    29387   670673    29243   670853    29129   671189    28703   671357    28403   671717    28277   671777    27947   672227    27689   672557    27239   672827    27143   673019    26849   673193    26783   673247    26693   673613   332393   670583   635849    97673    50207   412457    65633   546317   164039   598727   339257   575573   205937
   205913   575579   339137   598799   163859   546569    65609   412619   649829    56453   363569    99023   601043    98939   601079    98627   601487    98123   601949    97973   602039    97919   602453    97463   602627    97367   602999    96959   603149    96797   603227    96749   603563    96059   603989    95783   604259    95393   604727    83903   600857   643553    50177   287387   634397   153437   536147   101207   360869   124427   494093
   494387   124337   361013   100937   536273   153407   634649   412949    33479   375569   116387   583727   116273   583997   115979   584153   115823   584249   115727   584393   115589   584663   115133   584879   115013   585317   114593   585587   114329   585737   114167   585863   114089   586037   113933   586349   113513   586589   113327   586793    88799   583523   666527   287057    65357   546599   163733   599069   338993   575669   205619
   205487   576119   338669   599153   163307   546719    63059   268607   362099    55997   644057    55889   644519    55457   644669    55259   644789    55163   644933    54983   645137    54773   645383    54563   645467    54503   645629    54323   645713    54269   645839    53993   646067    53849   646193    53699   646397    53147   646889    53093   646937    42509   643919   431399   636947   153287   536699   100853   361337   123887   494519
   494609   123803   361433   100733   537413   152777   617699   361727   296909   403163   296753   403499   296249   403877   296117   403979   295517   404693   295187   404969   294659   405497   294479   405659   294317   405827   294149   405947   293603   406499   293459   406649   293147   406883   293099   407489   292427   407639   292283   407783   292037   408137   282767   403037    82307   547229   162593   599273   338573   576203   205397
   205319   576287   338543   599303   540389   524507   363017    73529   626489    73379   626963    73019   627083    72623   627953    71993   628097    71879   628139    71789   628373    71333   628679    71249   628877    71069   629009    70667   629417    70439   629807    70163   629927    70067   629987    69899   630197    69653   630467    69317   630803    69143   631013    58217   626393   175499   159617   100703   361463   123719   494687
   494699   123707   361637   600167   139409   365513   162263   537749   161957   538127   161807   538367   161453   538697   161267   539009   160967   539129   160739   539309   160499   539633   160367   539663   160319   539837   160163   540149   159839   540173   159773   540269   159629   540383   159569   540599   159293   540773   159227   541097   158657   541439   158537   541577   144719   537587   560597    99839   338369   576299   205307
   205223   576683   686843    73673   361973   173867   526199   173783   526307   173357   526709   173273   526739   173177   527123   172877   527333   172607   527453   172517   527633   172307   527789   172097   528137   171707   528623   171299   528929   170957   529229   170369   530063   169919   530093   169823   530237   169709   530339   169493   530549   169409   530693   169199   531143   159017   526073   626333    13163   123323   494783
   494849   122267   699437   367889   111053   588977   110819   589409   110567   589529   110129   590123   109517   590537   109433   590609   109379   590753   109139   591089   108893   591137   108497   591659   108263   591827   107873   592139   107717   592307   107357   592727   107243   592973   106823   593387   106487   593573   106373   593903   106019   593993   105983   594107   105557   594569    91019   588779      569   577739   205157
   502409   561767     4919       53   700001   349967   350087   349913   350213   349787   350453   349343   350963   348827   351479   348443   351587   348407   351653   348209   351929   347957   352073   347873   352193   347513   352907   347057   352973   346553   353459   346439   353657   346259   353783   346187   353963   345749   354317   345473   354677   345263   354779   344969   355049   344543   355643   342653   699947   138239   197597
   185819   357107   134417   565637   134339   565787   134213   565919   134033   566057   133733   566567   133283   567053   132947   567143   132749   567383   132437   567659   132287   567947   131909   568367   131363   568709   131129   569189   130769   569417   130343   569747   130079   570047   129893   570413   129587   570467   129509   570509   129419   570659   129287   570743   129119   571019   128969   571133   124139   565517   514187
   353867   214943   485123   214589   485447   214463   485567   213953   486119   213827   486293   213599   486449   213467   486677   213209   486833   213029   487007   212873   487427   212369   487709   212117   488009   211949   488513   211433   488603   211373   488687   211283   488759   211097   489179   210809   489407   210557   489479   210467   489659   210317   489743   210173   490019   209837   490367   209543   490859   208223   484853
