   219437   480713   219017   481043   218873   481157   218627   481589   217907   482213   217697   482387   217499   482597   217319   482753   217169   483389   216233   483827   215939   484079   215723   484607   215393   484727   215273   484853   214943   485123   214589   485447   214463   485567   213953   486119   213827   486293   213599   486449   213467   486677   213209   486833   213029   487007   212873   487427   212369   209543   625307
   487709   138587   561599   138239   561797   138197   561947   137999   562283   137699   562409   137567   562607   137393   562703   136889   563357   136559   563543   136343   563813   135647   564407   135389   564653   135209   564917   135017   565337   134489   565589   134369   565667   134219   565793   134087   565973   133949   566273   133439   566723   132953   567059   132863   567257   132623   567569   132347   570887   343913   212297
   212117   567719     1709   698339     1619   698393     1559   698483     1499   698567     1283   698729     1103   699053      947   699077      887   699197      719   699323      569   699443      557   699527      467   699557      389   699767       59   699953        5   350039   349919   350093   349793   350219   349553   350663   349043   351179   348527   351563   348419   351599   348353   351797   348077   353867   696659   132287   487889
   488009   132059   352049   114167   585863   114089   586037   113933   586349   113513   586589   113327   586793   113027   587087   112787   587417   112577   587603   112337   587753   112019   588113   111833   588239   111659   588383   111497   588683   111263   588779   111053   588977   110819   589409   110567   589529   110129   590123   109517   590537   109433   590609   109379   590753   109139   597419   341027   347957   567947   211997
   211949   568097   347933   591089   177839   522383   177383   522659   177269   522749   177167   523307   176573   523637   176333   523763   176213   523847   176129   524057   175919   524507   175067   525017   174749   525353   174413   525599   174329   525809   174137   526037   173933   526139   173807   526223   173699   526649   173297   526733   173267   526829   172883   527129   172673   533747   340877   108917   352073   131909   488057
   488513   131639   352133   108893   527399   167249   532907   167087   533033   166703   533327   166643   533549   166169   533963   166013   534059   165833   534473   165083   535019   164837   535529   164309   535727   164249   535859   164039   536147   163733   536699   162593   537587   162263   537749   161957   538127   161807   538367   161453   538697   161267   539009   160967   545063   340979   172607   591113   347873   568367   211493
   211433   568643   347813   591137   172553   539267    75773   624347    75539   624479    75407   624683    75269   624797    75167   624977    74903   625109    74873   625319    74609   625409    74489   625643    74093   625979    73973   626063    73859   626159    73673   626363    73613   626477    73517   626627    73043   626987    72923   627383    72053   628013    71909   635969   340649   160739   527453   108869   352193   131363   488573
   488603   131297   352493   108497   527489   160697   628127   301247   398933   300869   399149   300809   399227   300743   399689   300119   399983   300017   400199   299699   400559   299363   400859   299063   401069   298589   401957   298013   402053   297809   402299   297623   402503   297083   403037   296909   403163   296753   403499   296249   403877   296117   291869   459113    71879   539309   172517   591509   347513   568709   211403
   211373   568877   347099   591659   172373   539507    71867   403979    59159   640943    58913   641279    58679   641579    58367   641789    58193   641897    57809   642233    57587   642623    57269   642833    57107   642947    56963   643199    56633   643463    56453   643589    56123   643919    55997   644057    55889   644519    55457   644669    55259   655883   336827   296027   628139   160499   527633   108347   352907   131129   488633
   488687   130817   352949   108263   527699   160373   628217   295517   644789   119627   580577   119243   580919   118907   581333   118457   581663   118277   581753   118163   582017   117839   582173   117797   582227   117497   582563   117329   582737   117239   582887   117023   583013   116867   583367   116537   583523   116387   583727   116273   598379   333779    55217   404489    71789   539633   172307   591743   347057   569189   211319
   211283   569237   347033   591827   172217   539639    71633   404693    55163   583997   102203   597929   101999   598049   101879   598643   101279   598799   100937   599153   100733   599303   100493   599537   100403   599663   100313   600167    99767   600293    99689   600659    99317   600833    99149   600983    98963   601067    98927   618377   330587   116009   644843   295313   628373   160367   527789   108179   352973   130769   488723
   488759   130589   353453   107873   527909   160343   628673   295187   644933   115979   601379    32309   667769    32189   667949    31973   668159    31397   668687    31307   668747    31193   668867    30983   669029    30893   669167    30677   669413    30347   669869    30119   669947    29867   670217    29663   670577    29423   678077   341273    98627   584027    55073   404819    71333   539663   172097   592133   346553   569417   211247
   211097   569663   346547   592139   171869   539687    71327   404969    54983   584153    98519   670619   261017   439007   260873   439157   260807   439253   260717   439463   260339   439799   259967   440177   259823   440339   259499   440849   259019   441029   258827   441263   258563   441479   258449   441563   258437   452159   338207    29387   601487   115853   645023   295037   628679   160319   528137   107867   353459   130343   488909
   489179   130259   353567   107717   528299   160169   628757   294659   645137   115823   601883    29333   441887    20183   679829    20147   679883    19979   680213    19709   680453    19373   680993    18959   681089    18869   681167    18749   681293    18587   681563    18329   681719    18233   682049    17747   688763   342197   258119   670673    98123   584183    54869   405347    71249   539837   171707   592289   346439   569747   210827
   210809   569927   346349   592307   171383   539843    71129   405497    54773   584249    98057   670763   257987   682277    78173   621869    77933   622157    77513   622529    77369   622793    77003   623057    76679   623717    76283   624209    67709   632327    67523   632699    67289   633197    66749   639053   342239    17729   442019    29243   601949   115757   645233   294509   628877   160163   528623   107699   353657   130079   489197
   489407   129959   353747   107357   528707   159857   628937   294479   645383   115727   602033    29153   442139    17669   633377    65027   635003    64919   635339    64499   635567    64403   635849    64067   636149    63743   636287    63647   636407    63533   636533    63467   636563    63353   648719   336989    66629   682337   257867   670853    97973   584279    54623   405527    71069   540149   171299   592649   346259   570047   210599
   210557   570113   346223   592727   171077   540167    70997   405659    54563   584393    97967   670877   257687   682427    66533   636809     3929   696083     3767   696413     3389   696887     2957   697079     2879   697373     2609   697457     2423   697673     2273   697877     2069   358703   688217    63197   633473    17579   442319    29129   602039   115613   645443   294347   629009   159839   528929   107279   353783   129893   489449
   489479   129593   353819   107243   529049   159833   629339   294317   645467   115589   602087    28817   442367    17333   633497    63059   697967   231893   468473   231479   468647   231323   468737   231107   468953   230969   469439   230393   469649   230213   470207   229763   206879   611927     2039   636947    66509   682673   257639   671189    97919   584417    54539   405689    70667   540173   170957   592763   346187   570413   210527
   210467   570419   346043   592973   170777   540233    70589   405827    54503   584663    97673   671303   257519   682679    66383   637067     2027   470279   334637   365513   334379   365759   333929   366269   333719   366293   333623   366467   333323   366983   332987   330347   385817   229727   697979    62939   633623    17327   442487    28703   602333   115343   645503   294179   629417   159773   529229   107033   353963   129587   489539
   489659   129539   354257   106823   529637   159737   629567   294149   645629   115133   602453    28649   442517    16703   633629    62927   698183   229703   367277    43487   656603    43397   656687    43223   656939    43013   657017    42773   657269    42683   676589   330359   332729   470303     1823   637079    66377   683303   257489   671357    97553   584873    54377   405857    70439   540269   170369   593183   345749   570467   210347
   210317   570497   345689   593387   169943   540377    70199   405947    54323   584879    97463   671603   257273   683357    66239   637283     1733   470417   332699   657473    41759   658277    41687   658379    41603   658487    41399   658649    41189   677387   331217    42533   367307   229589   698273    62723   633767    16649   442733    28403   602543   115127   645683   294059   629807   159629   530063   106619   354317   129509   489689
   489743   129497   354533   106487   530087   159623   629843   293603   645713   115013   602627    28289   442817    16553   633833    62687   358079   229553   367559    42509   659159   321413   378683   321227   378929   321053   379163   320699   319817   409043    40847   657497   332447   470453   341927   637319    66173   683453   257189   671717    97379   584993    54293   406403    70163   540383   169919   593519   345473   570509   210263
   210173   570587   345329   593573   169913   540389    70079   406499    54269   585317    97367   671729   257177   683477    66083   637379   341777   470597   332393   657539    40829   379319   205619   494519   205397   494687   205307   205223   639269   320687   659177    42467   367613   229409   358229    62627   633923    16529   442829    28277   602639   114689   645737   293507   629927   159617   530093   106433   354677   129419   489833
   490019   129347   354743   106373   530183   159569   629939   293459   645839   114593   602999    28229   443039    16493   634013    62597   358277   229223   367733    42299   659423   320609   494873   318473   381629   318347   316937   414629   205133   379397    40583   657707   332273   470783   341729   637409    65993   683513   256967   671777    97007   585413    54167   406547    70067   540437   169823   593633   345263   570659   209987
   209837   570719   345227   593903   169769   540599    70019   406649    53993   585587    96959   672059   256889   683687    65927   637499   341507   470867   332183   657779    40493   379667   205103   381707    36353   687593   326063   318299   494903   320339   659513    42227   367823   229139   358499    62507   634079    16319   443117    27947   603047   114419   646013   293357   629987   159407   530237   106103   354779   129287   490169
   490367   129263   355037   106019   530297   159293   630107   293147   646067   114329   603149    27779   443129    16229   634169    62477   358667   228869   367889    42179   659723   320303   494987   317279   639713   350003    60293   382727   205019   379703    40283   657827   332117   471137   341339   637529    65837   683777   256877   672227    96857   585677    53939   406859    69899   540713   169709   593987   344969   570743   209639
   209147   571019   344957   593993   169667   540773    69809   406883    53849   585737    96797   672317   256757   683783    65699   637787   340937   471209   331907   657983    40163   379787   495983   447179   373943    12413   663653   252827   204023   320219   659843    42023   368099   228797   359069    62219   634307    16223   443249    27689   603209   114269   646157   293123   630197   159233   530339   106013   355049   128987   490859
   490967   128969   355463   105983   530513   159227   630353   293099   646193   103643   603227    27449   443363    16217   634373    62189   359147   228707   368117    41927   660119   319547   492719   285377   318377   381659   383069   381533   207287   380459    39887   658079   331889   471299   340859   637817    65633   683789   256643   672557    96779   596363    53813   406907    69653   540779   169493   594023   344543   571037   209039
   208877   571133   344363   594107   169457   540989    69539   407489    53699   596423    96749   672767   256517   683819    65609   638303   340709   471389   331553   658127   664679   438419    60737   205487   494609   205319   494699   494783   494387   261587    35327    41879   368453   228617   359297    61703   634397    16187   443489    27239   603257   103583   646307   292517   630467   159017   530549   105899   355643   128873   491129
   491219   128327   355679   105557   530597   158909   630689   292427   646397   103217   603563    27179   443837    16097   634649    61583   359837   228539   368729    39953    14897   290963   321323   378779   321077   378953   320843   379307   380189   378593   685109   660053   331277   471467   340169   638423    65357   683909   256169   672827    96443   596789    53609   407579    69317   541097   169409   594449   344327   571679   208787
   208673   571847   344243   594569   169313   541349    69203   407639    53147   596927    96059   672863   256133   683933    65327   638453   339839   471749   371387   639137   368789    41729   658319    41627   658403    41519   658607    41357   658817    22619   658247    60869   328619   228257   360167    61553   634679    16073   443873    27143   603947   103079   646859   292367   630803   158657   530693   105437   355763   128159   491333
   491339   128153   355799   105389   530807   158567   630863   292283   646889   103043   603989    26987   443987    16067   634793    61547   360593   478679   361793   369647    43403   656609    43319   656783    43067   656993    42989   657233    42737   657323    23417   656519   338213   221327   339413   638459    65213   683939   256019   673019    96017   596963    53117   407723    69143   541439   169199   594617   344207   571853   208667
   208589   571973   344153   594899   168863   541469    68993   407783    53093   597053    95783   673157   255977   684119    65147   638663   685367   480299   314189   334493   365627   334247   366077   333737   366287   333713   366383   333539   366683   333023   367019   369659   365369   219707    14639    61343   634859    15887   444029    26849   604223   102953   646913   292223   631013   158537   531143   105107   355853   128033   491417
   491429   127979   355967   104933   531203   158429   631187   292037   646937   102797   604259    26813   444089    15767   634943   639857   689693    88079   231533   468527   231359   468683   231269   468899   231053   469037   230567   469613   230357   469793   229799   470243   493127   468113    10313    60149    65063   684239   255917   673193    95747   597209    53069   407969    68819   541577   168803   595073   344039   572027   208577
   208469   572093   343787   595157   168743   541613    68777   408173    52973   597353    95393   673223   255839   684269   637709    43853    11789     3923   696239     3593   696617     3119   697049     2927   697127     2633   697397     2549   697583     2333   697733     2129   697937   341303   696077   656153    62297    15737   444167    26783   604613   102653   647033   291833   631229   158393   531263   104849   356219   127913   491537
   491627   127703   356693   104759   531287   158243   631307   291743   647039   102533   604727    26759   444293    15359    42197   363017    65003   635087    64667   635507    64439   635603    64157   635939    63857   636263    63719   636359    63599   636473    63473   636539    63443   636653    51287   634979   657809   684647   255713   673247    95279   597473    52967   408263    68699   541763   168719   595247   343313   572303   208379
   208367   572357   343073   595277   168143   541817    68597   408437    52937   597599    95273   673313   445019   673769   357767    78137   622073    77849   622493    77477   622637    77213   623003    76949   623327    76289   623723    75797   632297    67679   632483    67307   632717    66809   633257    60953   621833    26237   254987    26693   604733   102407   647069   291569   631409   158189   531863   104729   356933   127649   491639
   491669   127607   356969   104693   531977   157889   631529   291509   647117   102329   604787   673649   239027   357809    20177   679859    20123   680027    19793   680297    19553   680633    19013   681047    18917   681137    18839   681257    18713   681419    18443   681677    18287   681773    17957   682259    11243   679823   460979    26357    95219   597677    52889   408497    68477   542117   168029   595313   343037   572399   208337
   208223   572423   342899   595547   168023   542183    68447   408563    52859   597689   607517    13367   361799   260999   439133   260849   439199   260753   439289   260543   439667   260207   440039   259829   440183   259667   440507   259157   440987   258977   441179   258743   441443   258527   441557   258443   441569   247847   438989   686639    92489   102317   647147   291443   631559   157823   531983   104459   357107   127583   491783
   491789   127487   357347   104393   532277   157799   631859   291293   647189   610919    67733   358733    32237   667817    32057   668033    31847   668609    31319   668699    31259   668813    31139   669023    30977   669113    30839   669329    30593   669659    30137   669887    30059   670139    29789   670343    29429   670583    21929   667697   632273    89087    52817   408713    68147   542207   167729   595613   342659   572519   208217
   208139   572633   342653   595709   167633   542237    67883   408719    49463    67559   369419   102077   598007   101957   598127   101363   598727   101207   599069   100853   599273   100703   599513   100469   599603   100343   599693    99839   600239    99713   600317    99347   600689    99173   600857    99023   601043    98939   601079    81629   597803   632447   650543   291287   632123   157769   532373   104297   357353   127373   491867
   491969   127163   357359   103997   532379   157559   632153   290669   632459   366227   119429   580763   119087   581099   118673   581549   118343   581729   118253   581843   117989   582167   117833   582209   117779   582509   117443   582677   117269   582767   117119   582983   116993   583139   116639   583469   116483   583619   116279   583733   101627   580379    67547   409337    67853   542447   167627   596009   342647   572843   208037
   207953   572867   342569   596027   167483   542483    66797   510989   363179    59063   641093    58727   641327    58427   641639    58217   641813    58109   642197    57773   642419    57383   642737    57173   642899    57059   643043    56807   643373    56543   643553    56417   643883    56087   644009    55949   644117    55487   644549    55337   644747    44123   640847   189017   633209   157523   532523   103979   357437   127139   492053
   492059   127103   357509   103913   532739   542987   617657   240893   301073   399137   300857   399197   300779   399263   300317   399887   300023   399989   299807   400307   299447   400643   299147   400943   298937   401417   298049   401993   297953   402197   297707   402383   297503   402923   296969   403097   296843   403253   296507   403757   296129   403889   408137   398759    82349   157019   167267   596093   342497   572903   207947
   207923   572927   342413   596117   539129   140123   359357    75659   624467    75527   624599    75323   624737    75209   624839    75029   625103    74897   625133    74687   625397    74597   625517    74363   625913    74027   626033    73943   626147    73847   626333    73643   626393    73529   626489    73379   626963    73019   627083    72623   627953    71993   628097    64037   624233   559883   160877   103889   357593   127079   492083
   492377   127037   357659   102107   144299   359027   167099   532919   166973   533303   166679   533363   166457   533837   166043   533993   165947   534173   165533   534923   164987   535169   164477   535697   164279   535757   164147   535967   163859   536273   163307   537413   162419   537743   162257   538049   161879   538199   161639   538553   161309   538739   160997   539039   154943   532757   555707   597899   342347   572969   207629
   207593   573179   692249   581597   359129   177623   522623   177347   522737   177257   522839   176699   523433   176369   523673   176243   523793   176159   523877   175949   524087   175499   524939   174989   525257   174653   525593   174407   525677   174197   525869   173969   526073   173867   526199   173783   526307   173357   526709   173273   526739   173177   527123   172877   527333   166259   522167   118409     7757   126827   492413
   492563   573863   697217   358979   114143   585917   113969   586073   113657   586493   113417   586679   113213   586979   112919   587219   112589   587429   112403   587669   112253   587987   111893   588173   111767   588347   111623   588509   111323   588743   111227   588953   111029   589187   110597   589439   110477   589877   109883   590489   109469   590573   109397   590627   109253   590867   102587   585839     2789   126143   207443
   494849   111269     3347     1667   698387     1613   698447     1523   698507     1439   698723     1277   698903      953   699059      929   699119      809   699287      683   699437      563   699449      479   699539      449   699617      239   699947       53   700001   349967   350087   349913   350213   349787   350453   349343   350963   348827   351479   348443   351587   348407   351653   348209   351929   346139   698297   588737   205157
   470663   356093   138407   561767   138209   561809   138059   562007   137723   562307   137597   562439   137399   562613   137303   563117   136649   563447   136463   563663   136193   564359   135599   564617   135353   564797   135089   564989   134669   565517   134417   565637   134339   565787   134213   565919   134033   566057   133733   566567   133283   567053   132947   567143   132749   567383   132437   567659   129119   561419   229343
    74699   219293   480989   218963   481133   218849   481379   218417   482099   217793   482309   217619   482507   217409   482687   217253   482837   216617   483773   216179   484067   215927   484283   215399   484613   215279   484733   215153   485063   214883   485417   214559   485543   214439   486053   213887   486179   213713   486407   213557   486539   213329   486797   213173   486977   212999   487133   212579   487637   490463   480569
