   215273   484853   214943   485123   214589   485447   214463   485567   213953   486119   213827   486293   213599   486449   213467   486677   213209   486833   213029   487007   212873   487427   212369   487709   212117   488009   211949   488513   211433   488603   211373   488687   211283   488759   211097   489179   210809   489407   210557   489479   210467   489659   210317   489743   210173   490019   209837   490367   209543   491129   346547
   490859   134669   565517   134417   565637   134339   565787   134213   565919   134033   566057   133733   566567   133283   567053   132947   567143   132749   567383   132437   567659   132287   567947   131909   568367   131363   568709   131129   569189   130769   569417   130343   569747   130079   570047   129893   570413   129587   570467   129509   570509   129419   570659   129287   570743   129119   571019   128969   575213   342497   209147
   209039   571133      239   699947       53   700001   349967   350087   349913   350213   349787   350453   349343   350963   348827   351479   348443   351587   348407   351653   348209   351929   347957   352073   347873   352193   347513   352907   347057   352973   346553   353567   346349   353747   346223   353819   346139   353963   345749   354317   345473   354677   345263   354779   344969   355049   344543   343787   359129   128873   490967
   491219   128327   355643   111053   588977   110819   589409   110567   589529   110129   590123   109517   590537   109433   590609   109379   590753   109139   591089   108893   591137   108497   591659   108263   591827   107873   592139   107717   592307   107357   592727   107243   592973   106823   593387   106487   593573   106373   593903   106019   593993   105983   594107   105557   594569   105389   605609   336689   344363   571679   208787
   208673   571847   344327   594899   173867   526199   173783   526307   173357   526709   173273   526739   173177   527123   172877   527333   172607   527453   172517   527633   172307   527789   172097   528137   171707   528623   171299   528929   170957   529229   170369   530063   169919   530093   169823   530237   169709   530339   169493   530549   169409   530693   169199   531143   168803   540233   338027   105107   355679   128159   491333
   491339   128153   355763   104933   531263   162263   537749   161957   538127   161807   538367   161453   538697   161267   539009   160967   539267   160697   539507   160373   539639   160343   539687   160169   539843   159857   540167   159833   540269   159629   540383   159617   540437   159407   540713   159233   540779   159017   541097   158657   541439   158537   541577   158393   557987   331907   168743   595073   344243   571853   208667
   208589   571973   344207   595157   168719   541763    73613   626477    73517   626627    73043   626987    72923   627383    72053   628013    71909   628127    71867   628217    71633   628673    71327   628757    71129   628937    70997   629339    70589   629567    70199   629843    70079   629939    70019   630107    69809   630353    69539   630689    69203   630863    68993   641789   336989   158243   531287   104849   355799   128033   491417
   491429   127979   355853   104759   531863   158189   631187   296969   403097   296843   403253   296507   403757   296129   403889   296027   404489   295313   404819   295037   405347   294509   405527   294347   405689   294179   405857   294059   406403   293507   406547   293357   406859   293123   406907   292517   407579   292367   407723   292223   407969   291869   417239   338279    68819   541817   168143   595247   344153   572027   208577
   208469   572093   344039   595277   168029   542117    68777   408173    56087   644009    55949   644117    55487   644549    55337   644747    55217   644843    55073   645023    54869   645233    54623   645443    54539   645503    54377   645683    54293   645737    54167   646013    53939   646157    53813   646307    53609   646859    53117   646913    53069   657497   337907   291833   631229   157889   531977   104729   355967   127913   491537
   491627   127703   356093   104693   531983   157823   631307   291743   647033   116483   583619   116279   583733   116009   584027   115853   584183   115757   584279   115613   584417   115343   584873   115127   584993   114689   585413   114419   585677   114269   585839   114143   585917   113969   586073   113657   586493   113417   586679   113213   608987   326657    52973   408263    68699   542183   168023   595313   343913   572303   208379
   208367   572357   343313   595547   167729   542207    68597   408437    52967   586979    99173   600857    99023   601043    98939   601079    98627   601487    98123   601949    97973   602039    97919   602333    97553   602543    97379   602639    97007   603149    96797   603227    96749   603563    96059   603989    95783   604259    95393   615743   337697   113027   647039   291569   631409   157799   532277   104459   356693   127649   491639
   491669   127607   356933   104393   532373   157769   631529   291509   647069   112919   604727    29429   670583    29387   670673    29243   670853    29129   671189    28703   671357    28403   671717    28277   671777    27947   672227    27689   672557    27239   672827    27143   673019    26849   673193    26783   673247    26693   687317   334637    95279   587087    52937   408497    68477   542237   167633   595613   343073   572399   208337
   208223   572423   343037   595709   167627   542447    68447   408563    52889   587219    95273   673613   257867   442319   257639   442487   257489   442733   257189   442829   256967   443117   256877   443249   256643   443489   256169   443873   256019   444029   255917   444167   255713   444347   255467   444623   255329   458027   335507    26393   604733   112787   647117   291443   631559   157559   532379   104297   356969   127583   491783
   491789   127487   357107   103997   532523   157523   631859   291293   647147   112589   604787    26387   444767    17729   682337    17579   682673    17327   683303    16649   683453    16529   683513    16319   683777    16223   683789    16187   683909    16073   683939    15887   684239    15737   684647    15233   699287   333737   255239   673619    95219   587417    52859   408713    68147   542483   167483   596009   342899   572519   208217
   208139   572633   342659   596027   167267   542579    67883   408719    52817   587429    95177   673649   255173   684857    74897   625133    74699   625319    74609   625409    74489   625643    74093   625979    73973   626063    73859   626159    73673   626363    65213   634859    65063   634979    65003   650813   333779    15149   444833    26357   604829   112577   647189   291287   632123   157427   532739   103979   357347   127373   491867
   491969   127163   357353   103913   532757   157259   632153   290999   647333   112403   604997    26339   444869    15137   635087    62939   637079    62723   637319    62627   637409    62507   637529    62297   637787    62189   638303    61583   638453    61547   638663    61007   639053    60923   651239   336887    64919   684869   255137   673667    95009   587603    52673   409007    67853   542747   167249   596093   342653   572843   208037
   207953   572867   342647   596117   167099   542873    67733   409043    52553   587669    94889   673769   255077   684923    64667   639137     1733   698297     1667   698387     1613   698447     1523   698507     1439   698723     1277   698903      953   699059      929   699119      809   361793   686879    60869   635339    15083   444929    26237   605117   112337   647453   290963   632273   157133   532907   103889   357359   127139   492053
   492059   127103   357437   103643   532919   157019   632297   290669   647477   112253   605393    26189   444953    15017   635507    60737   699323   228707   471389   228539   471749   228203   471893   228077   472133   227537   472643   227207   472817   227159   472859   226553   494849   327737      683   639269    64499   684989   255053   673817    94613   587753    52529   409337    67709   542987   167087   596363   342569   572903   207947
   207923   572927   342413   596423   166973   542999    67679   409349    52517   587987    94529   674117   254987   685109    64439   639563      569   473519   331217   369023   330887   369353   330587   369647   330347   369959   329873   370217   329393   370619   329333   326663   392927   226487   699437    60443   635567    14897   445019    25889   605477   112019   647489   290657   632327   157007   533033   103583   357593   127079   492083
   492377   127037   357659   103217   533303   156719   632447   290627   647627   111893   605543    25847   445229    14759   635603    60317   699443   226427   370883    41729   658319    41627   658403    41519   658607    41357   658817    40847   659177    40583   681047   328007   329123   473579      563   639689    64403   685247   254777   674159    94463   588113    52379   409379    67559   543287   166703   596789   342347   572969   207629
   207593   573179   342239   596927   166679   543299    67547   409517    52313   588173    94433   674273   254699   685337    64157   639713      557   473597   328919   659513    39503   660563    39323   660887    39113   660899    39089   660983    38903   675977   334793    40493   371087   226409   699449    60293   635849    14669   445307    25733   605573   111833   647693   290489   632459   156707   533327   103079   357767   126827   492413
   492563   126743   357809   103043   533363   156623   632483   290189   647747   111767   605837    25643   445799    14639   635939    60167   699527   226283   371177    40283   661139   318473   381629   318347   381707   317969   382103   317777   315779   416243    38867   659723   328829   473723      479   639839    64067   685367   254207   674363    94169   588239    52259   409817    67523   543383   166643   596963   342197   573263   207443
   207377   573647   341927   597053   166457   543539    67307   409823    52253   588347    93923   674483   254039   685637    64037   639857      467   473789   328667   659843    38747   382553   203663   496427   203117   496949   202889   194483   652493   317453   661259    40163   371339   226217   699539    60149   635969    14369   445967    25523   606083   111659   647753   290183   632699   156467   533549   102953   358079   126359   492629
   492719   126143   358229   102797   533747   156347   632717   290039   647783   111623   606113    25469   446003    14327   636149    59999   699557   226007   371387    39953   661439   317363   497339   315893   384407   315569   311897   422249   202667   382643    38567   660053   328619   473999      449   640007    63857   685679   254003   674537    93893   588383    52223   409967    67289   543659   166259   597209   341777   573863   207287
   207113   573899   341729   597353   166169   543887    66809   410117    51977   588509    93683   674699   253919   685973    63743   640049      389   474017   328589   660119    38459   382727   202409   384479    34283   690119   325607   315527   497597   317279   661547    39887   371417   225989   699617    59957   636263    14033   446087    25307   606323   111497   648029   289889   633197   156119   533837   102653   358277   126107   492893
   493013   125897   358499   102587   533963   155783   633209   289763   648107   111323   606443    25247   446273    13997   636287    59879   361769   225977   371627    39869   661553   317159   497603   385607   641327   350003    58679   314399   202403   382847    38453   660137   328379   474029   338237   640127    63719   686009   253733   674759    93563   588683    51899   410243    66797   544223   166043   597419   341507   574109   206993
   206939   574289   341339   597473   166013   544259    66749   410279    51767   588737    93557   674837   253607   686039    63647   640259   338033   474197   328373   660167    38393   382883   498647   386279   374399     9887   665723   313727   201359   317123   661613    39839   371633   225809   361973    59747   636359    13967   446399    25169   606449   111269   648239   289727   633257   155747   533993   102533   358667   125717   493067
   493109   125639   358703   102407   534059   155087   633377   289319   648257   111263   606503    25127   446657    13907   636407    59699   362147   225569   371663    39779   661673   315803   502847   277757   315599   384437   388109   384113   197159   384203    38333   660227   328343   474437   337859   640307    63599   686099   253349   674879    93503   588743    51749   410687    66629   544919   165947   597599   341303   574367   206897
   206879   574619   341273   597677   165833   544937    66533   410903    51713   588779    93479   675029   253247   686177    63533   640613   337793   474479   328109   660347   663737   449303    47513   203579   496889   203057   497117   505523   496343   250703    36269    39659   371897   225527   362213    59393   636473    13829   446759    24977   606527   111227   648293   289103   633473   155069   534173   102329   358733   125387   493127
   493193   125339   358979   102317   534473   155027   633497   288839   648677   100469   606587    24923   447107    13553   636533    59357   362657   225509   371939   663539    20177   283763   318377   381659   318299   382037   317903   382229   384227   381533   679829    36467   328067   474497   337349   640649    63473   686453   252899   675083    93419   599537    51329   411167    66509   544979   165533   597689   341027   574667   206813
   206603   574703   340979   597803   165083   545063    66383   411233    51287   599603    93263   675197   252887   686519    63467   640733   337313   474503   372299    12899   365213    39443   660683    39119   660893    39107   660917    39023   661103    24029   660503   687107   327707   225503   362693    59273   636539    13487   447119    24809   606743   100403   648719   288773   633623   154943   534923   102203   359027   125303   493403
   493463   125207   359069   102107   535019   154619   633629   288527   648803   100343   607049    24767   447137    13367   636563    59159   362723   475679   368117   371999    41687   658379    41603   658487    41399   658649    41189   659159    40829   659423    18959   658277   331889   224327   337283   640847    63443   686639   252869   675239    92957   599663    51203   411479    66377   545387   164987   597899   340937   574799   206543
   206483   574913   340859   597929   164837   545483    66239   411617    50849   599693    92849   675347   252827   686669    63353   640943   677813   199523   307079   330983   369119   330653   369419   330359   369659   330047   370133   329789   370613   329387   370673   373343   368789   500483    22193    59063   636653    13337   447179    24659   607157   100313   649157   288389   633767   154523   535169   102077   359147   125093   493523
   493607   124979   359297   101999   535529   154247   633833   288227   649217    99839   607253    24593   447683    13217   636809   641897   695117   372269   228617   471467   228257   471803   228113   471929   227873   472469   227363   472799   227189   472847   227147   473453   205157   471299     4889    58109    63197   686789   252323   675413    92753   600167    50789   411779    66173   545759   164477   598007   340709   575027   206399
   206273   575087   340649   598049   164309   545933    66083   412067    50723   600239    92699   675593   251939   686843   640589    41927    13127     1709   698339     1619   698393     1559   698483     1499   698567     1283   698729     1103   699053      947   699077      887   699197   338213   698273   658079    59417    13163   448067    24413   607307    99767   649283   287939   633923   154073   535697   101957   359357   124919   493733
   493853   124853   359837   101879   535727   154067   634013   287933   649379    99713   607337    24179   448367    12647    32429   363119    62927   637283    62687   637379    62597   637499    62477   637709    62219   637817    61703   638423    61553   638459    61343   638999    60953   639083    48767   637067   667577   687359   251639   675827    92669   600293    50627   412073    65993   545939   164279   598127   340169   575153   206153
   206069   575303   339839   598379   164249   546053    65927   412133    50549   600317    92657   675923   251003   667427   366227    74873   625307    74687   625397    74597   625517    74363   625913    74027   626033    73943   626147    73847   626333    73643   634793    65147   634943    65027   635003    49193   625109    32579   449003    24083   607349    99689   649457   287873   634079   153953   535757   101627   360167   124703   493937
   493967   124577   360257   101363   535859   153743   634169   287849   649619    99347   607517    21803   429467   366269    17669   682427    17333   682679    16703   683357    16553   683477    16493   683687    16229   683783    16217   683819    16097   683933    16067   684119    15767   684269    15359   684773      719   682277   270539   678203    92489   600659    50387   412157    65837   546263   164147   598643   339749   575429   206039
   206033   575513   339413   598727   164039   546317    65699   412193    50363   600689   616787   658247   364499   257687   442367   257519   442517   257273   442817   257177   443039   256889   443129   256757   443363   256517   443837   256133   443987   255977   444089   255839   444293   255659   444539   255383   444677   241979   442139    41759    83219    99317   649643   287813   634307   153689   535967   101279   360593   124493   493973
   493979   124433   360749   101207   536147   153437   634373   287549   649799    93047    65327   365369    29423   670619    29333   670763    29153   670877    28817   671303    28649   671603    28289   671729    28229   672059    27779   672317    27449   672767    27179   672863    26987   673157    26813   673223    26759   673313    12689   670577   634679   606959    50207   412457    65633   546569   163859   598799   339257   575573   206027
   205937   575579   339137   599069   163733   546599    65609   412619   649829   579107   362309    99149   600983    98963   601067    98927   601379    98519   601883    98057   602033    97967   602087    97673   602453    97463   602627    97367   602999    96857   603209    96779   603257    96443   603947    96017   604223    95747   604613    84263   600833   120899    50177   287387   634397   153407   536273   100937   360869   124427   494069
   494093   124337   361013   100853   536699   153287   634649   412949    33479   373349   116387   583727   116273   583997   115979   584153   115823   584249   115727   584393   115589   584663   115133   584879   115013   585317   114593   585587   114329   585737   114167   585863   114089   586037   113933   586349   113513   586589   113327   586793    91019   583523   666527   287057    65357   546719   163307   599153   338993   575669   205913
   205619   575867   338669   599273   162593   546869    63059   268607   362099    55997   644057    55889   644519    55457   644669    55259   644789    55163   644933    54983   645137    54773   645383    54563   645467    54503   645629    54323   645713    54269   645839    53993   646067    53849   646193    53699   646397    53147   646889    53093   646937    42509   643919   431399   636947   153137   537413   100733   361337   124139   494387
   494519   123887   361433   100703   537587   152297   617699   361727   296909   403163   296753   403499   296249   403877   296117   403979   295517   404693   295187   404969   294659   405497   294479   405659   294317   405827   294149   405947   293603   406499   293459   406649   293147   406883   293099   407489   292427   407639   292283   407783   292037   408137   282767   403037    82307   547709   162419   599303   338573   576119   205487
   205397   576203   338543   599513   160877   523673   363017    73529   626489    73379   626963    73019   627083    72623   627953    71993   628097    71879   628139    71789   628373    71333   628679    71249   628877    71069   629009    70667   629417    70439   629807    70163   629927    70067   629987    69899   630197    69653   630467    69317   630803    69143   631013    58217   626393   176333   539129   100493   361463   123803   494609
   494687   123719   361637   603047   518813   368099   162257   538049   161879   538199   161639   538553   161309   538739   160997   539039   160739   539309   160499   539633   160367   539663   160319   539837   160163   540149   159839   540173   159737   540377   159623   540389   159569   540599   159293   540773   159227   540989   158909   541349   158567   541469   158429   541613   142019   537743   181193    96959   338369   576287   205319
   205307   576299   361799    75527   361979   173807   526223   173699   526649   173297   526733   173267   526829   172883   527129   172673   527399   172553   527489   172373   527699   172217   527909   171869   528299   171383   528707   171077   529049   170777   529637   169943   530087   169913   530183   169769   530297   169667   530513   169457   530597   169313   530807   168863   531203   159773   526139   624479   338207   123707   494699
   494783   121697   688637   363317   111029   589187   110597   589439   110477   589877   109883   590489   109469   590573   109397   590627   109253   590867   108917   591113   108869   591509   108347   591743   108179   592133   107867   592289   107699   592649   107279   592763   107033   593183   106619   593519   106433   593633   106103   593987   106013   594023   105899   594449   105437   594617    94397   588953    11369   578309   205223
   495563   562607   340877       59   699953        5   350039   349919   350093   349793   350219   349553   350663   349043   351179   348527   351563   348419   351599   348353   351797   348077   352049   347933   352133   347813   352493   347099   352949   347033   353453   346439   353657   346259   353783   346187   353867   346043   354257   345689   354533   345329   354743   345227   355037   344957   355463   356219   699767   137399   204443
   192977   357509   134489   565589   134369   565667   134219   565793   134087   565973   133949   566273   133439   566723   132953   567059   132863   567257   132623   567569   132347   567719   132059   568097   131639   568643   131297   568877   130817   569237   130589   569663   130259   569927   129959   570113   129593   570419   129539   570497   129497   570587   129347   570719   129263   570887   128987   571037   124793   565337   507029
   353459   215153   485063   214883   485417   214559   485543   214439   486053   213887   486179   213713   486407   213557   486539   213329   486797   213173   486977   212999   487133   212579   487637   212297   487889   211997   488057   211493   488573   211403   488633   211319   488723   211247   488909   210827   489197   210599   489449   210527   489539   210347   489689   210263   489833   209987   490169   209639   490463   208877   484733
