   211493   488573   211403   488633   211319   488723   211247   488909   210827   489197   210599   489449   210527   489539   210347   489689   210263   489833   209987   490169   209639   490463   209147   490967   208877   491219   208673   491339   208589   491429   208469   491627   208367   491669   208223   491789   208139   491969   207953   492059   207923   492377   207593   492563   207377   492719   207113   493013   206939   206897   634307
   493127   131129   569189   130769   569417   130343   569747   130079   570047   129893   570413   129587   570467   129509   570509   129419   570659   129287   570743   129119   571019   128969   571133   128327   571847   128153   571973   127979   572093   127703   572357   127607   572423   127487   572633   127163   572867   127103   572927   127037   573179   126743   573647   126143   573899   125897   574289   125639   577043   344543   206879
   206813   574619   346553   353459   346439   353657   346259   353783   346187   353867   346043   354257   345689   354533   345329   354743   345227   355037   344957   355643   344327   355763   344207   355853   344039   356093   343787   356693   343073   356969   342899   357347   342653   357359   342569   357509   342413   357659   342239   357809   341927   358229   341729   358499   341339   358703   341273   339137   366383   125387   493193
   493403   125339   358979   107279   592763   107033   593183   106619   593519   106433   593633   106103   593987   106013   594023   105557   594569   105389   594899   104933   595157   104759   595277   104693   595547   104393   595709   103997   596027   103913   596117   103643   596423   103217   596927   103043   597053   102797   597353   102587   597473   102407   597677   102317   597803   102107   598727   347057   341027   574667   206603
   206543   574703   340979   597929   169919   530093   169823   530237   169709   530339   169493   530549   169409   530693   169199   531143   168803   531263   168719   531863   168029   531983   167729   532373   167627   532523   167267   532757   167099   532919   166973   533303   166679   533363   166457   533747   166169   533963   166013   534059   165833   534473   165083   535019   164837   552809   329789   102077   359027   125303   493463
   493523   125207   359069   101999   535529   159617   540437   159407   540713   159233   540779   159017   541097   158657   541469   158429   541613   158243   541817   157889   542183   157799   542237   157559   542483   157427   542747   157133   542987   157007   543287   156707   543383   156467   543659   156119   544223   155747   544919   155069   544979   154943   545387   154523   559709   333023   164477   598007   340937   574799   206483
   206399   574913   340877   598049   164309   545759    69899   630197    69653   630467    69317   630803    69143   631013    68819   631229    68699   631409    68477   631559    68147   632123    67853   632273    67709   632327    67559   632459    67523   632699    67289   633197    66797   633257    66629   633473    66509   633623    66377   633767    66173   633923    65993   647117   334637   154247   535697   101957   359129   125093   493607
   493733   124979   359147   101879   535727   154073   634079   292367   407723   292223   407969   291869   408173   291743   408437   291509   408563   291293   408719   290999   409043   290669   409349   290627   409517   290189   409823   290039   410117   289763   410279   289319   410903   288839   411233   288527   411617   288227   412067   287933   412133   287849   412949   347513    65927   545933   164279   598127   340859   575027   206273
   206153   575087   340709   598379   164249   545939    65837   412193    53147   646889    53093   646937    52973   647039    52937   647147    52817   647333    52553   647477    52517   647627    52313   647747    52253   647783    51977   648107    51767   648257    51713   648677    51287   648803    50849   649217    50723   649379    50549   649619    50363   649829   348407   287813   634169   154067   535757   101627   359297   124919   493853
   493937   124853   359357   101363   535859   153953   634373   287549   649799   113327   586793   113027   587087   112787   587417   112577   587603   112337   587753   112019   588113   111833   588239   111659   588383   111497   588683   111269   588743   111227   588953   111029   589187   110597   589439   110477   589877   109883   590489   109469   603947   334379    50207   412457    65633   546053   164147   598643   340649   575153   206069
   206039   575213   340169   598799   164039   546263    65609   412619    50129   590573    95219   604829    95009   605117    94613   605543    94433   605609    94169   606083    93893   606323    93563   606449    93503   606527    93419   606743    93047   607049    92849   607253    92699   607337    92657   607517    92237   608273    91703   637379   319049   109433   649877   287387   634397   153743   535967   101207   359837   124793   493967
   493973   124703   360167   100937   536147   153689   634649   286973   649937   109397   608423    26237   673817    25889   674159    25733   674363    25523   674537    25307   674759    25169   674879    24977   675083    24809   675239    24659   675413    24413   675827    24083   675929    24029   676217    23753   676259    23669   677147   348209    91583   590609    50069   413033    65357   546317   163859   599069   339839   575303   206033
   206027   575429   339749   599153   163733   546569    65327   413243    49823   590627    91577   676373   254987   445229   254699   445799   254039   446003   253919   446273   253607   446657   253247   447107   252887   447137   252827   447683   251939   448367   251609   448829   251099   449003   250889   449153   250703   241817   554573    23633   608429   109379   650183   286763   634679   153437   536273   100853   360257   124577   493979
   494069   124493   360593   100733   536699   153407   634793   286589   650477   109253   608609    23537   449333    14033   686009    13967   686099    13829   686453    13487   686639    13337   686789    13163   686879    13109   686963    13037   687023    12923   687107    12689   687359    12569   687593    12323   688763   347933   250673   676469    91397   590753    49529   413417    65213   546599   163307   599273   339413   575513   205937
   205913   575573   339257   599303   162593   546719    65147   413537    49523   590867    91373   676589   250643   687737    71633   628673    71327   628757    71129   628937    70997   629339    70589   629807    70163   629927    70067   629987    62597   637499    62477   637709    62219   637817    61703   654827   331889    12269   449363    23417   608633   109139   650483   286469   634859   153287   537413   100703   360749   124433   494093
   494387   124427   361013   100493   537587   153137   634943   286427   650543   108917   608843    23357   449663    12239   638423    59357   640733    59159   640943    58913   641279    58679   641579    58367   641789    58193   641897    57809   642233    57587   642623    57269   642833    57107   666527   325187    61583   687767   250343   676649    91163   591089    49463   413579    65063   546869   162419   599513   338993   575579   205619
   205487   575669   338669   599537   162263   546893    65027   413807    49193   591113    91019   676679   250307   687779    61553   642947   349919   350093   349793   350219   349553   350663   349043   351179   348527   351563   348419   351653   348077   352049   347873   352193   347099   335123   367019    57059   638453    12227   449699    23327   608987   108893   650813   286199   634979   153113   537743   100469   361337   124337   494519
   494609   124139   361433   100403   537749   153059   635003   285953   650987   108869   609143    23279   449807    12197   638459    56963   352973   225149   474917   225023   475037   224897   475289   224603   475427   224423   475679   224309   475877   224033   476087   223823   505139   320339   347033   643043    61547   687809   250199   676727    90863   591137    49019   414053    65003   546947   162257   599603   338573   575867   205397
   205319   576119   338543   599663   161957   547097    64919   414179    48989   591509    90833   676919   250043   687893    61343   643199   335633   476249   327737   372299   327629   372689   327209   372803   326999   373343   326657   373859   326063   374063   325889   324593   398213   223757   364373    56807   638663    12113   449963    23087   609173   108497   651017   285827   635087   152909   538049   100343   361463   123887   494687
   494699   123803   361637   100313   538127   152783   635339   285539   651239   108347   609359    23063   450083    11939   639053    56633   364499   223637   374123    38453   661613    38327   661769    38183   662357    37529   662513    37313   662789    37139   679607   332447   325883   476369   335507   643373    60953   688067   249923   676943    90647   591659    48767   414467    64667   547223   161879   599693   338369   576203   205307
   205223   576287   338279   600167   161807   547229    64499   414629    48533   591743    90599   676967   249797   688073    60923   643463   335009   476429   325673   662957    36137   664043    35897   664253    35603   664583    35393   664667    35327   683477   330653    37049   374333   223577   364997    56543   639083    11933   450209    23039   609407   108263   651473   285377   635507   152777   538199    99839   361727   123719   494783
   494849   123707   361769    99767   538367   152519   635567   285227   651509   108179   609533    23027   450227    11909   639137    56453   365129   223529   374399    36857   664739   315269   384827   314927   385127   314813   385199   314627   312989   422249    35267   663149   325607   476477   334877   643553    60869   688097   249779   676979    90473   591827    48497   414779    64439   547487   161639   600239   338237   576299   205157
   205133   576683   338213   600293   161453   547577    64403   414893    48239   592133    90407   677309   249749   688139    60737   643589   334793   476513   325319   663239    35159   385403   199403   500693   199049   501029   198929   193649   657269   314603   664847    36767   374687   223493   365213    56417   639269    11867   450257    22697   609599   107873   651767   285113   635603   152429   538553    99713   361793   123323   494873
   494903   122939   361799    99689   538697   152423   635849   284897   651809   107867   609743    22619   450413    11789   639563    56123   365513   223403   374987    36599   665123   314513   501173   312383   387917   312029   310949   426737   198833   385493    34883   663407   325019   476603   334493   643883    60443   688217   249593   677387    90263   592139    48197   415109    64157   547583   161309   600317   338207   577067   205103
   205019   577397   338033   600659   161267   547643    64067   415187    47777   592289    90227   677639   249533   688223    60317   643919   334247   476639   324977   663539    34739   385607   198719   388109    26393   691343   332273   311897   501287   314399   665267    36467   375029   223367   365759    56087   639689    11783   450473    22367   609779   107717   652229   284819   635939   152363   538739    99347   361973   122609   494987
   495119   122579   361979    99317   539009   152297   635969   284489   652493   107699   609803    22349   450503    11369   639713    55997   366077   223253   375113    36353   665303   314267   501317   308327   655883   350003    44123   391679   198689   385739    34703   663653   324893   476753   333929   644009    60293   688637   249503   677657    90203   592307    47513   415517    64037   547709   160997   600689   338027   577427   204887
   204857   577517   337907   600833   160967   547787    63857   415523    47507   592649    90197   677813   249449   688733    60167   644057   333779   476759   324773   663713    34499   385793   502079   467927   367733     8663   673613   232079   197927   314213   665507    36293   375233   223247   366227    55949   639839    11273   450557    22193   609809   107357   652499   284483   636149   152219   539039    99173   362099   122489   495149
   495449   122477   362147    99149   539129   152189   636263   284447   652667    96959   609989    22079   450587    11117   639857    55889   366287   222857   375359    36269   665549   388319   504593   273269   312089   387977   389057   387623   195413   311687    34457   663737   324647   477149   333719   644117    60149   688889   249419   677927    90017   603047    47339   415559    63743   547817   160877   600857   337859   577529   204557
   204443   577613   337793   600983   160739   547823    63719   415577    47279   603149    89849   678077   249329   688979    59999   644519   333713   477293   324557   663797   669329   383099    42737   199313   500957   198977   501077   506357   500603   316907    30677    36209   375449   222713   366293    55487   640007    11027   450677    21929   610157    96857   652727   284429   636287   152183   539267    99023   362213   122393   495563
   495569   122267   362309    98963   539309   152003   636359   284057   652913    96797   610187    21803   450719    10973   640049    55457   366467   222647   375509   673157    10103   277757   315179   385079   314879   385193   314807   385379   387017   384737   689903    26849   324497   477359   333539   644549    59957   689033   249287   678203    89819   603209    47093   415949    63647   548003   160697   601043   337697   577739   204437
   204377   577799   337349   601067   160499   548039    63599   416147    46889   603227    89597   678407   249107   689267    59879   644669   333323   477677   376307     7547   369353    35963   664109    35753   664403    35423   664613    35339   664679    16529   663869   692459   323699   222329   366683    55337   640127    10739   450899    21599   610409    96779   653117   283859   636407   151967   539507    98939   362657   122207   495629
   495647   122069   362693    98927   539633   151937   636473   283763   653153    96749   610439    21569   450917    10613   640259    55259   367277   477947   369419   367559    38393   661679    38237   661823    37649   662477    37493   662693    37217   662867    20399   661553   330587   222059   332729   644747    59747   689393   249089   678437    89567   603257    46853   416243    63533   548069   160373   601079   337313   577937   204359
   204299   577979   337283   601379   160367   548123    63473   416399    46649   603563    89387   678599   248909   689693    59699   644789   331553   190403   301793   327707   372377   327317   372797   327203   373007   326663   373349   326147   373943   325943   374117   375413   372269   509603   368453    55217   640307    10313   451097    21407   610619    96443   653357   283607   636533   151883   539639    98627   362723   122027   495707
   495773   121889   363017    98519   539663   151817   636539   283463   653363    96017   610703    21347   451103    10139   640589    55163   380879   379667   225089   474983   224969   475109   224717   475403   224579   475583   224327   475697   224129   475973   223919   476183   194867   474857   319127   644843    59417   689867   248903   678659    89303   603989    46643   416543    63467   548189   160343   601487   336989   578117   204233
   204107   578309   336887   601883   160319   548363    63443   416873    46499   604223    89273   678779   248609   689873    59393   616799   332987   349913   350213   349787   350453   349343   350963   348827   351479   348443   351587   348353   351929   347957   352133   347813   352907   364883   350087    83207   640613    10133   451397    21227   610733    95783   653507   283133   636563   151643   539687    98123   363119   121697   495899
   495947   121607   363149    98057   539837   151607   636653   282917   653777    95747   610817    21017   451523   690377   611207   374819    59273   640847    59063   641093    58727   641327    58427   641639    58217   641813    58109   642197    57773   642419    57383   642737    57173   642899    33479   640649    88799     9629   248483   678989    89189   604259    46229   417089    63353   548399   160169   601949   336857   578399   204059
   204047   578453   336827   602033   160163   548453    63197   417173    46187   604613    89087   679067   454379     4919   368117    71333   628679    71249   628877    71069   629009    70667   629417    70199   629843    70079   629939    70019   637409    62507   637529    62297   637787    62189   638303    45179   628373   695087   245627    20939   610919    95393   653819   282833   636809   151553   539843    97973   363179   121553   495959
   495983   121523   363317    97967   540149   151517   636947   282767   653903    95279   611069    20543   444929   352073    13997   686039    13907   686177    13553   686519    13367   686669    13217   686843    13127   686897    13043   686969    12983   687083    12899   687317    12647   687437    12413   687683    11243   685973   255077   679463    88937   604727    46103   417239    63059   548489   159857   602039   336689   578483   204023
   203999   578537   336437   602087   159839   548753    62939   417293    45959   604733    83459   673247   145433   254777   445307   254207   445967   254003   446087   253733   446399   253349   446759   252899   447119   252869   447179   252323   448067   251639   448397   251177   448907   251003   449117   250853   449303   458189   445019    26759   616547    95273   654047   282713   637067   151253   540167    97919   363569   121469   496007
   496163   121403   363767    97673   540173   151169   637079   282389   654053   607619   580373   351797    26189   674117    25847   674273    25643   674483    25469   674699    25247   674837    25127   675029    24923   675197    24767   675347    24593   675593    24179   675923    24077   675977    23789   676253    23747   676337    22859   673769   119633    92387    45953   417617    62927   548837   159833   602333   336239   578603   203843
   203663   578693   336059   602453   159773   548843    62723   417623   655229    70439   380957    95177   604997    94889   605393    94463   605573    94397   605837    93923   606113    93683   606443    93557   606503    93479   606587    93263   606959    92957   607157    92753   607307    92669   607349    92489   607769    91733   608303    62627   604787   629567    44777   282383   637283   151163   540233    97553   363947   121313   496343
   496427   121229   363977    97463   540269   151049   637319   418343    38333   365627   113213   586979   112919   587219   112589   587429   112403   587669   112253   587987   111893   588173   111767   588347   111623   588509   111323   588737   111263   588779   111053   588977   110819   589409   110567   589529   110129   590123   109517   590537    96059   586679   661673   281663    62687   548957   159737   602543   336029   578777   203579
   203117   578999   335879   602627   159629   549503   638999   272567   351599    53117   646913    53069   647033    52967   647069    52859   647189    52673   647453    52529   647489    52379   647693    52259   647753    52223   648029    51899   648239    51749   648293    51329   648719    51203   649157    50789   649283    50627   649457    50387   649643    50177   646859   427439    61007   150503   540377    97379   364127   121007   496889
   496949   120899   364193    97367   540383   555287    39869   352493   292283   407783   292037   408137   291833   408263   291569   408497   291443   408713   291287   409007   290963   409337   290657   409379   290489   409817   290183   409967   289889   410243   289727   410687   289103   411167   288773   411479   288389   411779   287939   412073   287873   412157   287057   407639   660137   144719   159623   602639   335813   579107   203057
   202889   579239   335693   602999   158567   120233   365369    69809   630353    69539   630689    69203   630863    68993   631187    68777   631307    68597   631529    68447   631859    67883   632153    67733   632297    67679   632447    67547   632483    67307   632717    66809   633209    66749   633377    66533   633497    66383   633629    66239   633833    66083   634013    52889   630107   579773   541439    97007   364313   120767   497117
   497339   120503   364337   605477   513419   366983   159569   540599   159293   540773   159227   540989   158909   541349   158537   541577   158393   541763   158189   542117   157823   542207   157769   542447   157523   542579   157259   542873   157019   542999   156719   543299   156623   543539   156347   543887   155783   544259   155087   544937   155027   545063   154619   545483   140297   540389   186587    94529   335669   579503   202667
   202409   579533   333737    83177   370217   169913   530183   169769   530297   169667   530513   169457   530597   169313   530807   168863   531203   168743   531287   168143   531977   168023   532277   167633   532379   167483   532739   167249   532907   167087   533033   166703   533327   166643   533549   166259   533837   166043   533993   165947   534173   165533   534923   164987   535169   147197   530087   616829   366269   120473   497597
   497603   580259   374789   352949   107243   592973   106823   593387   106487   593573   106373   593903   106019   593993   105983   594449   105437   594617   105107   595073   104849   595247   104729   595313   104459   595613   104297   596009   103979   596093   103889   596363   103583   596789   103079   596963   102953   597209   102653   597419   102533   597599   102329   597689   102203   597899   101279   592727   325217   119747   202403
   499349   105899   333623   346547   353567   346349   353747   346223   353819   346139   353963   345749   354317   345473   354677   345263   354779   344969   355049   344363   355679   344243   355799   344153   355967   343913   356219   343313   356933   343037   357107   342659   357353   342647   357437   342497   357593   342347   357767   342197   358079   341777   358277   341507   358667   341303   358733   360869   353453   594107   200657
   478157   355463   130817   569237   130589   569663   130259   569927   129959   570113   129593   570419   129539   570497   129497   570587   129347   570719   129263   570887   128987   571037   128873   571679   128159   571853   128033   572027   127913   572303   127649   572399   127583   572519   127373   572843   127139   572903   127079   572969   126827   573263   126359   573863   126107   574109   125717   574367   122963   568877   221849
    65699   211433   488603   211373   488687   211283   488759   211097   489179   210809   489407   210557   489479   210467   489659   210317   489743   210173   490019   209837   490367   209543   490859   209039   491129   208787   491333   208667   491417   208577   491537   208379   491639   208337   491783   208217   491867   208037   492053   207947   492083   207629   492413   207443   492629   207287   492893   206993   493067   493109   488513
