   225023   475037   224897   475289   224603   475427   224423   475679   224309   475877   224033   476087   223823   476249   223637   476429   223529   476513   223403   476639   223253   476759   222857   477293   222647   477677   222197   477857   222107   477947   222029   478157   221807   478259   221603   478679   221219   478913   221069   479147   219983   480047   219839   480209   219707   480317   219677   480419   219503   219437   608633
   480713   144839   555287   144413   555683   144299   556007   143519   556763   143063   557027   142973   557057   142733   557309   142469   557573   142217   557987   141803   558287   141509   558563   141179   559067   140729   559343   140639   559529   140423   559667   140333   559709   140207   559883   139967   560123   139709   560459   139409   560639   139169   560873   139109   560939   138959   561083   138647   567947   341027   219293
   219017   561377     6197   694019     5927   694193     5783   694313     5657   694367     5519   694523     5387   694919     5009   695003     4937   695087     4889   695207     4679   695369     4229   695867     4133   695879     4079   695999     3929   696083     3767   696413     3389   696659     3119   697049     2927   697127     2789   697373     2609   697457     2423   697673     2273   697877     2069   699527   346439   138629   480989
   481043   138617   697967   119243   580919   118907   581333   118457   581597   118343   581729   118253   581843   117989   582167   117833   582209   117779   582509   117443   582677   117269   582767   117119   582983   116993   583139   116639   583469   116483   583619   116279   583733   116009   584027   115853   584183   115757   584279   115613   584417   115343   584873   115127   584993   114689   585737   347513     2039   561389   218963
   218873   561419     2027   585413   182639   517403   182549   517469   182519   517553   182417   517619   182129   517949   181757   518387   181409   518729   181199   518813   180779   519257   180647   519383   180497   519587   179939   520103   179813   520313   179657   520427   179573   520649   179327   520763   178853   521309   178643   521393   178559   521519   178469   521567   178403   527123   343037   114593   697979   138587   481133
   481157   138407   698183   114419   521657   173297   526733   173267   526829   172877   527333   172607   527453   172517   527633   172217   527909   171869   528299   171383   528707   171077   529049   170777   529637   169943   530087   169913   530183   169769   530297   169667   530513   169457   530597   169313   530807   168863   531203   168743   531287   168143   531977   168023   539009   340859   178349   585587     1823   561599   218849
   218627   561767     1733   585677   178187   532277    82307   617843    81953   618257    81737   618329    81629   618437    81299   618833    81077   619187    80039   620033    79907   620117    79847   620183    79769   620393    79427   620639    79349   620777    79193   621017    78977   621113    78779   621353    78479   621833    78137   622073    77849   622493    77477   623717   346259   167729   521819   114329   698273   138239   481379
   481589   138209   698297   114167   521879   167633   622637   305999   394073   305849   394223   305639   394409   305483   394529   305369   394643   305267   394787   304979   395069   304847   395243   304553   395657   303803   396239   303713   396323   303593   396509   303473   396629   303293   396719   303119   396953   302969   397259   302723   397427   302573   398303   347873    77369   532373   178127   585839     1709   561797   218417
   217907   561809     1667   585863   178103   532379    77213   397493    63857   636263    63719   636359    63599   636473    63473   636539    63443   636653    63197   636947    62939   637079    62723   637319    62627   637409    62507   637529    62297   637787    62189   638303    61583   638453    61547   638663    61007   639053    60923   639137    60737   639839   347933   302513   622793   167627   521903   114143   698339   138197   482099
   482213   138059   698387   114089   522113   167483   623003   302459   639563   124919   575153   124793   575303   124577   575513   124433   575579   124337   575867   123887   576203   123719   576299   123323   577043   122939   577397   122579   577517   122477   577613   122267   577799   122069   577979   121889   578309   121607   578453   121523   578777   347957    60443   397547    77003   532523   177893   585917     1619   561947   217793
   217697   562007     1613   586073   177839   532739    76949   397589    60317   578537   107717   592307   107357   592727   107243   592973   106823   593387   106487   593573   106373   593903   106019   593993   105983   594107   105557   594569   105389   594899   104933   595157   104759   595277   104693   595547   104393   596009   103979   596927   347033   121469   639689   302417   623057   167267   522167   113933   698393   137999   482309
   482387   137723   698447   113657   522383   167249   623327   301943   639857   121403   596093    37493   662693    37217   662867    37049   663149    36767   663407    36467   663653    36293   663737    36209   663869    35963   664109    35753   664403    35423   664613    35339   664679    35267   664847    34883   665267    34703   665549   348419   103913   578603    60149   398063    76679   532757   177623   586349     1559   562283   217619
   217499   562307     1523   586493   177383   532907    76283   398129    59999   578693   103889   665507   266159   433877   266117   434249   265739   434297   265703   434387   265547   434813   265157   434927   264899   435179   264749   435263   264443   435569   264359   435653   264167   435893   264083   435947   263909   438443   346553    34499   596117   121313   640007   301877   623723   167099   522623   113513   698483   137699   482507
   482597   137597   698507   113417   522659   167087   624209   301793   640049   121007   596363    34403   436157    24923   675197    24767   675347    24593   675593    24179   675923    24029   676217    23753   676259    23669   676373    23537   676589    23357   676679    23279   676919    23063   676967    23027   678779   347057   263849   665603   103643   578999    59957   398213    75797   532919   177347   586589     1499   562409   217409
   217319   562439     1439   586679   177269   533033    75773   398357    59879   579107   103583   665723   263723   677147    83417   616787    83207   616829    83063   616997    82757   617387    82559   617537    82349   626477    73517   626627    73043   626987    72923   627383    72053   628013    71909   631559   336689    22859   436283    34283   596423   120899   640127   301649   624233   166973   522737   113327   698567   137567   482687
   482753   137399   698723   113213   522749   166703   624347   301583   640259   120767   596789    34259   436439    22697   628127    69653   630689    69203   630863    68993   631187    68777   631307    68597   631529    68147   632123    67853   632273    67709   632327    67559   632459    67523   634943   346349    71879   677309   263567   665747   103217   579239    59747   398423    75659   533303   177257   586793     1283   562607   217253
   217169   562613     1277   586979   177167   533327    75539   398543    59699   579503   103043   665789   263399   677387    71867   632699     7673   692423     7547   692753     7079   692963     6917   693137     6857   693179     6689   693353     6569   693533     6329   693683     6317   355463   687593    67307   628139    22619   436607    34217   596963   120503   640307   301463   624467   166679   522839   113027   698729   137393   482837
   483389   137303   698903   112919   523307   166643   624479   301247   640589   120473   597053    33863   436739    22367   628217    67289   693743   237563   462719   237233   462827   237143   462953   236723   463433   236549   463787   236087   464129   235793   464327   235559   468899   344327     6263   632717    71789   677639   263267   666143   102953   579533    59417   398759    75527   533363   176699   587087     1103   562703   216617
   216233   563117      953   587219   176573   533549    75407   398933    59393   579707   102797   666233   262853   677657    71633   633197   348407   464483   340169   360167   339749   360593   339257   360869   338993   361337   338573   361463   338369   361727   338237   335009   375533   235523   351599    66809   628373    22349   437153    33773   597209   120299   640613   301073   624599   166457   523433   112787   699053   136889   483773
   483827   136649   699059   112589   523637   166259   624683   300869   640649   120293   597353    33569   437273    22193   628673    66797   351653   235307   361793    50129   649937    49823   650477    49523   650543    49193   650987    48989   651473    48497   657809   342659   338213   464699   348353   633209    71333   677813   262733   666437   102653   579713    59357   399137    75323   533747   176369   587417      947   563357   216179
   215939   563447      929   587429   176333   533837    75269   399149    59273   579773   102587   666527   262649   677927    71249   633257   348077   464963   338207   651767    46853   653357    46643   653507    46229   653819    46103   654047    45953   659159   344363    48239   361799   235043   351929    66749   628757    22079   437357    33479   597419   120233   640733   300857   624737   166169   523673   112577   699077   136559   484067
   484079   136463   699119   112403   523763   166043   624797   300809   640847   119747   597473    33359   437363    21929   628877    66629   352193   235013   361973    48197   654509   327839   372179   327737   372299   327629   372689   327209   315899   406547    45497   651809   338033   464993   347813   633377    71129   678077   262643   666647   102533   580259    59159   399197    75209   533963   176243   587603      887   563543   215927
   215723   563663      809   587669   176213   533993    75167   399227    59063   580373   102407   666857   262313   678203    71069   633473   347099   464999   338027   652229    45377   372803   209639   490463   209147   490967   208877   206069   634859   327203   654629    47777   361979   235007   352907    66533   628937    21803   437693    33149   597599   119633   640943   300779   624839   166013   523793   112337   699197   136343   484283
   484607   136193   699287   112253   523847   165947   624977   300743   641093   119627   597689    33023   437753    21599   629009    66509   353459   234917   362099    47513   654743   326999   491219   324647   375413   324557   312779   412619   208787   373007    45263   652493   337907   465089   346547   633497    70997   678407   262253   666983   102317   580379    58913   399263    75029   534059   176159   587753      719   563813   215399
   215393   564359      683   587987   176129   534173    74903   399689    58727   580577   102203   667013   262187   678437    70667   633623   346223   465173   337859   652499    45179   373343   208673   375509    40583   673613   335813   324497   491333   326663   654827    47507   362147   234833   353783    66383   629339    21569   437819    32993   597803   119429   641279   300317   625103   165833   523877   112019   699323   135647   484613
   484727   135599   699437   111893   524057   165533   625109   300119   641327   109433   597899    32987   437867    21407   629417    66377   353819   234713   362309    47339   654923   326657   491339   377393   645233   350003    54773   322613   208667   373349    45083   652667   337697   465293   346187   633629    70589   678599   262139   667019   102107   590573    58679   399887    74897   534473   175949   588113      569   564407   215279
   215273   564617      563   588173   175919   534923    74873   399983    58427   590609   102077   667427   261977   678659    70439   633767   346139   465407   337349   652727    44963   373859   491627   385079   364193    26393   659423   314927   208379   326147   655043    47279   362657   234599   353867    66239   629567    21347   438029    32579   597929   109397   641579   300023   625133   165083   524087   111833   699443   135389   484733
   484853   135353   699449   111767   524507   164987   625307   300017   641639   109379   598007    32429   438047    21017   629807    66173   353963   234587   362693    47093   655229   324299   492377   287387   324593   375449   387227   375359   207629   375707    44777   652913   337313   465419   346043   633833    70199   678989   261959   667577   101999   590627    58367   399989    74699   535019   175499   588239      557   564653   215153
   214943   564797      467   588347   175067   535169    74687   400199    58217   590753   101957   667643   261773   679067    70163   633923   345749   465809   337283   653117    44357   430769    65147   209543   490859   209039   491129   493937   490367   269237   655649    46889   362723   234197   354257    66083   629843    20939   438233    32363   598049   109253   641789   299807   625319   164837   524939   111659   699539   135209   485063
   485123   135089   699557   111623   525017   164477   625397   299699   641813   109139   598127    32309   438419    20879   629927    65993   354317   234089   363017    45413   648257   293459   327827   372269   327707   372377   327317   372797   384107   372167    51749   654593   336989   465917   345689   634013    70079   679127   261587   667697   101879   590867    58193   400307    74609   535529   174989   588383      449   564917   214883
   214589   564989      389   588509   174749   535697    74597   400559    58109   591089   101627   667769   261017   679157    70067   634079   345473   465977   363767   644669   355643    46649   653363    46499   653777    46187   653903    45959   654053    40847   653153    55337   336239   234029   354533    65927   629939    20849   438989    32237   598379   108917   641897   299447   625409   164309   525257   111497   699617   135017   485417
   485447   134669   699767   111323   525353   164279   625517   299363   642197   108893   598643    32189   439007    20543   629987    65837   354677   232709   359027   357347    50069   650183    49529   650483    49463   650813    49019   651017    48533   651509    42197   649877   340979   467297   345329   634169    70019   679463   260999   667817   101363   591113    57809   400643    74489   535727   174653   588683      239   565337   214559
   214463   565517       59   588737   174413   535757    74363   400859    57773   591137   101279   667949   260873   679607    69899   634307   362213   458663   324473   339839   360257   339413   360749   339137   361013   338669   361433   338543   361637   338279   361769   364997   359837   241343   337793    65699   630107    20399   439133    32057   598727   108869   642233   299147   625643   164249   525593   111269   699947   134489   485543
   485567   134417   699953   111263   525599   164147   625913   299063   642419   108497   598799    31973   439157    20297   630197   644057   672767   355679   237287   462773   237179   462863   237053   463283   236573   463457   236219   463919   235877   464213   235679   464447   231107   462443    27239    55949    69809   679709   260849   668033   101207   591509    57587   400943    74093   535859   174407   588743       53   565589   214439
   213953   565637        5   588779   174329   535967    74027   401069    57383   591659   100937   668159   260807   679823   630467    48767    12413     7583   692459     7253   692927     7043   693089     6869   693149     6827   693317     6653   693437     6473   693677     6323   693689   344543   692333   651239    69539    20183   439199    31847   599069   108347   642623   298937   625979   164039   525677   111227   700001   134369   486053
   486119   134339   350039   111053   525809   163859   626033   298589   642737   108263   599153    31397   439253   680297    43577   353657    69317   630803    69143   631013    68819   631229    68699   631409    68477   631859    67883   632153    67733   632297    67679   632447    67547   632483    65063   630353   656429    19709   260753   668609   100853   591743    57269   401417    73973   536147   174197   588953   349967   565667   213887
   213827   565787   349919   588977   174137   536273    73943   401957    57173   591827   100733   668687   440177    13907   363317    83219   616799    83177   616943    83009   617249    82619   617447    82469   617657    73529   626489    73379   626963    73019   627083    72623   627953    71993   628097    68447   616589   686099   259829    31319   599273   108179   642833   298049   626063   163733   525869   111029   350087   134219   486179
   486293   134213   350093   110819   526037   163307   626147   298013   642899   107873   599303   669887   253247   352949    24809   675239    24659   675413    24413   675827    24083   675977    23789   676253    23747   676337    23633   676469    23417   676649    23327   676727    23087   676943    23039   676979    21227   675083   446759    30119   100703   592133    57107   401993    73859   536699   173969   589187   349913   565793   213713
   213599   565919   349793   589409   173933   537413    73847   402053    57059   592139   601067    24077   353453   266129   433889   265757   434267   265709   434303   265619   434459   265193   434849   265079   435107   264827   435257   264743   435563   264437   435647   264353   435839   264113   435923   264059   436097   261563   433847   675929    98939   107867   642947   297953   626159   162593   526073   110597   350213   134087   486407
   486449   134033   350219   110567   526139   162419   626333   297809   643043   597677    90473   351587    37313   662789    37139   662957    36857   663239    36599   663539    36353   663713    36269   663797    36137   664043    35897   664253    35603   664583    35393   664667    35327   664739    35159   665123    34739   665303    34457   662513   609533   102329    56963   402197    73673   537587   173867   589439   349787   565973   213557
   213467   566057   349553   589529   173807   537743    73643   402299   649217    95177   352973   107699   592649   107279   592763   107033   593183   106619   593519   106433   593633   106103   593987   106013   594023   105899   594449   105437   594617   105107   595073   104849   595247   104729   595313   104459   595613   103997   596027   103079   592289   604829    50789   297707   626363   162263   526199   110477   350453   133949   486539
   486677   133733   350663   110129   526223   162257   626393   405347    43487   352049   124853   575213   124703   575429   124493   575573   124427   575669   124139   576119   123803   576287   123707   576683   122963   577067   122609   577427   122489   577529   122393   577739   122207   577937   122027   578117   121697   578399   121553   578483   121229   575087   656519   294659    73613   537749   173783   589877   349343   566273   213329
   213209   566567   349043   590123   173699   538049   628679   286427   352073    63743   636287    63647   636407    63533   636533    63467   636563    63353   636809    63059   637067    62927   637283    62687   637379    62597   637499    62477   637709    62219   637817    61703   638423    61553   638459    61343   638999    60953   639083    60869   639269    60167   636149   413579    71327   161957   526307   109883   350963   133439   486797
   486833   133283   351179   109517   526649   552899    60293   352133   305933   394157   305783   394367   305597   394523   305477   394637   305363   394739   305219   395027   304937   395159   304763   395453   304349   396203   303767   396293   303683   396413   303497   396533   303377   396713   303287   396887   303053   397037   302747   397283   302579   397433   301703   394007   639713   147107   173357   590489   348827   566723   213173
   213029   567053   348527   590537   527699   129263   353747    82163   618053    81749   618269    81677   618377    81569   618707    81173   618929    80819   619967    79973   620099    79889   620159    79823   620237    79613   620579    79367   620657    79229   620813    78989   621029    78893   621227    78653   621527    78173   621869    77933   622157    77513   622529    76289   617699   570743   172307   109469   351479   132953   486977
   487007   132947   351563   595709   158189   359147   173273   526739   173177   527129   172673   527399   172553   527489   172373   527789   172097   528137   171707   528623   171299   528929   170957   529229   170369   530063   169919   530093   169823   530237   169709   530339   169493   530549   169409   530693   169199   531143   168803   531263   168719   531863   168029   531983   160997   526709   541817   104297   348443   567059   212999
   212873   567143   348209    95009   356969   182603   517457   182537   517487   182453   517589   182387   517877   182057   518249   181619   518597   181277   518807   181193   519227   180749   519359   180623   519509   180419   520067   179903   520193   179693   520349   179579   520433   179357   520679   179243   521153   178697   521363   178613   521447   178487   521537   178439   521603   172883   517367   604997   351797   132863   487133
   487427   567659   692399   352493   119087   581099   118673   581549   118409   581663   118277   581753   118163   582017   117839   582173   117797   582227   117497   582563   117329   582737   117239   582887   117023   583013   116867   583367   116537   583523   116387   583727   116273   583997   115979   584153   115823   584249   115727   584393   115589   584663   115133   584879   115013   585317   114269   580763     7607   132347   212579
   492563   113969   353567     5987   694079     5813   694223     5693   694349     5639   694487     5483   694619     5087   694997     5003   695069     4919   695117     4799   695327     4637   695777     4139   695873     4127   695927     4007   696077     3923   696239     3593   696617     3347   696887     2957   697079     2879   697217     2633   697397     2549   697583     2333   697733     2129   697937      479   693809   586037   207443
   457697   358979   144719   555593   144323   555707   143999   556487   143243   556943   142979   557033   142949   557273   142697   557537   142433   557789   142019   558203   141719   558497   141443   558827   140939   559277   140663   559367   140477   559583   140339   559673   140297   559799   140123   560039   139883   560297   139547   560597   139367   560837   139133   560897   139067   561047   138923   561359   132059   555167   242309
    91373   224969   475109   224717   475403   224579   475583   224327   475697   224129   475973   223919   476183   223757   476369   223577   476477   223493   476603   223367   476753   223247   477149   222713   477359   222329   477809   222149   477899   222059   477977   221849   478199   221747   478403   221327   478787   221093   478937   220859   480023   219959   480167   219797   480299   219689   480329   219587   480503   480569   474983
