   225977   474197   225569   474479   225509   474503   225347   474707   225227   474839   225149   474917   225023   475037   224897   475289   224603   475427   224423   475679   224309   475877   224033   476087   223823   476249   223637   476429   223529   476513   223403   476639   223253   476759   222857   477293   222647   477677   222197   477857   222107   477947   222029   478157   221807   478259   221603   478679   221219   218963   607517
   478913   146417   553733   146249   554207   145703   554417   145433   554699   145259   554753   145037   555119   144839   555287   144413   555683   144299   556007   143519   556763   143063   557027   142973   557057   142733   557309   142469   557573   142217   557987   141803   558287   141509   558563   141179   559067   140729   559343   140639   559529   140423   559667   140333   559709   140207   559883   139967   561377   345689   221093
   221069   560123     6917   693137     6857   693179     6689   693353     6569   693533     6329   693683     6317   693743     6197   694019     5927   694193     5783   694313     5657   694367     5519   694523     5387   694919     5009   695003     4937   695087     4889   695207     4679   695369     4229   695867     4133   695879     4079   695999     3929   696083     3767   696413     3389   696659     3119   697373   347933   139883   478937
   479147   139709   697049   120767   579503   120473   579707   120293   579773   119747   580373   119627   580577   119243   580919   118907   581333   118457   581597   118343   581729   118253   581843   117989   582167   117833   582209   117779   582509   117443   582677   117269   582767   117119   582983   116993   583139   116639   583469   116483   583619   116279   583733   116009   584027   115853   593987   337697     2957   560297   220859
   219983   560459     2927   584183   183713   516323   183569   516617   183383   516689   183167   516947   183047   517073   182927   517217   182639   517403   182549   517469   182519   517553   182417   517619   182129   517949   181757   518387   181409   518729   181199   518813   180779   519257   180647   519383   180497   519587   179939   520103   179813   520313   179657   520427   179573   525869   343073   115823   697079   139547   480023
   480047   139409   697127   115757   520649   174407   525677   174197   526037   173933   526139   173807   526223   173699   526649   173297   526733   173267   526829   172883   527129   172673   527399   172553   527489   172373   527699   172217   527909   171869   528299   171383   528707   171077   529049   170777   529637   169943   530087   169913   530183   169769   530297   169667   532919   345329   179357   584249     2879   560597   219959
   219839   560639     2789   584279   179327   530513    83477   616547    83417   616787    83207   616829    83063   616997    82757   617387    82559   617537    82349   617699    82163   618053    81749   618269    81677   618377    81569   618707    81173   618929    80819   619967    79973   620099    79889   620159    79823   620237    79613   620579    79367   620657    79229   628679   339749   169493   520679   115727   697217   139367   480167
   480209   139169   697397   115613   520763   169457   620813   307337   392723   307169   392927   306947   393257   306707   393473   306419   393629   306329   393797   306149   393977   305999   394073   305849   394223   305639   394409   305483   394529   305369   394643   305267   394787   304979   395069   304847   395243   304553   395657   303803   396239   303713   302579   442319    79193   530549   179243   584393     2609   560837   219797
   219707   560873     2549   584417   178853   530597    78989   396323    65147   634943    65027   635003    64919   635339    64499   635567    64403   635849    64067   635969    63857   636263    63719   636359    63599   636473    63473   636539    63443   636653    63197   636947    62939   637079    62723   637319    62627   637409    62507   637529    62297   644009   342413   303683   621017   169409   521153   115589   697457   139133   480299
   480317   139109   697583   115343   521309   169313   621029   303593   637787   126359   573863   126107   574109   125717   574367   125387   574667   125303   574799   125093   575027   124919   575153   124793   575303   124577   575513   124433   575579   124337   575867   123887   576203   123719   576299   123323   577043   122939   577397   122579   578999   346439    62219   396413    78977   530693   178697   584663     2423   560897   219689
   219677   560939     2333   584873   178643   530807    78893   396509    62189   577517   109379   590753   109139   591113   108869   591509   108347   591743   108179   592133   107867   592289   107699   592649   107279   592763   107033   593183   106619   593519   106433   593633   106103   593993   105983   594107   105557   594569   105389   595709   346553   122489   637817   303497   621113   169199   521363   115133   697673   139067   480329
   480419   138959   697733   115127   521393   168863   621227   303473   638303   122477   594899    38903   661139    38747   661439    38459   661553    38393   661673    38327   661769    38183   662357    37529   662513    37313   662789    37139   662957    36857   663239    36599   663539    36353   663713    36269   663797    36137   665303   347099   105107   577529    61703   396533    78779   531143   178613   584879     2273   561047   219587
   219503   561083     2129   584993   178559   531203    78653   396629    61583   577613   104933   664043   267803   432287   267647   432413   267569   432449   267479   432587   267017   433049   266933   433079   266687   433373   266333   433847   266129   433889   265757   434267   265709   434303   265619   434459   265193   441557   342647    35963   595073   122393   638423   303377   621353   168803   521447   115013   697877   138923   480503
   480569   138647   697937   114689   521519   168743   621527   303293   638453   122267   595157    35897   434849    26237   673817    25889   674159    25733   674363    25523   674537    25247   674837    25127   675029    24923   675197    24767   675347    24593   675593    24179   675923    24077   675977    23789   678989   346223   265157   664109   104849   577739    61553   396713    78479   531263   178487   585317     2069   561359   219437
   219293   561389     2039   585413   178469   531287    78173   396719    61547   577799   104759   664253   265079   676253    84389   615743    84239   615827    84137   616073    83903   616229    83717   616367    83597   625319    74609   625409    74489   625643    74093   625979    73973   626063    73859   630353   336059    23753   434927    35753   595247   122207   638459   303287   621833   168719   521537   114593   697967   138617   480713
   480989   138587   697979   114419   521567   168143   621869   303119   638663   122069   595277    35603   435107    23747   626159    71069   629009    70667   629417    70439   629807    70163   629927    70067   629987    69899   630197    69539   630689    69203   630863    68993   631187    68777   648257   331907    73847   676259   264899   664403   104729   577937    61343   396887    78137   531863   178439   585587     2027   561419   219017
   218873   561599     1823   585677   178403   531977    77933   396953    61007   577979   104693   664583   264827   676337    73673   631307     8807   691337     8663   691409     8573   691463     8423   691637     8297   691763     8219   691919     8009   692099     7757   692333     7607   352049   689693    68699   626333    23669   435179    35423   595313   122027   638999   303053   622073   168029   521603   114329   698183   138407   481133
   481157   138239   698273   114269   521657   168023   622157   302969   639053   121889   595547    35393   435257    23633   626363    68597   692423   239597   460463   239417   460619   239333   460709   239087   460937   239027   461147   238709   461333   238499   461609   238313   464993   346259     7583   631409    73643   676373   264749   664613   104459   578117    60953   397037    77849   531983   178349   585737     1733   561767   218849
   218627   561797     1709   585839   178187   532277    77513   397259    60923   578309   104393   664667   264743   676469    73613   631529     7547   461843   342653   357437   342347   357809   341927   358229   341729   358499   341339   358703   341273   358979   340979   339413   368729   238163   692459    68477   626393    23537   435263    35339   595613   121697   639083   302747   622493   167729   521819   114167   698297   138209   481379
   481589   138197   698339   114143   521879   167633   622529   302723   639137   121607   596009    35327   435563    23417   626489    68447   692753   237857   359069    51713   648677    51287   648803    50849   649217    50723   649379    50549   649619    50363   650987   347873   340937   462149     7253   631559    73517   676589   264443   664679   103997   578399    60869   397283    77477   532373   178127   585863     1667   561809   218417
   217907   561947     1619   585917   178103   532379    77369   397433    60737   578453   103979   664739   264437   676649    73379   631859     7079   462239   340877   649799    48989   651473    48497   651767    48197   652229    47513   652499    47339   657323   344207    50207   359129   237767   692927    68147   626627    23357   435569    35267   596027   121553   639269   302573   622637   167627   521903   114089   698387   138059   482099
   482213   137999   698393   113969   522113   167483   622793   302513   639563   121523   596093    35159   435647    23327   626963    67883   692963   237563   359147    50177   652727   329123   371087   328829   371339   328619   371417   328379   374687   346547    47279   649829   340859   462443     7043   632123    73043   676679   264359   664847   103913   578483    60443   397493    77213   532523   177893   586037     1613   562007   217793
   217697   562283     1559   586073   177839   532739    77003   397547    60317   578537   103889   665123   264353   676727    73019   632153        5   462719   340709   649877    47093   371633   211247   488909   210827   489197   210599   491429   347813   328373   652913    50129   359297   237287   700001    67853   626987    23279   435653    34883   596117   121469   639689   302459   623003   167267   522167   113933   698447   137723   482309
   482387   137699   698483   113657   522383   167249   623057   302417   639713   121403   596363    34739   435839    23087   627083    67733   350039   237233   359357    50069   653117   328343   489449   326063   374063   325889   321077   402923   210557   371663    46889   649937   340649   462773   349967   632273    72923   676919   264167   665267   103643   578603    60293   397589    76949   532757   177623   586349     1523   562307   217619
   217499   562409     1499   586493   177383   532907    76679   398063    60167   578693   103583   665507   264113   676943    72623   632297   349919   462827   340169   650183    46853   371897   210527   374123    42773   658817   348419   325883   489479   328109   653153    49823   359837   237179   350087    67709   627383    23063   435893    34499   596423   121313   639839   301943   623327   167099   522623   113513   698507   137597   482507
   482597   137567   698567   113417   522659   166973   623717   301877   639857   121229   596789    34457   435923    23039   627953    67679   350093   237143   360167    49529   653357   328067   489659   325673   655649   350003    44357   374333   210347   371939    46649   650477   339839   462863   349913   632327    72053   676967   264083   665549   103217   578777    60149   398129    76289   533033   177347   586589     1439   562439   217409
   217319   562607     1283   586679   177269   533303    76283   398213    59999   588743   103079   665603   264059   676979    71993   632447   349787   462953   339257   650483    46643   371999   489833   427073   351587    41189   657233   272933   210173   328007   653363    49523   360749   237053   350219    67559   628013    23027   435947    34403   596927   111263   640007   301793   623723   166703   522737   113327   698723   137399   482687
   482753   137393   698729   113213   522749   166679   624209   301703   640049   111227   596963    34283   436097    22859   628097    67547   350453   236723   360869    49463   653507   372797   207113   297083   325943   374117   378929   373943   492893   327209    46499   650543   339137   463283   349553   632459    71909   677147   263909   665723   103043   588779    59957   398303    75797   533327   177257   586793     1277   562613   217253
   217169   562703     1103   586979   177167   533363    75773   398357    59879   588953   102953   665747   263849   677309    71879   632483   349343   463457   338993   650813   673619   322709   352193   211097   489179   210809   489407   208577   488759   377297    26387    49193   361013   236549   350663    67523   628127    22697   436157    34259   597053   111053   640127   301649   624233   166643   522839   113027   698903   137303   482837
   483389   136889   699053   112919   523307   166457   624347   301583   640259   111029   597209    34217   436283    22619   628139    67307   350963   236219   361337    48767    18329   353459   328919   371177   328667   371387   328589   371627   325319   370883   681677   651239   338669   463787   349043   632699    71867   677387   263723   665789   102797   588977    59747   398423    75659   533549   176699   587087      953   563117   216617
   216233   563357      947   587219   176573   533747    75539   398543    59699   589187   102653   666143   263567   677639    71789   632717   348827   463919   336857   647033   355799    48533   651509    48239   651809    47777   652493    47507   652667    42683   651017    52973   363149   236087   351179    67289   628217    22367   436439    33863   597353   110819   640307   301463   624467   166259   523433   112787   699059   136649   483773
   483827   136559   699077   112589   523637   166169   624479   301247   640589   110597   597419    33773   436607    22349   628373    66809   357767   464213   379307   352133    51329   648719    51203   649157    50789   649283    50627   649457    50387   649643    49019   648293   320699   235793   342239   633197    71633   677657   263399   666233   102587   589409    59417   398759    75527   533837   176369   587417      929   563447   216179
   215939   563543      887   587429   176333   533963    75407   398933    59393   589439   102533   666437   263267   677813    71333   633209   690467   229799   331277   342569   357659   342197   358079   341777   358277   341507   358667   341303   358733   341027   359027   360593   357353   470207     9539    66797   628673    22193   436739    33569   597473   110567   640613   301073   624599   166043   523673   112577   699119   136463   484067
   484079   136343   699197   112403   523763   166013   624683   300869   640649   110477   597599    33479   437153    22079   628757    66629   690509   353747   239543   460589   239387   460673   239297   460919   239069   460979   238859   461297   238673   461507   238397   461693   235013   460409     9497   633377    71249   677927   262853   666527   102407   589529    59357   399137    75323   533993   176243   587603      809   563663   215927
   215723   563813      719   587669   176213   534059    75269   399149    59273   590123   102329   666647   262733   678077   628877   612263    10313     8669   691343     8597   691433     8543   691583     8369   691709     8243   691787     8087   691997     7907   692249     7673   692399   347957   691199    87743    71129    21929   437273    33359   597677   109883   640733   300857   624737   165947   523793   112337   699287   136193   484283
   484607   135647   699323   112253   523847   165833   624797   300809   640847   109517   597689    33149   437357    21347    45179   368099    70997   629339    70589   629567    70199   629843    70079   629939    70019   630107    69809   630467    69317   630803    69143   631013    68819   631229    51749   628937   654827   678659   262649   666857   102317   590489    59159   399197    75209   534173   176159   587753      683   564359   215399
   215393   564407      569   587987   176129   534473    75167   399227    59063   590537   102203   666983   437867   671357   363947    84263   615767    84179   615869    83933   616103    83777   616289    83639   616409    74687   625397    74597   625517    74363   625913    74027   626033    73943   626147    69653   615617    28649   262139    33023   597803   109469   640943   300779   624839   165533   523877   112019   699437   135599   484613
   484727   135389   699443   111893   524057   165083   624977   300743   641093   109433   597899   667019   250343   353783    26189   674117    25847   674273    25643   674483    25469   674759    25169   674879    24977   675083    24809   675239    24659   675413    24413   675827    24083   675929    24029   676217    21017   673769   449663    32987   102107   590573    58913   399263    75029   534923   175949   588113      563   564617   215279
   215273   564653      557   588173   175919   535019    74903   399689    58727   590609   599537    25307   357359   267719   432359   267593   432437   267557   432527   267419   432989   266957   433073   266927   433319   266633   433673   266159   433877   266117   434249   265739   434297   265703   434387   265547   434813   258449   432203   674699   100469   109397   641279   300317   625103   164987   524087   111833   699449   135353   484733
   484853   135209   699527   111767   524507   164837   625109   300119   641327   591089    90833   352907    38867   661259    38567   661547    38453   661613    38333   661679    38237   661823    37649   662477    37493   662693    37217   662867    37049   663149    36767   663407    36467   663653    36293   663737    36209   663869    34703   661103   609173   108917    58679   399887    74897   535169   175499   588239      479   564797   215153
   214943   564917      467   588347   175067   535529    74873   399983   644117    89849   353453   109253   590867   108893   591137   108497   591659   108263   591827   107873   592139   107717   592307   107357   592727   107243   592973   106823   593387   106487   593573   106373   593903   106013   594023   105899   594449   105437   594617   104297   590627   610157    55889   300023   625133   164477   524939   111659   699539   135089   485063
   485123   135017   699557   111623   525017   164309   625307   296969    43403   353567   126143   573899   125897   574289   125639   574619   125339   574703   125207   574913   124979   575087   124853   575213   124703   575429   124493   575573   124427   575669   124139   576119   123803   576287   123707   576683   122963   577067   122609   577427   121007   573647   656603   403037    74699   535697   174989   588383      449   564989   214883
   214589   565337      389   588509   174749   535727    73529   489539   357593    65063   634979    65003   635087    64667   635507    64439   635603    64157   635939    64037   636149    63743   636287    63647   636407    63533   636533    63467   636563    63353   636809    63059   637067    62927   637283    62687   637379    62597   637499    62477   637709    55997   634859   210467   626477   164279   525257   111497   699617   134669   485417
   485447   134489   699767   111323   525353   537413   609809   257687   307283   392837   307079   393059   306749   393299   306533   393587   306377   393677   306209   393857   306029   394007   305933   394157   305783   394367   305597   394523   305477   394637   305363   394739   305219   395027   304937   395159   304763   395453   304349   396203   303767   396293   397427   392669    90197   162593   174653   588683      239   565517   214559
   214463   565589       59   588737   174413   150497   360257    83459   616589    83219   616799    83177   616943    83009   617249    82619   617447    82469   617657    82307   617843    81953   618257    81737   618329    81629   618437    81299   618833    81077   619187    80039   620033    79907   620117    79847   620183    79769   620393    79427   620639    79349   620777    71327   616529   549509   525593   111269   699947   134417   485543
   485567   134369   699953   110129   511757   354677   174329   525809   173969   526073   173867   526199   173783   526307   173357   526709   173273   526739   173177   527123   172877   527333   172607   527453   172517   527633   172307   527789   172097   528137   171707   528623   171299   528929   170957   529229   170369   530063   169919   530093   169823   530237   169709   530339   167087   525599   188249   589877       53   565637   214439
   213953   565667   350213   570659   356933   183683   516437   183389   516623   183317   516839   183059   516959   182933   517079   182789   517367   182603   517457   182537   517487   182453   517589   182387   517877   182057   518249   181619   518597   181277   518807   181193   519227   180749   519359   180623   519509   180419   520067   179903   520193   179693   520349   179579   520433   174137   516293   129347   349793   134339   486053
   486119   565787   342497   362309   120503   579533   120299   579713   120233   580259   119633   580379   119429   580763   119087   581099   118673   581549   118409   581663   118277   581753   118163   582017   117839   582173   117797   582227   117497   582563   117329   582737   117239   582887   117023   583013   116867   583367   116537   583523   116387   583727   116273   583997   115979   584153   106019   579239   357509   134219   213887
   486539   120899   352073     6869   693149     6827   693317     6653   693437     6473   693677     6323   693689     6263   693809     5987   694079     5813   694223     5693   694349     5639   694487     5483   694619     5087   694997     5003   695069     4919   695117     4799   695327     4637   695777     4139   695873     4127   695927     4007   696077     3923   696239     3593   696617     3347   696887     2633   693089   579107   213467
   463433   354317   146273   553757   145799   554303   145589   554573   145307   554747   145253   554969   144887   555167   144719   555593   144323   555707   143999   556487   143243   556943   142979   557033   142949   557273   142697   557537   142433   557789   142019   558203   141719   558497   141443   558827   140939   559277   140663   559367   140477   559583   140339   559673   140297   559799   140123   560039   138629   553589   236573
    92489   225809   474437   225527   474497   225503   474659   225299   474779   225167   474857   225089   474983   224969   475109   224717   475403   224579   475583   224327   475697   224129   475973   223919   476183   223757   476369   223577   476477   223493   476603   223367   476753   223247   477149   222713   477359   222329   477809   222149   477899   222059   477977   221849   478199   221747   478403   221327   478787   481043   474029
