   225503   474659   225299   474779   225167   474857   225089   474983   224969   475109   224717   475403   224579   475583   224327   475697   224129   475973   223919   476183   223757   476369   223577   476477   223493   476603   223367   476753   223247   477149   222713   477359   222329   477809   222149   477899   222059   477977   221849   478199   221747   478403   221327   478787   221093   478937   220859   480023   219959   219707   607253
   480167   145589   554573   145307   554747   145253   554969   144887   555167   144719   555593   144323   555707   143999   556487   143243   556943   142979   557033   142949   557273   142697   557537   142433   557789   142019   558203   141719   558497   141443   558827   140939   559277   140663   559367   140477   559583   140339   559673   140297   559799   140123   560039   139883   560297   139547   560597   139367   560837   346139   219839
   219797   560873     6653   693437     6473   693677     6323   693689     6263   693809     5987   694079     5813   694223     5693   694349     5639   694487     5483   694619     5087   694997     5003   695069     4919   695117     4799   695327     4637   695777     4139   695873     4127   695927     4007   696077     3923   696239     3593   696617     3347   696887     2957   697079     2879   697217     2633   699443   345749   139133   480209
   480317   139109   697397   120293   579773   119747   580373   119627   580577   119243   580919   118907   581333   118457   581597   118343   581729   118253   581843   117989   582167   117833   582209   117779   582509   117329   582737   117239   582887   117023   583013   116867   583367   116537   583523   116387   583727   116273   583997   115979   584153   115823   584249   115727   584393   115589   586589   345227     2609   560897   219689
   219677   560939     2549   584663   183167   516947   183047   517073   182927   517217   182639   517403   182549   517469   182519   517553   182417   517619   182129   517949   181757   518387   181409   518729   181199   518813   180779   519257   180647   519383   180497   519587   179939   520103   179813   520313   179657   520427   179573   520649   179327   520763   178853   521309   178643   178349   691343   115343   697457   139067   480329
   480419   138959   697583   115133   521393   173867   526199   173783   526307   173357   526709   173273   526739   173177   527123   172877   527333   172607   527453   172517   527633   172307   527789   172097   528137   171707   528623   171299   528929   170957   529229   170369   530063   169913   530183   169769   530297   169667   530513   169457   530597   169313   530807   168863   533327   344957   178613   584873     2423   561047   219587
   219503   561083     2333   584879   178559   531203    83063   616997    82757   617387    82559   617537    82349   617699    82163   618053    81749   618269    81677   618377    81569   618707    81173   618929    80819   619967    79973   620099    79889   620159    79823   620237    79613   620579    79367   620657    79229   620813    78989   621029    78893   621227    78653   629339   339749   168803   521447   115127   697673   138923   480503
   480569   138647   697733   115013   521519   168743   621527   306533   393587   306377   393677   306209   393857   306029   394007   305933   394157   305783   394367   305597   394523   305477   394637   305363   394739   305219   395027   304937   395159   304763   395453   304349   396203   303767   396293   303683   396413   303497   396533   303377   396713   303287   398543   346043    78479   531263   178487   584993     2273   561359   219437
   219293   561377     2129   585317   178469   531287    78173   396887    64667   635507    64439   635603    64157   635939    64037   636149    63743   636287    63647   636407    63533   636533    63467   636563    63353   636809    63059   637067    62927   637283    62687   637379    62597   637499    62477   637709    62219   637817    61703   638423    61553   638459   348407   303119   621833   168719   521537   114689   697877   138629   480713
   480989   138617   697937   114593   521567   168143   621869   303053   638663   125639   574619   125339   574703   125207   574913   124979   575087   124853   575213   124703   575429   124493   575573   124427   575669   124139   576119   123803   576287   123707   576683   122963   577067   122609   577427   122489   577529   122393   577739   122207   597473   328619    61343   396953    78137   531863   178439   585413     2069   561389   219017
   218963   561419     2039   585587   178403   531977    77933   397037    61007   577937   108869   591509   108347   591743   108179   592133   107867   592289   107699   592649   107279   592763   107033   593183   106619   593519   106433   593633   106103   593987   106013   594023   105899   594449   105437   594617   105107   595073   104849   595277   347513   122069   638999   302969   622073   168029   521603   114419   697967   138587   481043
   481133   138407   697979   114329   521819   168023   622157   302747   639053   122027   595247    38453   661613    38333   661679    38237   661823    37649   662477    37493   662693    37217   662867    37049   663149    36767   663407    36467   663653    36293   663737    36209   663869    35963   664109    35753   664403    35423   674759   338543   104759   577979    60953   397259    77849   531983   178187   585677     2027   561599   218873
   218849   561767     1823   585737   178127   532277    77513   397283    60923   578117   104693   664613   267419   432989   266957   433073   266927   433319   266633   433673   266159   433877   266117   434249   265739   434297   265703   434387   265547   434813   265157   434927   264899   435179   264749   435263   264443   435653   347933    35393   595313   121889   639083   302723   622493   167729   521879   114269   698183   138239   481157
   481379   138209   698273   114167   521903   167633   622529   302579   639137   121697   595547    35339   435569    25733   674363    25523   674537    25307   674837    25127   675029    24923   675197    24767   675347    24593   675593    24179   675923    24077   675977    23789   676253    23747   676337    23633   683357   341927   264437   664667   104459   578309    60869   397427    77477   532373   178103   585839     1733   561797   218627
   218417   561809     1709   585863   177893   532379    77369   397433    60737   578399   104393   664679   264359   676469    83933   616103    83777   616289    83639   616409    83477   616547    83417   616787    83207   616829    74027   626033    73943   626147    73847   626333    73643   626393    73529   632447   343313    23537   435647    35327   595613   121607   639269   302573   622637   167627   522113   114143   698297   138197   481589
   482099   138059   698339   114089   522167   167483   622793   302513   639563   121553   595709    35267   435839    23417   626489    70439   629807    70163   629927    70067   629987    69899   630197    69653   630467    69317   630803    69143   631013    68819   631229    68699   631409    68477   634859   345689    73517   676589   264167   664739   104297   578453    60443   397493    77213   532523   177839   585917     1667   561947   217907
   217793   562007     1619   586037   177623   532739    77003   397547    60317   578483   103997   664847   264113   676649    73379   631859     8369   691709     8243   691787     8087   691997     7907   692249     7673   692399     7583   692459     7253   692927     7043   693089     6869   354677   687737    68147   626627    23357   435893    35159   596009   121523   639689   302459   623003   167267   522383   113969   698387   137999   482213
   482309   137723   698393   113933   522623   167249   623057   302417   639713   121469   596027    34883   435923    23327   626963    67883   693149   238859   461297   238673   461507   238397   461693   238163   462149   237767   462443   237287   462773   237179   462863   237053   471299   340649     6857   632123    73043   676679   264083   665123   103979   578537    60293   397589    76949   532757   177383   586073     1613   562283   217697
   217619   562307     1559   586349   177347   532907    76679   398063    60167   578603   103913   665267   264059   676727    73019   632153     6827   463283   341507   358667   341303   358733   341027   359027   340937   359129   340859   359297   340169   360167   339413   339137   370673   236723   693179    67853   626987    23279   435947    34739   596093   121403   639839   301943   623327   167099   522659   113657   698447   137699   482387
   482507   137597   698483   113513   522737   167087   623717   301877   639857   121313   596117    34703   436097    23087   627083    67733   693317   236573   360749    50627   649457    50387   649643    50207   649829    50129   649937    49823   650477    49523   653777   346223   339257   463433     6689   632273    72923   676919   263909   665303   103889   578693    60149   398129    76289   532919   177269   586493     1523   562409   217499
   217409   562439     1499   586679   177257   533033    76283   398213    59999   578777   103643   665507   263849   676943    72623   632297   349787   463457   338993   650543    47777   652493    47507   652667    47279   652913    46889   653153    46649   655649   347057    49463   361013   236549   350219    67709   627383    23063   436157    34499   596363   121229   640007   301793   623723   166973   522749   113327   698507   137567   482597
   482687   137399   698567   113213   522839   166703   624209   301703   640049   121007   596423    34457   436283    23039   627953    67679   350453   236219   361337    49193   653363   328343   371897   328067   371999   327983   372137   327839   375413   346349    46643   650813   338669   463787   349553   632327    72053   676967   263723   665549   103583   578999    59957   398303    75797   533303   177167   586793     1439   562607   217319
   217253   562613     1283   586979   176699   533363    75773   398357    59879   579107   103217   665603   263567   676979    71909   632459   349343   463919   338573   650987    46499   372179   210347   489689   210263   489833   209987   493463   346439   327827   653507    49019   361433   236087   350663    67547   628097    23027   436439    34403   596789   120899   640127   301649   624233   166643   523307   113027   698723   137393   482753
   482837   137303   698729   112919   523433   166457   624347   301583   640259   120767   596927    34283   436607    22859   628127    67523   350963   235877   361637    48989   653819   327737   490169   325319   374789   325187   377687   347033   209837   372269    46187   651017   338369   464129   349043   632483    71879   677147   263399   665723   103079   579239    59747   398423    75659   533549   176573   587087     1277   562703   217169
   216617   563117     1103   587219   176369   533747    75539   398759    59699   579503   103043   665747   263267   677309    71867   632699   348827   464213   338279   651239    46103   372299   209639   374987    40583   671729   337697   325019   490367   327707   653903    48767   361727   235793   351179    67307   628139    22697   436739    34259   596963   120503   640307   301247   624467   166259   523637   112787   698903   136889   483389
   483773   136649   699053   112589   523673   166169   624479   301073   640589   120473   597209    34217   437153    22619   628217    67289   351479   235679   361769    48533   654047   327629   490463   375509   647117   350003    52889   324497   209543   372377    45959   651473   338237   464327   348527   632717    71789   677387   262853   665789   102797   579533    59417   398933    75527   533837   176333   587417      953   563357   216233
   216179   563447      947   587429   176243   533963    75407   399137    59393   579707   102653   666143   262733   677639    71633   633197   348443   464447   338213   651509    45953   372689   209039   321227   362309    28277   659423   378779   490967   327317   654053    48497   361793   235559   351563    66809   628373    22367   437273    33863   597353   120299   640613   300869   624599   166043   523763   112577   699059   136559   483827
   484067   136463   699077   112403   523793   166013   624683   300857   640649   110567   597419    33773   437357    22349   628673    66797   351587   235523   361799    48239   654509   377147   486797   352973   325217   374819   322319   374687   213209   322859    45497   651767   338207   464483   348419   633209    71333   677657   262649   666233   102587   589439    59357   399149    75323   533993   176213   587603      929   563543   215939
   215927   563663      887   587669   176159   534059    75269   399197    59273   589529   102407   666437   262643   677813    71327   633257   348353   464699   338033   651809   669167   318347   353567   210317   489743   210173   490019   206543   489659   381659    30839    48197   361973   235307   351653    66749   628679    22193   437363    33569   597599   110477   640733   300809   624737   165947   523847   112337   699119   136343   484079
   484283   136193   699197   112253   523877   165833   624797   300779   640847   109883   597677    33479   437693    22079   628757    66629   351929   235043   361979   668699    25847   353657   328109   371939   328007   372023   327869   372167   324593   371663   674159    31307   338027   464963   348077   633377    71249   677927   262313   666527   102329   590123    59159   399227    75209   534173   176129   587753      809   563813   215723
   215399   564359      719   587987   175949   534473    75167   399263    59063   590489   102317   666647   262253   678077    71129   633473   347957   464993   336887    25889   352949    47513   652499    47339   652727    47093   653117    46853   653357    44357   652229   674117   363119   235013   352049    66533   628877    21929   437753    33359   597689   109517   640943   300743   624839   165533   524057   112019   699287   135647   484607
   484613   135599   699323   111893   524087   165083   624977   300317   641093   109469   597803    33149   437819    21803   628937    66509   352133   234713   380957   353783    50549   649619    50363   649799    50177   649877    50069   650183    49529   650483    46229   649379   319049   465293   347873   633497    71069   678203   262187   666857   102203   590537    58913   399689    75029   534923   175919   588113      683   564407   215393
   215279   564617      569   588173   175499   535019    74903   399887    58727   590573   102107   666983   262139   678407    70997   633623   352193   453197   329333   341339   358703   341273   358979   340979   359069   340877   359147   340709   359837   339839   360593   360869   358499   246809   347813    66383   629009    21599   437867    33023   597899   109433   641279   300119   625103   164987   524507   111833   699437   135389   484727
   484733   135353   699449   111767   524939   164837   625109   300023   641327   109397   597929    32993   438029    21569   629417   634979   682679   359357   238709   461333   238499   461609   238313   461843   237857   462239   237563   462719   237233   462827   237143   462953   228707   461147    17327    65027    70589   678437   261977   667013   102077   590609    58679   399983    74897   535169   175067   588239      557   564653   215273
   215153   564797      479   588347   174989   535529    74873   399989    58427   590627   101999   667019   261959   678599    68447    57269    12269     8297   691763     8219   691919     8009   692099     7757   692333     7607   692423     7547   692753     7079   692963     6917   693137   345329   691637   642737   631559    21407   438047    32987   598007   109379   641579   300017   625133   164477   525017   111659   699527   135209   484853
   485063   135089   699539   111623   525257   164309   625307   299807   641639   109253   598049    32579   438233   679127   612497   354317    70199   629843    70079   629939    70019   630107    69809   630353    69539   630689    69203   630863    68993   631187    68777   631307    68597   631529    65147   629567    87509    20879   261773   667427   101957   590753    58367   400199    74699   535697   174749   588383      467   564917   214943
   214883   564989      449   588509   174653   535727    74687   400307    58217   590867   101879   667577   439007     9377   356693    83903   616229    83717   616367    83597   616529    83459   616589    83219   616799    83177   625979    73973   626063    73859   626159    73673   626363    73613   626477    67559   616073   690629   260999    32429   598127   109139   641789   299699   625319   164279   525353   111497   699557   135017   485123
   485417   134669   699617   111323   525593   164249   625397   299447   641813   108917   598379   668747   254039   358079    25643   674483    25469   674699    25169   674879    24977   675083    24809   675239    24659   675413    24413   675827    24083   675929    24029   676217    23753   676259    23669   676373    16649   674273   445967    31259   101627   591089    58193   400559    74609   535757   174413   588683      389   565337   214589
   214559   565517      239   588737   174407   535859    74597   400643    58109   591113   603209    15233   352073   267017   433049   266933   433079   266687   433373   266333   433847   266129   433889   265757   434267   265709   434303   265619   434459   265193   434849   265079   435107   264827   435257   264743   435563   264353   432587   684773    96797   108893   641897   299363   625409   164147   525599   111269   699767   134489   485447
   485543   134417   699947   111263   525677   164039   625517   299147   642197   102953    88799   361463    38393   661673    38327   661769    38183   662357    37529   662513    37313   662789    37139   662957    36857   663239    36599   663539    36353   663713    36269   663797    36137   664043    35897   664253    35603   664583    25247   661553   611207   597053    57809   400859    74489   535967   174329   588743       59   565589   214463
   214439   565637       53   588779   174197   536147    74363   400943   648677   570497   352493   108497   591659   108263   591827   107873   592139   107717   592307   107357   592727   107243   592973   106823   593387   106487   593573   106373   593903   106019   593993   105983   594107   105557   594569   105389   594899   104933   595157   104729   591137   129509    51329   299063   625643   163859   525809   111227   699953   134369   485567
   486053   134339   700001   111053   525869   163733   625913   411479    44777   371387   125387   574667   125303   574799   125093   575027   124919   575153   124793   575303   124577   575513   124433   575579   124337   575867   123887   576203   123719   576299   123323   577043   122939   577397   122579   577517   122477   577613   122267   577799   102533   574367   655229   288527    74093   536273   174137   588953        5   565667   213953
   213887   565787   349967   588977   173969   536699   628013   279269   351599    64499   635567    64403   635849    64067   635969    63857   636263    63719   636359    63599   636473    63473   636539    63443   636653    63197   636947    62939   637079    62723   637319    62627   637409    62507   637529    62297   637787    62189   638303    61583   638453    61547   635339   420737    71993   163307   526037   111029   350039   134219   486119
   486179   134213   350087   110819   526073   538367    54869   353963   306419   393629   306329   393797   306149   393977   305999   394073   305849   394223   305639   394409   305483   394529   305369   394643   305267   394787   304979   395069   304847   395243   304553   395657   303803   396239   303713   396323   303593   396509   303473   396629   303293   396719   301463   393473   645137   161639   173933   589187   349919   565793   213827
   213713   565919   349913   589409   530087   148667   360257    83009   617249    82619   617447    82469   617657    82307   617843    81953   618257    81737   618329    81629   618437    81299   618833    81077   619187    80039   620033    79907   620117    79847   620183    79769   620393    79427   620639    79349   620777    79193   621017    78977   621113    78779   621353    70667   616943   551339   169919   110597   350093   134087   486293
   486407   134033   350213   589877   504563   355049   173807   526223   173699   526649   173297   526733   173267   526829   172883   527129   172673   527399   172553   527489   172373   527699   172217   527909   171869   528299   171383   528707   171077   529049   170777   529637   169943   530093   169823   530237   169709   530339   169493   530549   169409   530693   169199   531143   166679   526139   195443   110129   349793   565973   213599
   213557   566057   348209    97973     8663   183059   516959   182933   517079   182789   517367   182603   517457   182537   517487   182453   517589   182387   517877   182057   518249   181619   518597   181277   518807   181193   519227   180749   519359   180623   519509   180419   520067   179903   520193   179693   520349   179579   520433   179357   520679   179243   521153   178697   521363   521657   516839   602033   351797   133949   486449
   486539   569663   342239   354779   120233   580259   119633   580379   119429   580763   119087   581099   118673   581549   118409   581663   118277   581753   118163   582017   117839   582173   117797   582227   117497   582677   117269   582767   117119   582983   116993   583139   116639   583469   116483   583619   116279   583733   116009   584027   115853   584183   115757   584279   115613   584417   113417   579713   357767   130343   213467
   486977   117443   354257     6569   693533     6329   693683     6317   693743     6197   694019     5927   694193     5783   694313     5657   694367     5519   694523     5387   694919     5009   695003     4937   695087     4889   695207     4679   695369     4229   695867     4133   695879     4079   695999     3929   696083     3767   696413     3389   696659     3119   697049     2927   697127     2789   697373      563   693353   582563   213029
   460673   353867   145433   554699   145259   554753   145037   555119   144839   555287   144413   555683   144299   556007   143519   556763   143063   557027   142973   557057   142733   557309   142469   557573   142217   557987   141803   558287   141509   558563   141179   559067   140729   559343   140639   559529   140423   559667   140333   559709   140207   559883   139967   560123   139709   560459   139409   560639   139169   554417   239333
    92753   225347   474707   225227   474839   225149   474917   225023   475037   224897   475289   224603   475427   224423   475679   224309   475877   224033   476087   223823   476249   223637   476429   223529   476513   223403   476639   223253   476759   222857   477293   222647   477677   222197   477857   222107   477947   222029   478157   221807   478259   221603   478679   221219   478913   221069   479147   219983   480047   480299   474503
