   238397   461693   238163   462149   237767   462443   237287   462773   237179   462863   237053   463283   236573   463457   236219   463919   235877   464213   235679   464447   235523   464699   235043   464993   235007   465089   234833   465293   234599   465419   234197   465917   234029   466247   233489   466649   232823   467297   232607   467507   232457   467699   232109   467903   232079   468059   231893   468473   231479   473579   341729
   468647   157259   542873   157019   542999   156719   543299   156623   543539   156347   543887   155783   544259   155087   544937   155027   545063   154619   545483   154247   545933   154067   546053   153743   546317   153437   546599   153287   546869   153113   546947   152909   547223   152777   547487   152429   547583   152363   547709   152219   547817   152183   548003   151967   548069   151883   548189   151643   549707   346553   231359
   231323   548399    16073   683939    15887   684239    15737   684647    15233   684857    15137   684923    15017   685109    14759   685337    14639   685637    14327   685973    13997   686039    13907   686177    13553   686519    13367   686669    13217   686843    13127   686897    13043   686969    12983   687083    12899   687317    12647   687437    12413   687683    12269   687767    12227   687809    12113   691337   344363   151607   468683
   468737   151553   688067   131909   568367   131363   568709   131129   569189   130769   569417   130343   569747   130079   570047   129893   570413   129587   570467   129509   570509   129419   570659   129287   570743   129119   571019   128969   571133   128327   571847   128153   571973   127979   572093   127703   572357   127607   572423   127487   572633   127163   572867   127103   572927   127037   574619   346043    11939   548453   231269
   231107   548489    11933   573179   195077   504953   195023   505073   194867   505187   194729   505283   194687   505523   194087   505949   194027   506147   193793   506327   193649   506537   193433   506843   193133   506963   193013   507029   192887   507329   192407   507743   192053   508037   191903   508223   191747   508349   191507   508559   191297   508817   191033   509027   190709   190313   666857   126827   688073   151517   468899
   468953   151253   688097   126743   509393   185267   514823   185153   514949   184727   515357   184577   515519   184409   515873   183797   516293   183683   516437   183389   516623   183317   516839   183059   516959   182933   517079   182789   517367   182603   517457   182537   517487   182453   517589   182387   517877   182057   518249   181619   518597   181277   518807   181193   524057   342659   190613   573263    11909   548753   231053
   230969   548837    11867   573647   190577   519227    93503   606527    93419   606743    93047   607049    92849   607253    92699   607337    92657   607517    92387   607769    91733   608303    91583   608429    91397   608633    91163   608987    90863   609173    90647   609407    90473   609599    90263   609779    90203   609809    90017   610157    89819   610409    89567   620579   338369   180779   509429   126359   688139   151169   469037
   469439   151163   688217   126143   509477   180749   610619   317969   382103   317777   382553   317363   382727   317159   382883   317087   383069   316907   383147   316853   383303   316577   383633   316193   383909   316037   384029   315899   384113   315803   384227   315599   384437   315527   384599   315269   384827   314927   385127   314813   385199   314627   314063   419777    89387   519257   190529   573863    11789   548843   230567
   230393   548957    11783   573899   190403   519359    89303   385403    75209   624839    75029   625103    74897   625133    74699   625319    74609   625409    74489   625643    74093   625979    73973   626063    73859   626159    73673   626363    73613   626477    73517   626627    73043   626987    72923   627383    72053   628013    71909   628127    71867   628673   348353   314603   610703   180647   509603   126107   688223   151049   469613
   469649   150503   688637   125897   509723   180623   610733   314513   628217   138407   561767   138209   561809   138059   562007   137723   562307   137597   562439   137399   562613   137303   563117   136649   563447   136463   563663   136193   564359   135599   564617   135353   564797   135017   565337   134489   565589   134369   565667   134219   567257   346259    71789   385493    89273   519383   190283   574109    11369   549503   230357
   230213   549509    11273   574289   190097   519509    89189   385607    71633   565793   119747   580373   119627   580577   119243   580919   118907   581333   118457   581597   118343   581729   118253   581843   117989   582167   117833   582209   117779   582509   117443   582677   117269   582767   117119   582983   116993   583139   116639   587087   344543   134213   628373   314399   610817   180497   509909   125717   688733   150497   469793
   470207   150473   688763   125639   510077   180419   610919   314267   628679   134087   583469    49523   650543    49193   650987    48989   651239    48533   651509    48239   651809    47777   652493    47507   652667    47279   652913    46889   653153    46649   653363    46499   653777    46187   653903    45959   654053    45497   656519   346439   116537   565919    71327   385739    89087   519587   189929   574367    11243   549533   229799
   229763   549623    11117   574667   189437   520067    88937   385793    71249   565973   116483   654593   277247   422789   276953   423173   276827   423299   276593   423503   276449   423617   276293   423749   276137   424007   275987   424037   275837   424223   275573   424547   275447   424667   275039   425003   274817   431369   342899    45413   583523   134033   628757   314213   611069   179939   510569   125339   688889   150383   470243
   470279   150323   688979   125303   510617   179903   611189   314189   628877   133949   583619    45377   425297    36599   663539    36353   663713    36269   663797    36137   664043    35897   664253    35603   664583    35393   664667    35327   664739    35159   665123    34739   665303    34499   665549    34403   668699   345689   274709   654629   116387   566057    71129   385817    88817   520103   189389   574703    11027   549683   229727
   229703   549719    10973   574799   189239   520193    88799   385877    71069   566273   116279   654743   274697   665723    95177   604997    94889   605393    94529   605543    94433   605609    94169   606083    93893   606323    93563   606449    85619   614483    85313   615137    84737   615473    84509   615539   348209    34283   425309    45263   583727   133733   628937   314129   611207   179813   510767   125207   689033   150287   470303
   470417   150239   689267   125093   510989   179693   611213   313889   629009   133439   583733    45179   425423    34259   615557    83009   617249    82619   617447    82469   617657    82307   617843    81953   618257    81737   618329    81629   618437    81299   618833    81077   619187    80039   620159   348527    84449   665747   274583   654827   116273   566567    70997   386117    88793   520313   189017   574913    10739   549767   229589
   229553   550139    10613   575027   188843   520349    88547   386153    70667   566723   116009   654923   274517   665789    84407   620033    18287   681773    17957   682259    17729   682337    17333   682679    16703   683357    16553   683477    16493   683687    16229   683783    16217   694997   338207    79973   615599    34217   425489    45083   583997   133283   629339   313853   611459   179657   511163   124979   689393   149867   470453
   470597   149837   689693   124919   511487   179579   611483   313727   629417   132953   584027    44963   425549    33863   615617    79907   683819   251099   449003   250889   449153   250703   449333   250643   449663   250307   449807   250043   450083   249797   450227   249749   452453   347099    16187   620099    84389   666143   274457   655043   115979   567053    70589   386279    88523   520427   188519   575087    10313   550169   229409
   229343   550289    10139   575153   188483   520433    88463   386369    70439   567059   115853   655229   274403   666233    84263   620117    16097   450413     2879   697217     2633   697397     2549   697583     2333   697733     2129   697937     2039   697979     1823   700001   347813   249593   683909    79889   615743    33773   425603    44777   584153   132947   629567   313637   611543   179573   511523   124853   689867   149717   470663
   470783   149627   689873   124793   511703   179357   611837   313517   629807   132863   584183    44633   425783    33569   615767    79823   692423   249533   698273    60869   639269    60443   639689    60293   639857    59999   640049    59879   640259    59699   641327   348407     1733   450473     7583   620183    84239   666437   274223   655373   115823   567143    70199   386489    88169   520649   188303   575213    10133   550379   229223
   229139   550427    10103   575303   188249   520679    88079   387017    70163   567383   115757   655649   274187   666527    84179   620237     7547   450503     1709   640589    58217   641813    58109   642233    57587   642623    57269   642833    57107   643199   349043    59417   698297   249503   692459    79769   615827    33479   425819    44357   584249   132623   629843   312989   611927   179327   511757   124703   689903   149579   470867
   471137   149399   690119   124577   511859   179243   611969   312929   629927   132437   584279    44279   425903    33359   615869    79613   692753   249449   698339    59393   642947   341303   358733   341027   359027   340937   359129   340859   360593   348419    57059   640613     1667   450557     7253   620393    84137   666647   274103   655727   115727   567569    70079   387077    88037   520763   188147   575429     9887   550607   228869
   228797   550757     9629   575513   187469   521153    88007   387227    70067   567659   115613   655757   274019   666983    83933   620639     7079   450587     1619   640649    56963   359297   223493   476603   223367   476753   223247   480419   346139   340709   643043    59357   698387   249419   692927    79367   616073    33023   425987    44249   584393   132347   629939   312779   611999   178853   512537   124493   690377   149249   471209
   471299   149069   690419   124433   512543   178697   612137   312743   629987   132287   584417    44159   426077    32993   616103    79349   692963   249329   698393    59273   643373   340649   477149   337793   362309   337349   336857   375707   222857   359357    56633   640733     1613   450677     7043   620657    83903   667013   273929   655847   115589   567719    70019   387263    87869   521309   187463   575573     9587   550937   228707
   228617   550973     9539   575579   187433   521363    87833   387269    69899   567947   115343   655883   273773   667019    83717   620777     6917   450719     1559   640943    56543   359837   222713   362693    53069   695867   301073   337313   477293   340169   643463    59063   698447   249287   693089    79229   616289    32987   426233    44123   584663   132059   630107   312737   612173   178643   512573   124427   690467   149033   471389
   471467   148913   690509   124337   512597   178613   612263   312677   630197   121607   584873    43943   426287    32579   616367    79193   693137   249107   698483    58913   643553   339839   477359   363767   598007   350003   101999   336239   222647   360167    56453   641093     1523   450899     6869   620813    83639   667427   273719   656063   115133   578399    69809   387329    87743   521393   187409   575669     9497   551093   228539
   228257   551339     9473   575867   187349   521447    87629   387623    69653   578453   115127   656153   273653   667577    83597   621017     6857   450917     1499   641279    56417   360257   480047   361463   398933     4139   646937   338543   219959   339749   643589    58727   698507   249089   693149    78989   616409    32429   426353    43853   584879   121553   630353   312383   612377   178559   512657   124139   690533   148667   471749
   471803   148517   690629   123887   512843   178487   612383   312089   630467   121523   584993    43577   426389    32363   616529    78977   693179   248909   698567    58427   643883   365369   215393   324299   337697   362657   363149   362213   484613   334637    56123   641579     1439   451097     6827   621029    83477   667643   273617   656429   115013   578483    69539   387917    87623   521519   187163   576119     9377   551489   228203
   228113   551549     9137   576203   186959   521537    87509   387977    69317   578537   114689   656603   273269   667697    83459   621113     6689   451103     1283   641639   644057   331889   353867   223403   476639   223253   476759   219587   476513   368117    55949    58367   698723   248903   693317    78893   616547    32309   426737    43403   585317   121469   630689   312029   612497   178469   513047   123803   690869   148457   471893
   471929   148193   691037   123719   513059   178439   612713   311897   630803   121403   585413    43397   426773    32237   616589    78779   693353   248609   698729   642197    53117   351587   341273   358979   340979   359069   340877   359147   339413   358703   646889    57809     1277   451397     6653   621227    83417   667769   273233   656609   114593   578603    69203   388109    87293   521567   186947   576287     8969   551813   228077
   227873   551849     8807   576299   186869   521603    87083   388259    69143   578693   114419   656687   273113   667817    83219   621353     6569   451523   348443    54269   350963    58193   641897    57773   642419    57383   642737    57173   642899    56807   641789   645737   351563   248483   693437    78653   616787    32189   426893    43319   585587   121313   630863   311747   612923   178403   513137   123707   691199   148157   472133
   472469   148079   691343   123323   513353   178349   613013   311687   631013   121007   585677    43223   427073    32057   616799    78479   693533   486677   348077   351599    60737   639563    60317   639713    60149   640007    59957   640127    59747   640307    58679   639137   351929   213329     6473   621527    83207   667949   272933   656783   114329   578999    68993   388319    86993   521657   186653   576683     8663   551927   227537
   227363   551933     8597   577043   186587   521819    86843   388403    68819   579107   114269   656939   272927   668033    83177   621833     4229   208667   352193     2789   697373     2609   697457     2423   697673     2273   697877     2069   697967     2027   698183        5   697127   491339   695777    78173   616829    31973   427079    43067   585737   120899   631187   311603   613163   178187   513419   122963   691409   148073   472643
   472799   147977   691433   122939   513767   178127   613169   311279   631229   120767   585839    43013   427103    31847   616943   634169   672827   352907   251003   449117   250853   449303   250673   449363   250343   449699   250199   449963   249923   450209   249779   450257   247553   448907    27179    65837    83063   668159   272903   656993   114167   579239    68777   388727    86837   521879   186239   577067     8573   552029   227207
   227189   552179     8543   577397   186107   521903    86753   388823    68699   579503   114143   657017   272759   668609   646157    60167   361799    18233   682049    17747   682277    17669   682673    17327   683303    16649   683453    16529   683513    16319   683777    16223   683789     5009   681719   639839    53849    31397   427247    42989   585863   120503   631307   311183   613253   178103   513899   122609   691463   147827   472817
   472847   147743   691583   122579   514013   177893   613427   310949   631409   120473   585917    42773   427403   668747    40847   351479    82757   617387    82559   617537    82349   617699    82163   618053    81749   618269    81677   618377    81569   618707    81173   618929    80819   619967    79847   616997   659159    31259   272603   657233   114089   579533    68597   389057    86579   522113   185993   577427     8423   552263   227159
   227147   552317     8369   577517   185957   522167    86399   389117    68477   579707   113969   657269   272477    23279   351797    95009   605117    94613   605477    94463   605573    94397   605837    93923   606113    93683   606443    93557   614387    85523   614693    84869   615269    84533   615497    84467   604829   676727   427529    42737   586037   120299   631529   310889   613607   177839   514049   122489   691637   147689   472859
   473453   147347   691709   122477   514103   177623   613637   310733   631559   120293   586073    41879   416873   354317    36467   663653    36293   663737    36209   663869    35963   664109    35753   664403    35423   664613    35339   664679    35267   664847    34883   665267    34703   665507    34457   665603    31307   663407   283133   658127   113933   579713    68447   389273    86369   522383   185903   577529     8297   552659   226553
   226487   552707     8243   577613   185819   522623    86243   389447    68147   579773   614759   649157   357107   277217   423053   276833   423179   276707   423413   276503   423557   276389   423713   276257   423869   275999   424019   275969   424169   275783   424433   275459   424559   275339   424967   275003   425189   268637   422759    50849    85247   120233   631859   310559   613763   177383   514187   122393   691763   147299   473519
   473597   147197   691787   122267   514313   177347   613889   310439   632123   592307    75659   353567    49463   650813    49019   651017    48767   651473    48497   651767    48197   652229    47513   652499    47339   652727    47093   653117    46853   653357    46643   653507    46229   653819    46103   654047    45953   654509    43487   650483   624347   107699    67883   389567    86117   522659   185693   577739     8219   552809   226409
   226283   552899     8087   577799   185483   522737    85853   389723   633923    97967   355463   119633   580379   119429   580763   119087   581099   118673   581549   118409   581663   118277   581753   118163   582017   117839   582173   117797   582227   117497   582563   117329   582737   117239   582887   117023   583013   116867   583367   112919   580259   602039    66083   310283   614153   177269   514523   122207   691919   147107   473723
   473789   147089   691997   122069   514529   177257   614177   310049    59159   353747   138239   561797   138197   561947   137999   562283   137699   562409   137567   562607   137393   562703   136889   563357   136559   563543   136343   563813   135647   564407   135389   564653   135209   564989   134669   565517   134417   565637   134339   565787   132749   561599   640847   389957    85829   522749   185477   577937     8009   552917   226217
   226007   553073     7907   577979   185369   522839   616229   454253   351653    75167   624977    74903   625109    74873   625307    74687   625397    74597   625517    74363   625913    74027   626033    73943   626147    73847   626333    73643   626393    73529   626489    73379   626963    73019   627083    72623   627953    71993   628097    71879   628139    71333   624797   245753    83777   177167   514637   122027   692099   146933   473999
   474017   146777   692249   121889   514643   523847    66509   280229   317903   382229   317453   382643   317279   382847   317123   382919   316937   383099   316859   383153   316703   383429   316373   383813   316097   383969   315977   384107   315893   384203   315779   384407   315569   384479   315407   384737   315179   385079   314879   385193   314807   385379   385943   382037   633497   176159   185363   578117     7757   553229   225989
   225977   553463     7673   578309   515993   162257   361637    93479   606587    93263   606959    92957   607157    92753   607307    92669   607349    92489   607619    92237   608273    91703   608423    91577   608609    91373   608843    91019   609143    90833   609359    90599   609533    90407   609743    90227   609803    90197   609989    89849   610187    89597   610439    79427   606503   537749   184013   121697   692333   146543   474029
   474197   146477   692399   578777   494093   357347   185183   514853   185057   515279   184649   515429   184487   515597   184133   516209   183713   516323   183569   516617   183383   516689   183167   516947   183047   517073   182927   517217   182639   517403   182549   517469   182519   517553   182417   517619   182129   517949   181757   518387   181409   518729   181199   518813   175949   514739   205913   121229     7607   553529   225809
   225569   553583     5387   109379    33149   195053   504983   194933   505139   194819   505277   194723   505319   194483   505919   194057   505979   193859   506213   193679   506357   193469   506573   193163   506873   193043   506993   192977   507119   192677   507599   192263   507953   191969   508103   191783   508259   191657   508499   191447   508709   191189   508973   190979   509297   509693   504929   590627   694619   146423   474437
   474479   553589   682427   353963   131639   568643   131297   568877   130817   569237   130589   569663   130259   569927   129959   570113   129593   570419   129539   570497   129497   570587   129347   570719   129263   570887   128987   571037   128873   571679   128159   571853   128033   572027   127913   572303   127649   572399   127583   572519   127373   572843   127139   572903   127079   572969   125387   568097    17579   146417   225527
   219797   135089   355643    16067   684119    15767   684269    15359   684773    15149   684869    15083   684989    14897   685247    14669   685367    14369   685679    14033   686009    13967   686099    13829   686453    13487   686639    13337   686789    13163   686879    13109   686963    13037   687023    12923   687107    12689   687359    12569   687593    12323   687737    12239   687779    12197   687893     8669   683933   564917   480209
   461507   353453   157133   542987   157007   543287   156707   543383   156467   543659   156119   544223   155747   544919   155069   544979   154943   545387   154523   545759   154073   545939   153953   546263   153689   546569   153407   546719   153137   546893   153059   547097   152783   547229   152519   547577   152423   547643   152297   547787   152189   547823   152003   548039   151937   548123   151817   548363   150299   542747   238499
   358277   238313   461843   237857   462239   237563   462719   237233   462827   237143   462953   236723   463433   236549   463787   236087   464129   235793   464327   235559   464483   235307   464963   235013   464999   234917   465173   234713   465407   234587   465809   234089   465977   233759   466517   233357   467183   232709   467399   232499   467549   232307   467897   232103   467927   231947   468113   231533   468527   226427   461609
