   237767   462443   237287   462773   237179   462863   237053   463283   236573   463457   236219   463919   235877   464213   235679   464447   235523   464699   235043   464993   235007   465089   234833   465293   234599   465419   234197   465917   234029   466247   233489   466649   232823   467297   232607   467507   232457   467699   232109   467903   232079   468059   231893   468473   231479   468647   231323   468737   231107   470207   345689
   468953   156719   543299   156623   543539   156347   543887   155783   544259   155087   544937   155027   545063   154619   545483   154247   545933   154067   546053   153743   546317   153437   546599   153287   546869   153113   546947   152909   547223   152777   547487   152429   547583   152363   547709   152219   547817   152183   548003   151967   548069   151883   548189   151643   548399   151553   548489   151253   548843   347873   231053
   230969   548837    15737   684647    15233   684857    15137   684923    15017   685109    14759   685337    14639   685637    14327   685973    13997   686039    13907   686177    13553   686519    13367   686669    13217   686843    13127   686897    13043   686969    12983   687083    12899   687317    12647   687437    12413   687683    12269   687767    12227   687809    12113   688067    11933   688097    11867   693677   342197   151169   469037
   469439   151049   688217   131129   569189   130769   569417   130343   569747   130079   570047   129893   570413   129587   570467   129509   570509   129419   570659   129287   570743   129119   571019   128969   571133   128327   571847   128153   571973   127979   572093   127703   572357   127607   572423   127487   572633   127163   572867   127103   572927   127037   573179   126743   573647   126143   578399   342899    11789   548957   230567
   230393   549503    11783   573899   194867   505187   194729   505283   194687   505523   194087   505949   194027   506147   193793   506327   193649   506537   193433   506843   193133   506963   193013   507029   192887   507329   192407   507743   192053   508037   191903   508223   191747   508349   191507   508559   191297   508817   191033   509027   190709   509393   190577   509477   190403   186869   670577   126107   688223   150503   469613
   469649   150497   688637   125897   509693   184727   515357   184577   515519   184409   515873   184013   516209   183713   516323   183569   516617   183383   516689   183167   516947   183047   517073   182927   517217   182639   517403   182549   517469   182519   517553   182417   517619   182129   517949   181757   518387   181409   518729   181199   518813   180749   519359   180623   521309   346187   190313   574109    11369   549509   230357
   230213   549533    11273   574289   190283   519509    93047   607049    92849   607253    92699   607337    92657   607517    92387   607769    91733   608303    91583   608429    91397   608633    91163   608987    90863   609173    90647   609407    90473   609599    90263   609779    90203   609809    90017   610157    89819   610409    89567   610619    89303   610733    89189   611483   347813   180497   509723   125717   688733   150473   469793
   470243   150383   688763   125639   509909   180419   610919   317363   382727   317159   382883   317087   383069   316907   383147   316853   383303   316577   383633   316193   383909   316037   384029   315899   384113   315803   384227   315599   384437   315527   384599   315269   384827   314927   385127   314813   385199   314627   385403   314513   385607   314267   313853   420599    89087   519587   190097   574367    11243   549623   229763
   229727   549683    11117   574619   189929   520067    88937   385793    74897   625133    74699   625319    74609   625409    74489   625643    74093   625979    73973   626063    73859   626159    73673   626363    73613   626477    73517   626627    73043   626987    72923   627383    72053   628013    71909   628127    71867   628217    71633   628673    71327   628937   348419   314213   611069   179939   510077   125387   688889   150323   470279
   470303   150299   688979   125339   510569   179903   611189   314189   628757   138197   561947   137999   562283   137699   562409   137567   562607   137393   562703   136889   563357   136559   563543   136343   563813   135647   564407   135389   564653   135209   564917   135017   565337   134489   565589   134369   565667   134219   565793   134087   580379   333623    71249   385817    88817   520103   189437   574667    11027   549707   229703
   229589   549719    10973   574703   189389   520193    88799   385877    71129   565973   119429   580763   119087   581099   118673   581549   118409   581663   118277   581753   118163   582167   117833   582209   117779   582509   117443   582677   117269   582767   117119   582983   116993   583139   116639   583469   116483   583619   116279   585413   346439   134033   628877   314129   611207   179813   510617   125303   689033   150287   470417
   470453   150239   689267   125207   510767   179693   611213   314063   629009   133949   583733    49193   650987    48989   651239    48533   651509    48239   651809    47777   652493    47507   652667    47279   652913    46889   653153    46649   653363    46499   653777    46187   653903    45959   654053    45497   654593    45377   657827   345227   116273   566057    70997   385943    88793   520313   189239   574799    10739   549767   229553
   229409   550139    10613   574913   189017   520349    88547   386117    70667   566273   116009   654743   276827   423299   276593   423503   276449   423617   276293   423749   276137   424007   275987   424037   275837   424223   275573   424547   275447   424667   275039   425003   274817   425297   274697   425423   274517   426287   348209    45263   583997   133733   629339   313889   611459   179657   510989   125093   689393   149867   470597
   470663   149837   689693   124979   511163   179579   611543   313727   629417   133439   584027    45179   425549    36353   663713    36269   663797    36137   664043    35897   664253    35603   664583    35393   664667    35327   664739    35159   665123    34739   665303    34499   665549    34403   665723    34259   670217   344327   274457   654827   115979   566567    70589   386279    88463   520427   188843   575027    10313   550169   229343
   229223   550289    10139   575087   188519   520433    88169   386369    70439   566723   115853   654923   274403   665789    94529   605543    94433   605609    94169   606083    93893   606323    93563   606449    93503   606527    93419   606743    84737   615473    84509   615539    84449   615599    84389   618329   346259    34217   425603    45083   584153   133283   629567   313637   611837   179573   511487   124919   689867   149717   470783
   470867   149627   689873   124853   511523   179357   611927   313517   629807   132953   584183    44963   425783    33863   615743    82559   617537    82307   617843    81953   618257    81737   618377    81569   618707    81173   618929    80819   619967    79973   620099    79889   620159    79823   621353   347033    84263   666143   274223   655043   115823   567053    70199   386489    88079   520649   188483   575153    10133   550379   229139
   228869   550427    10103   575213   188303   520679    88037   387017    70163   567059   115757   655229   274187   666233    84239   620237    17957   682259    17729   682337    17579   682673    17327   683303    16649   683453    16529   683513    16319   683777    16223   683789    16187   693317   339137    79769   615767    33773   425819    44777   584249   132947   629843   312989   611969   179327   511703   124793   689903   149579   471137
   471209   149399   690119   124703   511757   179243   611999   312929   629927   132863   584279    44633   425903    33569   615827    79613   683909   250889   449153   250703   449333   250643   449663   250307   449807   250043   450083   249797   450227   249749   450413   249533   454379   345329    16097   620393    84179   666437   274103   655373   115727   567143    70079   387077    88007   520763   188249   575303     9887   550607   228797
   228707   550757     9629   575429   188147   521153    87869   387227    70067   567257   115613   655649   274019   666527    84137   620579    16073   450503     2789   697373     2609   697457     2423   697673     2273   697877     2069   697967     2027   698183     1733   351179   696413   249503   683933    79427   615869    33479   425987    44357   584393   132749   629939   312779   612137   178853   511859   124577   690377   149249   471299
   471389   149069   690419   124493   512537   178643   612173   312743   629987   132623   584417    44279   426077    33359   616073    79367   683939   249449   698297    60443   639713    60167   639857    59999   640049    59747   640307    59417   640613    59357   641327   349043     1709   450557    16067   620639    83933   666647   273929   655727   115589   567383    70019   387263    87833   521363   187469   575513     9587   550937   228617
   228539   550973     9539   575573   187463   521393    87743   387269    69899   567569   115343   655757   273773   666857    83903   620657    15887   450587     1667   640733    58109   642197    57773   642419    57383   642833    57107   642947    56963   644789   347513    59273   698339   249419   684119    79349   616103    33149   426233    44249   584663   132437   630107   312737   612263   178613   512543   124433   690467   149033   471467
   471749   148913   690509   124427   512573   178559   612377   312677   630197   132347   584873    44159   426353    33023   616229    79229   684239   249329   698387    59159   643199   341303   358733   341027   359027   340937   359129   340859   337349   371663    56807   640847     1619   450677    15767   620777    83777   666983   273653   655847   115133   567659    69809   387329    87629   521447   187433   575579     9497   551093   228257
   228203   551339     9473   575669   187409   521519    87623   387623    69653   567947   115127   655883   273617   667013    83717   620813     7079   450719     1613   640943    56633   359297   223253   476759   222857   477293   222647   480989   346223   340709   643373    59063   698393   249287   692927    79193   616289    32993   426389    44123   584879   132059   630353   312383   612383   178487   512597   124337   690533   148667   471803
   471893   148517   690629   124139   512657   178469   612497   312089   630467   131909   584993    43943   426737    32987   616367    78989   692963   249107   698447    58913   643463   340649   477677   337907   362147   337793   298589   413579   222329   359357    56543   641093     1559   450899     7043   621017    83639   667019   273269   656063   115013   568097    69539   387917    87509   521537   187349   575867     9377   551489   228113
   228077   551549     9137   576119   187163   521567    87293   387977    69317   568367   114689   656153   273233   667427    83597   621029     6917   450917     1523   641279    56453   359837   222197   362309    53069   695867   301073   337697   477809   340169   643553    58727   698483   249089   693089    78977   616409    32579   426773    43853   585317   131639   630689   312029   612713   178439   512843   123887   690869   148457   471929
   472133   148193   691037   123803   513047   178403   612923   311897   630803   131363   585587    43577   426893    32429   616529    78893   693137   248909   698507    58427   643589   339839   477857   368729   598007   350003   101999   331277   222149   360167    56417   641579     1499   451097     6869   621113    83477   667577   273113   656429   114419   568643    69203   388109    87083   521603   186959   576203     8969   551813   227873
   227537   551849     8807   576287   186947   521657    86993   388259    69143   568709   114329   656519   272933   667697    83417   621227     6827   451103     1439   641639    56123   360257   484727   394643   398933     4139   646937   305363   215279   339749   643883    58367   698567   248903   693179    78779   616589    32309   427073    43487   585677   131297   630863   311747   613013   178349   513059   123719   691199   148157   472469
   472643   148079   691337   123707   513353   178187   613163   311687   631013   121403   585737    43403   427079    32237   616787    78479   693353   248609   698723    58217   643919   363149   210527   286427   337859   362213   401417   362099   489479   336857    56087   641789     1283   451397     6653   621527    83219   667769   272927   656603   114269   578603    68993   388319    86843   521819   186653   576299     8669   551927   227363
   227207   551933     8663   576683   186587   521879    86837   388403    68819   578777   114167   656609   272903   667817    83207   621833     6569   451523     1277   641813   645503   357353   353783   223247   477149   222713   477359   219017   476753   342653    54503    58193   698729   248483   693437    78173   616799    32189   427103    43397   585839   121229   631187   311603   613169   178127   513419   123323   691343   148073   472799
   472817   147977   691409   122963   513767   178103   613253   311279   631229   121007   585863    43319   427247    32057   616829    78137   693533   247997   698903   642737    50549   328343   341273   358979   340979   359069   340877   359147   362657   358703   649457    57269     1103   452009     6473   621869    83177   667949   272759   656687   114143   578999    68777   388727    86753   521903   186239   577043     8597   552029   227189
   227159   552179     8573   577067   186107   522113    86579   388823    68699   579107   114089   656783   272603   668033    83063   622073     6323   452159   699617    54773   352493    57809   642233    57587   642623    57173   642899    57059   643043    55217   641897   645233      389   247847   693683    77933   616943    31973   427403    43223   585917   120899   631307   311183   613427   177893   513899   122939   691433   147827   472847
   472859   147743   691463   122609   514013   177839   613607   310949   631409   120767   586037    43067   427439    31847   616997    77849   693689   453317   345263   350963    60293   639839    60149   640007    59957   640259    59699   640589    59393   640649    58679   639563   354743   246689     6317   622157    83009   668159   272567   656939   113969   579239    68597   389057    86399   522167   185993   577397     8543   552263   227147
   226553   552317     8423   577427   185957   522383    86369   389117    68477   579503   113933   656993   272549   668609    82757   622493     5657   240257     3593     2633   697397     2549   697583     2333   697733     2129   697937     2039   697979     1823   698273   348827   697217   459749   694349    77513   617249    31397   427457    43013   586073   120503   631529   310889   613637   177623   514049   122579   691583   147689   473453
   473519   147347   691637   122489   514103   177383   613763   310733   631559   120473   586349    42989   427529    31319   617387   632717   681137   354677   250853   449303   250673   449363   250343   449699   250199   449963   249923   450209   249779   450257   249593   450473   245627   449117    18869    67289    82619   668687   272477   657017   113657   579533    68447   389273    86243   522623   185903   577517     8369   552659   226487
   226427   552707     8297   577529   185819   522659    86117   389447    68147   579707   113513   657233   272093   668699    82349    60317   360869    17747   682277    17669   682427    17333   682679    16703   683357    16553   683477    16493   683687    16229   683783    16217   683819     6689   682049   639689   617657    31307   427913    42773   586493   120299   631859   310559   613889   177347   514187   122477   691709   147299   473579
   473597   147197   691763   122393   514313   177269   614153   310439   632123   120293   586589    42737   427967    31139   602639   352973    82469   617699    82163   618053    81749   618269    81629   618437    81299   618833    81077   619187    80039   620033    79907   620117    79847   620183    78653   617447    97367   668867   272039   657269   113417   579713    67883   389567    85853   522737   185693   577613     8243   552809   226409
   226283   552899     8219   577739   185483   522749    85829   389723    67853   579773   113327   657323   271829   659513   353747    94463   605573    94397   605837    93923   606113    93683   606443    93557   606503    93479   606587    93263   615269    84533   615497    84467   615557    84407   615617    81677   605477    40493   428177    42683   586679   120233   632153   310283   614177   177257   514523   122267   691787   147107   473723
   473789   147089   691919   122207   514529   177167   614387   310223   632273   119747   586793   657707   422759   355679    36293   663737    36209   663869    35963   664109    35753   664403    35423   664613    35339   664679    35267   664847    34883   665267    34703   665507    34457   665603    34283   665747    29789   663653   277247    42299   113213   580259    67733   389783    85619   522839   185477   577799     8087   552917   226217
   226007   553073     8009   577937   185369   523307    85523   389819    67709   580373   587429    32363   351797   276707   423413   276503   423557   276389   423713   276257   423869   275999   424019   275969   424169   275783   424433   275459   424559   275339   424967   275003   425189   274709   425309   274583   425489   273719   423179   667643   112577   119633   632297   310187   614483   176699   514637   122069   691997   146933   473999
   474017   146777   692099   122027   514643   176573   614693   310049   632327   117989   104459   354779    49019   651017    48767   651473    48497   651767    48197   652229    47513   652499    47339   652727    47093   653117    46853   653357    46643   653507    46229   653819    46103   654047    45953   654509    45413   654629    42179   650813   595547   582017    67679   389957    85313   523433   185363   577979     7907   553229   225989
   225977   553463     7757   578117   185267   523637    85247   390077   633257   559277   353567   119243   580919   118907   581333   118457   581597   118343   581729   118253   581843   117839   582173   117797   582227   117497   582563   117329   582737   117239   582887   117023   583013   116867   583367   116537   583523   116387   583727   114593   580577   140729    66749   309929   614759   176369   514739   121889   692249   146543   474029
   474197   146477   692333   121697   514823   176333   615137   390527    59879   366383   138059   562007   137723   562307   137597   562439   137399   562613   137303   563117   136649   563447   136463   563663   136193   564359   135599   564617   135353   564797   135089   564989   134669   565517   134417   565637   134339   565787   134213   565919   119627   561809   640127   309479    84869   523673   185183   578309     7673   553529   225809
   225569   553583     7607   578453   185153   523763   616547   374687   351587    74873   625307    74687   625397    74597   625517    74363   625913    74027   626033    73943   626147    73847   626333    73643   626393    73529   626489    73379   626963    73019   627083    72623   627953    71993   628097    71879   628139    71789   628373    71333   628679    71069   625109   325319    83459   176243   514853   121553   692399   146423   474437
   474479   146417   692423   121523   514949   526139    74903   279407   317279   382847   317123   382919   316937   383099   316859   383153   316703   383429   316373   383813   316097   383969   315977   384107   315893   384203   315779   384407   315569   384479   315407   384737   315179   385079   314879   385193   314807   385379   314603   385493   314399   385739   386153   382643   625103   173867   185057   578483     7583   553589   225527
   225509   553733     7547   578537   519227   163307   352193    92957   607157    92753   607307    92669   607349    92489   607619    92237   608273    91703   608423    91577   608609    91373   608843    91019   609143    90833   609359    90599   609533    90407   609743    90227   609803    90197   609989    89849   610187    89597   610439    89387   610703    89273   610817    88523   606959   536699   180779   121469   692459   146273   474497
   474503   146249   692753   578693   493607   353819   184649   515429   184487   515597   184133   515993   183797   516293   183683   516437   183389   516623   183317   516839   183059   516959   182933   517079   182789   517367   182603   517457   182537   517487   182453   517589   182387   517877   182057   518249   181619   518597   181277   518807   181193   519257   180647   519383   178697   515279   206399   121313     7253   553757   225503
   225347   554207     6857   106823    29429   194819   505277   194723   505319   194483   505919   194057   505979   193859   506213   193679   506357   193469   506573   193163   506873   193043   506993   192977   507119   192677   507599   192263   507953   191969   508103   191783   508259   191657   508499   191447   508709   191189   508973   190979   509297   190613   509429   190529   509603   513137   505139   593183   693149   145799   474659
   474707   556943   678779   357107   130817   569237   130589   569663   130259   569927   129959   570113   129593   570419   129539   570497   129497   570587   129347   570719   129263   570887   128987   571037   128873   571679   128159   571853   128033   572027   127913   572303   127649   572399   127583   572519   127373   572843   127139   572903   127079   572969   126827   573263   126359   573863   121607   568877    21227   143063   225299
   224897   132287   357809    15359   684773    15149   684869    15083   684989    14897   685247    14669   685367    14369   685679    14033   686009    13967   686099    13829   686453    13487   686639    13337   686789    13163   686879    13109   686963    13037   687023    12923   687107    12689   687359    12569   687593    12323   687737    12239   687779    12197   687893    11939   688073    11909   688139     6329   684269   567719   475109
   461609   352133   156707   543383   156467   543659   156119   544223   155747   544919   155069   544979   154943   545387   154523   545759   154073   545939   153953   546263   153689   546569   153407   546719   153137   546893   153059   547097   152783   547229   152519   547577   152423   547643   152297   547787   152189   547823   152003   548039   151937   548123   151817   548363   151607   548453   151517   548753   151163   543287   238397
   354317   237563   462719   237233   462827   237143   462953   236723   463433   236549   463787   236087   464129   235793   464327   235559   464483   235307   464963   235013   464999   234917   465173   234713   465407   234587   465809   234089   465977   233759   466517   233357   467183   232709   467399   232499   467549   232307   467897   232103   467927   231947   468113   231533   468527   231359   468683   231269   468899   229799   462239
