   232823   467297   232607   467507   232457   467699   232109   467903   232079   468059   231893   468473   231479   468647   231323   468737   231107   468953   230969   469439   230393   469649   230213   470207   229763   470279   229703   470417   229553   470597   229343   470783   229139   471137   228797   471299   228617   471467   228257   471803   228113   471929   227873   472469   227363   472799   227189   472847   227147   474479   344969
   473453   152297   547787   152189   547823   152003   548039   151937   548123   151817   548363   151607   548453   151517   548753   151169   548843   151049   549503   150497   549533   150383   549683   150299   549719   150239   550139   149837   550289   149627   550427   149399   550757   149069   550973   148913   551339   148517   551549   148193   551849   148079   551933   147977   552179   147743   552317   147347   555707   344363   226553
   226487   552707    12569   687593    12323   687737    12239   687779    12197   687893    11939   688073    11909   688139    11789   688223    11369   688733    11243   688889    11027   689033    10739   689393    10313   689867    10133   689903     9887   690377     9587   690467     9497   690533     9377   690869     8969   691199     8669   691343     8597   691433     8543   691583     8369   691709     8243   692333   347513   147299   473519
   473579   147197   691787   127373   572843   127139   572903   127079   572969   126827   573263   126359   573863   126107   574109   125717   574367   125387   574667   125303   574799   125093   575027   124919   575153   124793   575303   124577   575513   124433   575579   124337   575867   123887   576203   123719   576299   123323   577043   122939   577397   122579   577517   122477   577613   122267   588347   336857     8219   552809   226427
   226409   552899     8087   577799   191033   509027   190709   509393   190577   509477   190403   509693   190283   509909   189929   510569   189389   510767   189017   511163   188519   511523   188303   511757   188147   512537   187463   512573   187409   512657   187163   513047   186947   513137   186653   513419   186239   513899   185993   514049   185903   514187   185693   514523   185477   516617   344957   122207   691919   147107   473597
   473723   147089   691997   122069   514637   181199   518813   180779   519257   180647   519383   180419   520067   179903   520193   179693   520349   179579   520433   179357   520679   179243   521153   178697   521363   178613   521447   178487   521537   178439   521603   178349   521819   178127   521903   177893   522167   177623   522623   177347   522737   177257   522839   176699   174749   696659   185369   577937     8009   552917   226283
   226217   553073     7907   577979   185363   523433    89387   610703    89273   610817    89087   611069    88817   611207    88793   611459    88523   611543    88169   611927    88037   611999    87869   612173    87743   612377    87623   612497    87293   612923    86993   613163    86837   613253    86579   613607    86369   613763    86117   614153    85829   614387    85523   615137   347099   176573   514643   122027   692099   146933   473789
   473999   146777   692249   121889   514739   176369   614693   314513   385607   314267   385793   314189   385877   314063   386117   313853   386279   313637   386489   312989   387077   312779   387263   312737   387329   312383   387917   312029   388109   311747   388319   311603   388727   311183   389057   310889   389273   310559   389567   310283   389783   310187   309599   428039    85313   523637   185267   578117     7757   553229   226007
   225989   553463     7607   578309   185183   523673    85247   389957    71327   628757    71129   628937    70997   629339    70589   629567    70199   629843    70079   629939    70019   630107    69809   630353    69539   630689    69203   630863    68993   631187    68777   631307    68597   631529    68447   631859    67883   632153    67733   632297    67679   632447   347933   310049   614759   176333   514823   121697   692399   146543   474017
   474029   146477   692423   121607   514853   176243   615269   309929   632459   134033   566057   133733   566567   133283   567053   132947   567143   132749   567383   132347   567719   132059   568097   131639   568643   131297   568877   130817   569237   130589   569663   130259   569927   129959   570113   129593   570419   129539   570497   129497   583727   334637    67547   390077    84737   523763   185153   578399     7583   553529   225977
   225809   553583     7547   578453   185057   523793    84533   390107    67523   570587   116273   583997   115979   584153   115823   584249   115727   584393   115589   584663   115133   584879   115013   585317   114593   585587   114329   585737   114143   585917   113969   586073   113657   586493   113417   586679   113213   586979   112919   588977   346223   129419   632483   309899   615473   176213   514949   121553   692459   146423   474197
   474437   146417   692753   121523   515279   176159   615497   309797   632699   129347   587219    44357   655727    44249   655847    44123   656063    43853   656429    43487   656603    43397   656687    43223   656939    43013   657017    42773   657269    42683   657473    42509   657539    42299   657779    42197   657827    42023   660563   346139   112787   570659    67307   390209    84509   523847   184727   578483     7253   553589   225569
   225509   553733     7079   578537   184649   523877    84467   390503    67289   570719   112589   658079   273929   426233   273719   426353   273617   426737   273233   426893   272933   427079   272903   427247   272603   427439   272549   427529   272093   427967   272009   428003   271829   428303   271637   428489   271367   430949   346439    41927   587417   129287   632717   309503   615539   176129   515357   121469   692927   146273   474497
   474503   146249   692963   121403   515429   175949   615557   309479   633197   129263   587429    41879   428843    32429   667643    32309   667769    32189   667949    31973   668159    31397   668687    31307   668747    31193   668867    30983   669029    30893   669167    30677   669413    30347   669869    30119   675923   343037   271163   658127   112577   570743    66809   390527    84449   524057   184577   578603     7043   553757   225503
   225347   554207     6917   578693   184487   524087    84407   390647    66797   570887   112403   658247   270923   669947    90863   609173    90599   609533    90407   609779    90203   609809    90017   610157    89819   610409    89567   618257    81677   618377    81569   618707    81173   618929    80819   620813   339413    30059   429083    41759   587603   129119   633209   309359   615599   175919   515519   121313   693089   145799   474659
   474707   145703   693137   121229   515597   175499   615617   309269   633257   128987   587669    41729   429347    29867   619967    78137   622073    77849   622493    77477   622637    77213   623003    76949   623327    76289   623723    75797   624233    75659   624467    75527   624599    75323   635939   337349    80039   670139   270659   658277   112337   571019    66749   390737    84389   524507   184409   578777     6869   554303   225299
   225227   554417     6857   578999   184133   524939    84263   390869    66629   571037   112019   658319   270593   670217    79973   624737    14639   685637    14327   685973    13997   686039    13907   686177    13553   686519    13367   686669    13217   686843    13127   686897    13043   687083   349043    75269   620033    29789   429413    41687   587987   128969   633377   309137   615743   175067   515873   121007   693149   145589   474779
   474839   145433   693179   120899   515993   174989   615767   308939   633473   128873   588113    41627   429467    29663   620099    75167   686969   246689   453797   246173   454109   245759   454253   245627   454823   245087   454967   245033   455219   244667   455513   244403   458669   345263    13037   624839    79907   670343   270539   658379   111893   571133    66533   391067    84239   525017   184013   579107     6827   554573   225167
   225149   554699     6689   579239   183797   525353    84179   391073    66509   571679   111833   658403   270509   670577    79889   624977    12983   455627      683   699437      563   699449      479   699539      449   699617      239   699947       53   700001   349967   351179   348443   244379   687023    75029   620117    29429   429497    41603   588173   128327   633497   308933   615827   174653   516209   120767   693317   145307   474857
   474917   145259   693353   120503   516293   174413   615869   308723   633623   128159   588239    41519   429563    29423   620159    74903   687107   244217   350213    56963   643199    56633   643463    56453   643589    56123   644009    55949   644117    55487   653117   340937   349793   455789    12899   625103    79847   670583   270443   658487   111767   571847    66383   391283    84137   525593   183713   579503     6653   554747   225089
   225023   554753     6569   579533   183683   525599    83933   391367    66377   571853   111623   658607   270407   670619    79823   625109    12689   455849   349787   644669    54563   645467    54503   645629    54323   645713    54269   645839    53993   664847   330887    55337   350219   244157   687317    74897   620183    29387   429599    41399   588383   128153   633629   308639   616073   174407   516323   120473   693437   145253   474983
   475037   145037   693533   120299   516437   174329   616103   308519   633767   128033   588509    41357   429677    29333   620237    74873   687359   243857   350453    55259   646067   337283   363017   336887   363179   336689   363569   336239   371387   341777    53939   644747   349553   456149    12647   625133    79769   670673   270329   658649   111497   571973    66239   391487    83903   525677   183569   579707     6473   554969   224969
   224897   555119     6329   579713   183383   525809    83777   391679    66173   572027   111323   658817   270323   670763    79613   625307     4229   456167   349343   644789    53849   363947   219293   480989   218963   481133   218849   484607   346187   336059   646157    55217   350663   243839   695777    74699   620393    29243   429683    41189   588683   127979   633833   308327   616229   174197   516623   120293   693677   144887   475109
   475289   144839   693683   120233   516689   174137   616289   308249   633923   127913   588737    40847   429719    29153   620579    74687   695867   243239   351479    55163   646193   336029   481379   333713   366383   333539   332273   384107   218627   363977    53813   644843   348527   456767     4139   625319    79427   670853   270287   659159   111269   572093    66083   391757    83717   525869   183317   579773     6323   555167   224717
   224603   555287     6317   580259   183167   526037    83639   391889    65993   572303   111263   659177   270209   670877    79367   625397     4133   456809   348419   644933    53699   364127   218417   366683    49823   697217   302969   333323   481589   335879   646307    55073   351587   243197   695873    74609   620639    29129   429797    40829   588743   127703   634013   308117   616367   173969   516839   119747   693689   144719   475403
   475427   144413   693743   119633   516947   173933   616409   307919   634079   127649   588779    40583   430019    28817   620657    74597   695879   242867   351599    54983   646397   335813   482099   331217   603149   350003    96857   368789   217907   364193    53609   645023   348407   457139     4127   625409    79349   671189   269987   659423   111227   572357    65927   392087    83597   526073   183059   580373     6263   555593   224579
   224423   555683     6197   580379   183047   526139    83477   392423    65837   572399   111053   659513   269663   671303    79229   625517     4079   457277   348353   645137    53147   364313   486677   402503   397037     2789   650183   297503   213329   335693   646859    54869   351653   242729   695927    74489   620777    28703   430343    40493   588953   127607   634169   307583   616529   173867   516959   119627   693809   144323   475583
   475679   143999   694019   119429   517073   173807   616547   307529   634307   127583   589187    40283   430427    28649   621017    74363   695999   242639   351797    54773   646889   335507   208337   315899   333623   366467   367733   366293   491669   364499    53117   645233   348209   457367     4007   625643    78989   671357   269579   659723   110819   572423    65699   392477    83459   526199   182933   580577     5987   556007   224327
   224309   556487     5927   580763   182927   526223    83417   392669    65633   572519   110597   659843   269573   671603    78977   625913     3929   457403   348077   645383   647117   354779   353819   219017   481043   218873   481157   215399   480713   345227    52889    54623   351929   242603   696077    74093   621029    28403   430433    40163   589409   127487   634373   307337   616589   173783   517079   119243   694079   143519   475697
   475877   143243   694193   119087   517217   173699   616787   307283   634397   117269   589439    39953   430487    28289   621113    74027   696083   242453   352049    53069    32993   358229   336989   363119   336827   363317   336437   363767   328619   362723   667013   646937   347957   457553     3923   625979    78893   671717   269519   660053   110567   582737    65609   392723    83219   526307   182789   580919     5813   556763   224129
   224033   556943     5783   581099   182639   526649    83207   392837    65357   582767   110477   660119   269237   671729    78779   626033     3767   457559   347033   635849   369119    54539   645503    54377   645683    54293   645737    54167   646013    35159   645443    64157   352973   242447   696239    73973   621227    28277   430769    39887   589529   117239   634649   307169   616799   173357   517367   118907   694223   143063   475973
   476087   142979   694313   118673   517403   173297   616829   307079   634679   117119   589877    39869   430823    28229   621353    73943   696413   242399   699197   359069    56807   643373    56543   643553    56417   643883    55997   644057    55889   644519    46889   643043      809   457607     3593   626063    78653   671777   269183   660137   110129   582887    65327   392927    83177   526709   182603   581333     5693   557027   223919
   223823   557033     5657   581549   182549   526733    83063   393059    65213   582983   109883   660167   268643   672059    78479   626147   349913   450257   351563      569   699443      557   699527      467   699557      389   699767       59   699953        5   350039   348827   699323   249749   350093    73859   621527    27947   431363    39839   590123   117023   634793   306947   616943   173273   517457   118457   694349   142973   476183
   476249   142949   694367   118409   517469   173267   616997   306749   634859   116993   590489    39779   431369    27779   621833   644549   347057   354743   246209   453833   245897   454247   245753   454379   245183   454919   245039   454973   244787   455339   244493   455603   241337   453317   352949    55457    78173   672227   268637   660227   109517   583013    65147   393257    83009   526739   182537   581597     5639   557057   223757
   223637   557273     5519   581663   182519   526829    82757   393299    65063   583139   109469   660347   268607   672317   624797    39023   350963    14369   685679    14033   686009    13967   686099    13829   686453    13487   686639    13337   686789    13163   686879    13109   686963    12923   685367   660983    75209    27689   431399    39659   590537   116867   634943   306707   617249   173177   517487   118343   694487   142733   476369
   476429   142697   694523   118277   517553   172883   617387   306533   634979   116639   590573    39503   431513    26987    52673   362657    77933   622157    77513   622529    77369   622793    77003   623057    76679   623717    76283   624209    75773   624347    75539   624479    75407   624683    64067   621869   647333   673019   268493   660503   109433   583367    65027   393473    82619   527123   182453   581729     5483   557309   223577
   223529   557537     5387   581753   182417   527129    82559   393587    65003   583469   109397   660683   432437   662477   360593    90833   609407    90473   609599    90227   609803    90197   609989    89849   610187    89597   610439    81749   618329    81629   618437    81299   618833    81077   619187    79193   609143    37529   267569    39323   590609   116537   635003   306419   617447   172877   517589   118253   694619   142469   476477
   476513   142433   694919   118163   517619   172673   617537   306377   635087   116483   590627    39107   260207   356969    32363   667697    32237   667817    32057   668033    31847   668609    31319   668699    31259   668813    31139   669023    30977   669113    30839   669329    30593   669659    30137   669887    24083   667577   439799   660899   109379   583523    64919   393629    82469   527333   182387   581843     5087   557573   223493
   223403   557789     5009   582017   182129   527399    82349   393677    64667   583619   590753   653507   353567   273773   426287   273653   426389   273269   426773   273113   427073   272927   427103   272759   427403   272567   427457   272477   427913   272039   427997   272003   428177   271703   428369   271517   428639   269057   426077    46499   109253   116387   635339   306329   617657   172607   517877   117989   694997   142217   476603
   476639   142019   695003   117833   517949   172553   617699   306209   635507   587753   100469   353867    44279   655757    44159   655883    43943   656153    43577   656519    43403   656609    43319   656783    43067   656993    42989   657233    42737   657323    42533   657497    42467   657707    42227   657809    42179   657983    39443   655649   599537   112253    64499   393797    82307   527453   182057   582173     5003   557987   223367
   223253   558203     4937   582209   181757   527489    82163   393857   636263    90647   353783   116009   584027   115853   584183   115757   584279   115613   584417   115343   584873   115127   584993   114689   585413   114419   585677   114269   585863   114089   586037   113933   586349   113513   586589   113327   586793   113027   587087   111029   583733   609359    63743   306149   617843   172517   518249   117797   695069   141803   476753
   476759   141719   695087   117779   518387   172373   618053   394007    56087   365369   133949   566273   133439   566723   132953   567059   132863   567257   132623   567659   132287   567947   131909   568367   131363   568709   131129   569189   130769   569417   130343   569747   130079   570047   129893   570413   129587   570467   129509   570509   116279   565973   643919   305999    81953   527633   181619   582227     4919   558287   223247
   222857   558497     4889   582509   181409   527699    81737   377543   352073    71249   628877    71069   629009    70667   629417    70439   629807    70163   629927    70067   629987    69899   630197    69653   630467    69317   630803    69143   631013    68819   631229    68699   631409    68477   631559    68147   632123    67853   632273    67709   632327    67559   628679   322463   618269   172307   518597   117497   695117   141509   477149
   477293   141443   695207   117443   518729   532373   609743   271967   314399   385739   314213   385817   314129   385943   313889   386153   313727   386369   313517   387017   312929   387227   312743   387269   312677   387623   312089   387977   311897   388259   311687   388403   311279   388823   310949   389117   310733   389447   310439   389723   310223   389819   390407   385493    90263   167633   181277   582563     4799   558563   222713
   222647   558827     4679   582677   180497   507743   352907    89303   610733    89189   610919    88937   611189    88799   611213    88547   611483    88463   611837    88079   611969    88007   612137    87833   612263    87629   612383    87509   612713    87083   613013    86843   613169    86753   613427    86399   613637    86243   613889    85853   614177    85619   614483    84869   610619   192263   519509   117329   695327   141179   477359
   477677   140939   695369   585839   506963     3347   181193   519227   180749   519359   180623   519587   179939   520103   179813   520313   179657   520427   179573   520649   179327   520763   178853   521309   178643   521393   178559   521519   178469   521567   178403   521657   178187   521879   178103   522113   177839   522383   177383   522659   177269   522749   177167   523307   525257   518807   193043   114167     4637   559067   222329
   222197   559277   350087    93263   355049   190979   509297   190613   509429   190529   509603   190313   509723   190097   510077   189437   510617   189239   510989   188843   511487   188483   511703   188249   511859   187469   512543   187433   512597   187349   512843   186959   513059   186869   513353   186587   513767   186107   514013   185957   514103   185819   514313   185483   514529   183389   508973   606743   349919   140729   477809
   477857   567569   341303   363149   127163   572867   127103   572927   127037   573179   126743   573647   126143   573899   125897   574289   125639   574619   125339   574703   125207   574913   124979   575087   124853   575213   124703   575429   124493   575573   124427   575669   124139   576119   123803   576287   123707   576683   122963   577067   122609   577427   122489   577529   122393   577739   111659   572633   358703   132437   222149
   488759   117839   352493    12413   687683    12269   687767    12227   687809    12113   688067    11933   688097    11867   688217    11783   688637    11273   688763    11117   688979    10973   689267    10613   689693    10139   689873    10103   690119     9629   690419     9539   690509     9473   690629     9137   691037     8807   691337     8663   691409     8573   691463     8423   691637     8297   691763     7673   687437   582167   211247
   197759   355643   152219   547817   152183   548003   151967   548069   151883   548189   151643   548399   151553   548489   151253   548837   151163   548957   150503   549509   150473   549623   150323   549707   150287   549767   149867   550169   149717   550379   149579   550607   149249   550937   149033   551093   148667   551489   148457   551813   148157   551927   148073   552029   147827   552263   147689   552659   144299   547709   502247
   355037   232709   467399   232499   467549   232307   467897   232103   467927   231947   468113   231533   468527   231359   468683   231269   468899   231053   469037   230567   469613   230357   469793   229799   470243   229727   470303   229589   470453   229409   470663   229223   470867   228869   471209   228707   471389   228539   471749   228203   471893   228077   472133   227537   472643   227207   472817   227159   472859   225527   467183
