   237143   462953   236723   463433   236549   463787   236087   464129   235793   464327   235559   464483   235307   464963   235013   464999   234917   465173   234713   465407   234587   465809   234089   465977   233759   466517   233357   467183   232709   467399   232499   467549   232307   467897   232103   467927   231947   468113   231533   468527   231359   468683   231269   468899   231053   469037   230567   469613   230357   470597   345473
   469793   155783   544259   155087   544937   155027   545063   154619   545483   154247   545933   154067   546053   153743   546317   153437   546599   153287   546869   153113   546947   152909   547223   152777   547487   152429   547583   152363   547709   152219   547817   152183   548003   151967   548069   151883   548189   151643   548399   151553   548489   151253   548837   151163   548957   150503   549509   150473   551339   346349   230213
   229799   549623    15017   685109    14759   685337    14639   685637    14327   685973    13997   686039    13907   686177    13553   686519    13367   686669    13217   686843    13127   686897    13043   686969    12983   687083    12899   687317    12647   687437    12413   687683    12269   687767    12227   687809    12113   688067    11933   688097    11867   688217    11783   688637    11273   688763    11117   690869   345749   150383   470207
   470243   150323   688979   130259   569927   129959   570113   129593   570419   129539   570497   129497   570587   129347   570719   129263   570887   128987   571133   128327   571847   128153   571973   127979   572093   127703   572357   127607   572423   127487   572633   127163   572867   127103   572927   127037   573179   126743   573647   126143   573899   125897   574289   125639   574619   125339   575303   347033    11027   549683   229763
   229727   549707    10973   574703   194087   505949   194027   506147   193793   506327   193649   506537   193433   506843   193133   506963   193013   507029   192887   507329   192407   507743   192053   508037   191903   508223   191747   508349   191507   508559   191297   508817   191033   509027   190709   509393   190577   509477   190403   509693   190283   509909   189929   510569   189389   514637   343313   125303   689033   150299   470279
   470303   150287   689267   125207   510767   184013   516209   183713   516323   183569   516623   183317   516839   183059   516959   182933   517079   182789   517367   182603   517457   182537   517487   182453   517589   182387   517877   182057   518249   181619   518597   181277   518807   181193   519227   180749   519359   180623   519509   180419   520067   179903   520193   179693   173867   693533   189239   574799    10739   549719   229703
   229589   549767    10613   574913   189017   520349    92669   607349    92489   607619    92237   608273    91703   608423    91577   608609    91373   608843    91019   609143    90833   609359    90599   609533    90407   609743    90227   609803    90197   609989    89849   610187    89597   610439    89387   610703    89273   610817    89087   611069    88817   611207    88793   616229   342647   179657   510989   125093   689393   150239   470417
   470453   149867   689693   124979   511163   179579   611459   316937   383099   316859   383153   316703   383429   316373   383813   316097   383969   315977   384107   315893   384203   315779   384407   315569   384479   315407   384737   315179   385079   314879   385193   314807   385379   314603   385493   314399   385739   314213   385817   314129   385943   313889   312737   421643    88547   520427   188843   575027    10313   550139   229553
   229343   550169    10139   575087   188519   520433    88523   386153    74597   625517    74363   625913    74027   626033    73943   626147    73847   626333    73643   626393    73529   626489    73379   626963    73019   627083    72623   627953    71993   628097    71879   628139    71789   628373    71333   628679    71249   628877    71069   629009    70667   637319   339839   313853   611483   179573   511487   124919   689867   149837   470663
   470783   149717   689873   124853   511523   179357   611543   313727   629417   137567   562607   137393   562703   136889   563357   136559   563543   136343   563813   135647   564407   135389   564653   135209   564917   135017   565337   134489   565589   134369   565667   134219   565793   134087   565973   133949   566273   133439   566723   132953   579533   335693    70589   386279    88463   520649   188483   575153    10133   550289   229223
   229139   550379    10103   575213   188303   520679    88169   386369    70439   567059   118409   581663   118277   581753   118163   582167   117833   582209   117779   582509   117443   582677   117269   582767   117119   582983   116993   583139   116639   583469   116483   583619   116279   583733   116009   584027   115853   584183   115757   588347   344543   132947   629567   313637   611837   179327   511703   124793   689903   149627   470867
   471137   149579   690119   124577   511757   179243   611927   313517   629843   132863   584279    48239   651809    47777   652493    47507   652667    47279   652913    46889   653153    46649   653363    46499   653777    46187   653903    45959   654053    45497   654593    45377   654743    45179   654923    44963   655229    44633   655757   348077   115727   567143    70163   386489    88079   520763   188249   575429     9887   550427   228869
   228797   550607     9629   575513   188147   521153    88037   387017    70079   567257   115613   655649   276389   423713   276257   423869   275999   424019   275969   424169   275783   424433   275459   424559   275339   424967   275003   425189   274709   425309   274583   425489   274457   425603   274223   425819   274103   426737   347933    44357   584393   132749   629927   312989   611969   178853   511859   124493   690377   149399   471209
   471299   149249   690419   124433   512537   178697   611999   312929   629939   132623   584417    44279   425987    35897   664253    35603   664583    35393   664667    35327   664739    35159   665267    34703   665507    34457   665603    34283   665747    34217   666143    33773   666437    33479   666647    33149   673313   341729   274019   655727   115589   567383    70067   387077    88007   521309   187469   575573     9587   550757   228707
   228617   550937     9539   575579   187463   521363    87869   387227    70019   567569   115343   655847   273929   666983    93893   606323    93563   606449    93503   606527    93419   606743    93047   607049    92849   607253    92699   615557    84407   615617    84263   615767    84137   616073    83903   634169   322859    33023   426077    44159   584663   132437   629987   312779   612137   178643   512543   124427   690467   149069   471389
   471467   149033   690509   124337   512573   178613   612173   312743   630107   132347   584873    44123   426233    32993   616289    81749   618269    81677   618377    81569   618707    81173   618929    80819   619967    79973   620099    79889   620159    79823   620393    79427   620639    79349   622529   346547    83717   667013   273773   655883   115133   567659    69899   387263    87833   521393   187433   575669     9497   550973   228539
   228257   551093     9473   575867   187409   521447    87743   387329    69809   567719   115127   656063   273719   667019    83639   620777    17333   682679    16703   683357    16553   683477    16493   683687    16229   683783    16217   683819    16097   683933    16067   684239    15737   697217   336437    79229   616367    32987   426287    43943   584879   132287   630197   312677   612263   178559   512597   124139   690533   148913   471749
   471803   148517   690629   123887   512657   178487   612377   312383   630353   132059   584993    43853   426353    32579   616409    79193   684647   250307   449807   250043   450083   249797   450227   249749   450413   249533   450503   249449   450587   249329   450719   249107   459749   340649    15359   620813    83597   667427   273653   656153   115013   567947    69653   387623    87629   521519   187349   576119     9377   551489   228203
   228113   551549     8969   576203   187163   521537    87623   387917    69539   568097   114689   656429   273617   667577    83477   621017    15233   450917     2273   697877     2069   697967     2027   698183     1733   698297     1667   698387     1613   698447     1523   699539   348443   249089   684773    78989   616529    32429   426389    43577   585317   131909   630467   312089   612383   178469   512843   123803   691037   148457   471893
   471929   148193   691199   123719   513047   178439   612497   312029   630689   131639   585413    43487   426773    32363   616547    78977   684857   248909   698507    59957   640127    59747   640307    59417   640613    59357   640733    59159   641093    58727   646889   343913     1499   451097    15149   621029    83459   667643   273233   656519   114593   568367    69317   387977    87509   521567   186959   576287     8807   551813   228077
   227873   551849     8669   576299   186947   521603    87293   388109    69203   568643   114419   656603   273113   667697    83417   621113    15137   451103     1439   641327    57383   642737    57173   642899    57059   643043    56807   643373    56543   645503   347513    58679   698567   248903   684869    78893   616589    32309   426893    43403   585587   131363   630803   311897   612713   178403   513059   123707   691337   148157   472133
   472469   148079   691343   123323   513137   178349   612923   311747   630863   131297   585677    43397   427073    32237   616787    78779   684923   248609   698723    58427   643553   341273   358979   340979   359069   340877   359147   340169   327827   381707    56453   641579     1283   451397    15083   621227    83219   667769   272933   656609   114329   568709    69143   388259    87083   521657   186869   576683     8663   551927   227537
   227363   551933     8597   577043   186653   521819    86993   388319    68993   568877   114269   656687   272927   667817    83207   621353     6653   451523     1277   641639    56417   360257   222197   477857   222107   477947   222029   492377   335507   339749   643589    58367   698729   248483   693353    78653   616799    32189   427079    43319   585737   131129   631013   311687   613013   178187   513353   122963   691409   148073   472643
   472799   147977   691433   122939   513419   178127   613163   311603   631187   130817   585839    43223   427103    32057   616829    78479   693437   247997   698903    58217   643883   339413   478157   337349   362693   337283   364337   348353   221849   360593    56123   641789     1103   452009     6569   621527    83177   667949   272903   656783   114167   569189    68819   388403    86843   521879   186587   577067     8573   552029   227207
   227189   552179     8543   577397   186239   521903    86837   388727    68777   569237   114143   656939   272759   668033    83063   621833     6329   452159      953   641813    56087   360749   221807   363017    52889   699617   297503   336989   478199   339257   643919    58193   699053   247847   693677    78173   616943    31973   427247    43067   585863   130769   631229   311279   613169   178103   513767   122609   691463   147827   472817
   472847   147743   691583   122579   513899   177893   613253   311183   631307   130589   585917    43013   427403    31847   616997    78137   693683   247613   699059    58109   644009   339137   478259   363119   594617   350003   105389   336887   221747   360869    55997   641897      947   452393     6323   621869    83009   668159   272603   656993   114089   569417    68699   388823    86753   522113   186107   577427     8423   552263   227159
   227147   552317     8369   577517   185993   522167    86579   389057    68597   569663   113969   657017   272567   668609    82757   622073     6317   452453      929   642197    55949   361013   481043   334877   402503      389   647117   365129   218963   338993   644057    57809   699077   247553   693689    77933   617249    31397   427439    42989   586037   130343   631409   310949   613427   177839   514013   122489   691637   147689   472859
   473453   147347   691709   122477   514049   177623   613607   310889   631529   120503   586073    42773   427457    31319   617387    77849   693743   247409   699119    57773   644117   361433   204059   351653   337313   362723   335669   362657   495947   338573    55889   642233      887   452597     6263   622157    82619   668687   272549   657233   113933   579503    68477   389117    86399   522383   185957   577529     8297   552659   226553
   226487   552707     8243   577613   185903   522623    86369   389273    68447   579707   113657   657269   272477   668699    82559   622493     6197   452813      809   642419   646013   368453   364499   222149   477899   222059   477977   207629   477809   331553    53993    57587   699197   247193   693809    77513   617447    31307   427529    42737   586349   120299   631559   310733   613637   177383   514103   122393   691763   147299   473519
   473579   147197   691787   122267   514187   177347   613763   310559   631859   120293   586493    42683   427913    31259   617537    77369   694019   246899   699287    55259    50129   318299   341027   359027   340937   359129   340859   359837   372179   358733   649877   644747      719   453107     5987   622637    82469   668747   272093   657323   113513   579713    68147   389447    86243   522659   185819   577739     8219   552809   226427
   226409   552899     8087   577799   185693   522737    86117   389567    67883   579773   113417   657473   272039   668813    82349   622793     5927   453197   359297   636809   352493    57269   642833    57107   642947    56963   643199    56633   643463    54503   642623    63197   340709   246809   694079    77213   617657    31193   427967    42533   586589   120233   632123   310439   613889   177269   514313   122207   691919   147107   473597
   473723   147089   691997   122069   514523   177257   614153   310283   632153   119747   586679    42509   427997    31139   617699    77003   694193   244493   337907   356093    59879   640259    59699   640589    59393   640649    59273   640847    58913   641279    53117   640049   362099   455513     5813   623003    82307   668867   272009   657497   113327   580259    67853   389723    85853   522749   185483   577937     8009   552917   226283
   226217   553073     7907   577979   185477   522839    85829   389783    67733   580379   113213   657539   272003   669023    82163   623057     5783   444293   351563     2129   697937     2039   697979     1823   698273     1709   698339     1619   698393     1559   698483      467   697733   255713   694223    76949   617843    30983   428003    42467   586793   119627   632273   310223   614177   177167   514529   122027   692099   146933   473789
   473999   146777   692249   121889   514643   176699   614387   310187   632297   119429   586979    42299   428039    30977   618053   633497   678077   359357   250199   449963   249923   450209   249779   450257   249593   450473   249503   450557   249419   450677   249287   450899   240257   449699    21929    66509    81953   669029   271967   657707   113027   580577    67709   389819    85619   523307   185363   578117     7757   553229   226007
   225989   553463     7673   578309   185267   523433    85523   389957    67679   580763   112919   657779   271829   669113   620237    59063   363569    17327   683303    16649   683453    16529   683513    16319   683777    16223   683789    16187   683909    16073   683939    15767   684269     2789   682673   640943    79769    30893   428177    42227   587087   119243   632327   310049   614483   176573   514739   121697   692333   146543   474017
   474029   146477   692399   121607   514823   176369   614693   309929   632447   119087   587219    42197   428303    29429    41627   353459    81737   618329    81629   618437    81299   618833    81077   619187    80039   620033    79907   620117    79847   620183    79613   620579    79367   620657    77477   618257   658379   670577   271703   657809   112787   580919    67559   390077    85313   523637   185183   578399     7607   553529   225977
   225809   553583     7583   578453   185153   523673    85247   390107    67547   581099   112589   657827   271637   658319   377147    93683   606443    93557   606503    93479   606587    93263   606959    92957   607157    92753   607307    84449   615599    84389   615743    84239   615869    83933   616103    65837   606113    41687   428369    42179   587417   118907   632459   309899   614759   176333   514853   121553   692423   146423   474197
   474437   146417   692459   121523   514949   176243   615137   309797   632483   118673   587429   658079   422369   358277    35753   664403    35423   664613    35339   664679    35267   664847    34739   665303    34499   665549    34403   665723    34259   665789    33863   666233    33569   666527    33359   666857    26693   664109   277637    41927   112577   581333    67523   390209    84869   523763   185057   578483     7547   553589   225569
   225527   553733     7253   578537   184727   523793    84737   390407    67307   581549   587987    34883   352073   276293   423749   276137   424007   275987   424037   275837   424223   275573   424547   275447   424667   275039   425003   274817   425297   274697   425423   274517   425549   274403   425783   274187   425903   273269   423617   665123   112019   118457   632699   309599   615269   176213   515279   121469   692753   146273   474479
   474497   146249   692927   121403   515357   176159   615473   309503   632717   117989   102587   351929    48197   652229    47513   652499    47339   652727    47093   653117    46853   653357    46643   653507    46229   653819    46103   654047    45953   654509    45413   654629    45263   654827    45083   655043    44777   655373    44249   651767   597419   582017    67289   390503    84533   523847   184649   578603     7079   553757   225509
   225503   554207     7043   578693   184577   523877    84509   390527   633377   560873   355463   118343   581729   118253   581843   117839   582173   117797   582227   117497   582563   117329   582737   117239   582887   117023   583013   116867   583367   116537   583523   116387   583727   116273   583997   115979   584153   115823   584249   111659   581597   139133    66629   309479   615497   176129   515429   121313   692963   145799   474503
   474659   145703   693089   121229   515519   175949   615539   307079    50723   364313   137399   562613   137303   563117   136649   563447   136463   563663   136193   564359   135599   564617   135353   564797   135089   564989   134669   565517   134417   565637   134339   565787   134213   565919   134033   566057   133733   566567   133283   567053   120473   562439   649283   392927    84467   524057   184487   578777     6917   554303   225347
   225299   554417     6869   578999   184409   524087   615827   458879   360167    74489   625643    74093   625979    73973   626063    73859   626159    73673   626363    73613   626477    73517   626627    73043   626987    72923   627383    72053   628013    71909   628127    71867   628217    71633   628673    71327   628757    71129   628937    70997   629339    62687   625409   241127    84179   175919   515597   121007   693137   145589   474707
   474779   145433   693149   120899   515873   532373    70199   278363   316907   383147   316853   383303   316577   383633   316193   383909   316037   384029   315899   384113   315803   384227   315599   384437   315527   384599   315269   384827   314927   385127   314813   385199   314627   385403   314513   385607   314267   385793   314189   385877   314063   386117   387269   383069   629807   167633   184133   579107     6857   554573   225227
   225167   554699     6827   579239   183389   505319   357359    92657   607517    92387   607769    91733   608303    91583   608429    91397   608633    91163   608987    90863   609173    90647   609407    90473   609599    90263   609779    90203   609809    90017   610157    89819   610409    89567   610619    89303   610733    89189   610919    88937   611189    88799   611213    83777   607337   194687   516617   120767   693179   145307   474839
   474857   145259   693317   580373   502499     6473   183797   516293   183683   516437   183383   516689   183167   516947   183047   517073   182927   517217   182639   517403   182549   517469   182519   517553   182417   517619   182129   517949   181757   518387   181409   518729   181199   518813   180779   519257   180647   519383   180497   519587   179939   520103   179813   520313   526139   515993   197507   119633     6689   554747   225149
   225089   554753     5519   109379   356693   194057   505979   193859   506213   193679   506357   193469   506573   193163   506873   193043   506993   192977   507119   192677   507599   192263   507953   191969   508103   191783   508259   191657   508499   191447   508709   191189   508973   190979   509297   190613   509429   190529   509603   190313   509723   190097   510077   189437   510617   185369   505919   590627   694487   145253   474917
   474983   559583   684119   352973   130079   570047   129893   570413   129587   570467   129509   570509   129419   570659   129287   570743   129119   571019   128873   571679   128159   571853   128033   572027   127913   572303   127649   572399   127583   572519   127373   572843   127139   572903   127079   572969   126827   573263   126359   573863   126107   574109   125717   574367   125387   574667   124703   569747    15887   140423   225023
   475109   128969   354257    14897   685247    14669   685367    14369   685679    14033   686009    13967   686099    13829   686453    13487   686639    13337   686789    13163   686879    13109   686963    13037   687023    12923   687107    12689   687359    12569   687593    12323   687737    12239   687779    12197   687893    11939   688073    11909   688139    11789   688223    11369   688733    11243   688889     9137   684989   571037   224897
   210599   353657   155747   544919   155069   544979   154943   545387   154523   545759   154073   545939   153953   546263   153689   546569   153407   546719   153137   546893   153059   547097   152783   547229   152519   547577   152423   547643   152297   547787   152189   547823   152003   548039   151937   548123   151817   548363   151607   548453   151517   548753   151169   548843   151049   549503   150497   549533   148667   544223   489407
   354533   237053   463283   236573   463457   236219   463919   235877   464213   235679   464447   235523   464699   235043   464993   235007   465089   234833   465293   234599   465419   234197   465917   234029   466247   233489   466649   232823   467297   232607   467507   232457   467699   232109   467903   232079   468059   231893   468473   231479   468647   231323   468737   231107   468953   230969   469439   230393   469649   229409   462863
