    23633   676469    23417   676649    23327   676727    23087   676943    23039   676979    22859   677309    22619   677639    22349   677813    22079   678077    21803   678407    21569   678599    21347   678779    21017   679067    20879   679157    20543   679607    20297   679823    20177   679859    20123   680027    19793   680297    19553   680633    19013   681047    18917   681137    18839   681257    18713   681419    18443   686099   342899
   681677   296969   403097   296843   403253   296507   403757   296129   403889   296027   404489   295313   404819   295037   405347   294509   405527   294347   405689   294179   405857   294059   406403   293507   406547   293357   406859   293123   406907   292517   407579   292367   407723   292223   407969   291869   408173   291743   408437   291509   408563   291293   408719   290999   409043   290669   409349   290627   290183   466247    18329
    18287   409517   148073   552029   147827   552263   147689   552659   147299   552809   147107   552917   146933   553229   146543   553529   146423   553589   146273   553757   145799   554303   145589   554573   145307   554747   145253   554969   144887   555167   144719   555593   144323   555707   143999   556487   143243   556943   142979   557033   142949   557273   142697   557537   142433   557789   142019   560837   344039   290489   681719
   681773   290189   558203   272039   427997   272003   428039   271829   428303   271637   428489   271367   428843   270923   429347   270593   429467   270509   429563   270407   429677   270323   429719   270209   430019   269663   430427   269573   430487   269237   430823   269057   431363   268637   431399   268493   431567   268403   431663   268199   431993   267863   432149   267803   432287   267647   267557   512543   141803   409817    18233
    17957   409967   141719   432413   335633   364499   335123   364997   334877   365213   334637   365513   334379   365759   333929   366227   333737   366287   333713   366383   333539   366683   333023   367019   332729   367307   332447   367613   332273   367823   332117   368099   331889   368453   331277   368789   330983   369119   330653   369419   330359   369659   330047   370133   329789   370883   347099   267593   558287   290039   682049
   682259   289889   558497   267569   370613   324893   375233   324647   375449   324497   375533   324437   375707   323957   376127   323699   376469   323249   377129   322859   377297   322613   377543   322319   378023   321413   378683   321227   378929   321053   379163   320699   379319   320609   379667   320303   379787   320153   379979   320009   380189   319679   380333   319589   386153   341507   329393   432437   141509   410117    17747
    17729   410243   141443   432527   329387   380459   232079   468059   231893   468473   231479   468647   231323   468737   231107   468953   230969   469439   230393   469649   230213   470207   229763   470279   229703   470417   229553   470597   229343   470783   229139   471137   228797   471299   228617   471467   228257   471803   228113   471929   227873   472469   227363   227147   592649   319547   370619   267479   558563   289763   682277
   682337   289727   558827   267419   370673   319169   472799    96017   604223    95747   604613    95279   604733    95219   604829    95009   605117    94613   605477    94463   605573    94397   605837    93923   606113    93683   606443    93557   606503    93479   606587    93263   606959    92957   607157    92753   607307    92669   607349    92489   607619    92237   609779   346139   227207   380837   329333   432587   141179   410279    17669
    17579   410687   140939   432989   328919   380879   227189   608273   212297   487889   211997   488057   211493   488573   211403   488633   211319   488723   211247   488909   210827   489197   210599   489449   210527   489539   210347   489689   210263   489833   209987   490169   209639   490463   209147   490967   208877   491219   208673   491339   208589   208367   631859    91733   472817   319127   371087   267017   559067   289319   682427
   682673   289103   559277   266957   371177   319097   472847    91703   491429   276827   423299   276593   423503   276449   423617   276293   423749   276137   424007   275987   424037   275837   424223   275573   424547   275447   424667   275039   425003   274817   425297   274697   425423   274517   425549   274403   425783   274187   425903   274019   426737   347933   208577   608303   227159   380909   328829   433049   140729   410903    17333
    17327   411167   140663   433073   328667   380957   226553   608423   208469   426077   260999   439133   260849   439199   260753   439463   260339   439799   259967   440177   259823   440339   259499   440849   259019   441029   258827   441263   258563   441479   258449   441563   258437   441887   257987   442139   257687   442367   257519   442733   347957   273929   491537    91583   473453   319049   371339   266933   559343   288839   682679
   683303   288773   559367   266927   371387   318683   473519    91577   491627   273773   442517   185183   514853   185057   515279   184649   515429   184487   515597   184133   515993   183797   516293   183683   516437   183389   516623   183317   516839   183059   516959   182933   517079   182789   517367   182603   517457   182537   179243   687023   257489   426233   208379   608429   226487   381323   328619   433079   140639   411233    16703
    16649   411479   140477   433319   328589   381377   226427   608609   208337   426287   257189   517487    59999   640049    59879   640259    59699   640589    59393   640649    59273   640847    59063   641093    58727   641327    58427   641639    58217   641813    58109   642197    57773   642419    57383   642737    57173   649619   341729   182519   442817   273719   491669    91397   473579   318629   371417   266687   559529   288527   683357
   683453   288389   559583   266633   371627   318473   473597    91373   491783   273653   442829   182453   642899   172217   527909   171869   528299   171383   528707   171077   529049   170777   529637   169943   530087   169913   530183   169769   530297   169667   530513   169457   530597   169313   530807   168863   533303   346439    57107   517553   257177   426353   208223   608633   226409   381533   328379   433373   140423   411617    16553
    16529   411779   140339   433673   328373   381629   226283   608843   208217   426389   256967   517589    57059   531203   234089   465977   233489   466649   232823   467297   232607   467507   232457   467699   232109   467903   223823   476249   223637   476429   223493   476603   223367   476753   223247   222713   603149   168803   642947   182417   443039   273617   491789    91163   473723   318377   371633   266333   559667   288227   683477
   683513   287939   559673   266159   371663   318347   473789    91019   491867   273233   443117   182387   643043   168743   477149   219797   480299   219689   480329   219587   480503   219437   480713   219017   481043   218873   481157   218627   481589   217907   482213   217619   482507   217409   202409   629339   222857   531263    56963   517619   256889   426773   208139   608987   226217   381659   328343   433847   140333   412067    16493
    16319   412073   140297   433877   328109   381707   226007   609143   208037   426893   256877   517877    56807   531287   222647   482687   150497   549533   150383   549683   150299   549719   150239   550169   149717   550379   149579   550607   149249   550937   149033   551093   148667   563447   336827   217319   477359   168719   643199   182129   443129   273113   491969    90863   473999   318299   371897   266129   559709   287933   683687
   683777   287873   559799   266117   371939   317969   474017    90833   492053   272933   443249   182057   643373   168143   477677   217253   551489    35897   664253    35603   664583    35393   664667    35327   664739    35159   665123    34739   665303    34499   665549    34403   671777   343037   148517   482753   222329   531863    56633   517949   256757   427073   207953   609173   225989   382037   328067   433889   140207   412133    16229
    16223   412157   140123   434249   328007   382103   225977   609359   207947   427079   256643   518249    56543   531977   222197   482837   148457   665723   129593   570419   129539   570497   129497   570587   129347   570719   129263   570887   128987   571037   128873   571973   348827    34283   551549   217169   477809   168029   643463   181757   443363   272927   492059    90647   474029   317903   371999   265757   559883   287849   683783
   683789   287813   560039   265739   372023   317777   474197    90599   492083   272903   443489   181619   643553   168023   477857   216617   551813    34259   571679   197927   502247   197597   502499   197453   502847   197123   502973   197003   503207   196739   195737   656687   128327   665747   148193   483389   222149   531983    56453   518387   256517   427103   207923   609407   225809   382229   327983   434267   139967   412193    16217
    16187   412457   139883   434297   327869   382553   225569   609533   207629   427247   256169   518597    56417   532277   222107   483773   148157   665789   128159   503297   195413   504599   195389   504677   195077   504953   195023   505073   194867   505919   349043   196709   571847    34217   551849   216233   477899   167729   643589   181409   443837   272759   492377    90473   474437   317453   372137   265709   560123   287549   683819
   683909   287387   560297   265703   372167   317363   474479    90407   492413   272603   443873   181277   643883   167633   477947   216179   551927    33863   571853   196583   505187   118907   581333   118457   581597   118343   581729   118253   591659   339749   194819   503423   128153   666143   148079   483827   222059   532373    56123   518729   256133   427403   207593   609599   225527   382643   327839   434303   139709   412619    16097
    16073   412949   139547   434387   327827   382727   225509   609743   207443   427439   256019   518807    56087   532379   222029   484067   137303   666233   127979   503483   194729   581843    12323   687737    12239   687779    12197   689393   348353   118163   505277   196523   572027    33773   562703   215939   477977   167627   643919   181199   443987   272567   492563    90263   474497   317279   372179   265619   560459   287057   683933
   683939   286973   560597   265547   372269   317159   474503    90203   492629   272549   444029   181193   644009   167483   478157   215927   563117    33569   572093   196187   505283   117989   687893   116483   583619   116279   587087   346547    12113   582017   194723   503819   127913   666437   136889   484079   221849   532523    55997   518813   255977   427457   207377   609803   225503   382847   327737   434459   139409   413033    16067
    15887   413243   139367   434813   327707   382883   225347   609809   207287   427529   255917   519227    55949   532739   221807   484283   136649   666527   127703   503963   194687   582167    11939   583733   190529   669167   190313   116273   688067   117839   505319   196043   572303    33479   563357   215723   478199   167267   644057   180779   444089   272477   492719    90197   474659   317123   372299   265193   560639   286763   684119
   684239   286589   560873   265157   372377   317087   474707    90017   492893   272093   444167   180749   644117   167249   478259   215399   563543    33359   572357   195863   505523   117833   688073   585863   349787   350003   350219   114143    11933   582173   194483   504143   127649   666647   136463   484607   221747   532757    55889   519257   255839   427913   207113   609989   225299   382919   327629   434849   139133   413417    15767
    15737   413537   139109   434927   327317   383069   225227   610157   206993   437153   255713   519359    55487   532907   221603   484613   136343   666857   127607   504197   194057   582209    11243   110477   509693    30839   509477   589529   688763   117797   505949   195809   572399    33149   563663   215393   478403   167099   644519   180647   444293   262853   493013    89849   474779   316937   372689   265079   560897   286469   684269
   684647   286427   560939   264899   372797   316907   474839    89819   493067   262733   444347   180623   644549   167087   478679   215279   563813    33023   572423   195527   505979   115979   686897   353459   116387   583727   112919   583523    13109   584027   194027   504479   127583   666983   136193   484727   221327   532919    55457   519383   255659   437273   206939   610187   225167   383099   327209   435107   139067   413579    15359
    15233   413807   138959   435179   327203   383147   225149   610409   206897   437357   255467   519509    55337   533033   221219   484733   135599   667013   127487   504527   507599   572843   351653    12269   687767    12227   687809    10613   687683   127163   192407   195479   572519    32993   564407   215273   478787   166973   644669   180497   444539   262649   493109    89597   474857   316859   372803   264827   561047   286199   684773
   684857   285953   561083   264749   373007   316853   474917    89567   493127   262643   444623   180419   644747   166679   478913   215153   564617    32987   572633   504563   190613   360257   118673   581549   118409   581663   118277   581753   108347   581099   509393   195443   127373   667019   135389   484853   221093   533327    55259   519587   255383   437363   206879   610439   225089   383153   326999   435257   138923   414053    15149
    15137   414179   138647   435263   326663   383303   225023   610619   206813   437693   255329   520067    55217   533363   221069   485063   135353   667427   572867   500603   350963   195407   504617   195329   504929   195053   504983   194933   505139   194087   504593   199403   127139    32579   564653   214943   478937   166643   644789   179939   444677   262313   493193    89387   474983   316703   373343   264743   561359   285827   684869
   684923   285539   561377   264443   373349   316577   475037    89303   493403   262253   444767   179903   644843   166457   479147   214883   564797    32429   124433    43319   197759   502409   197507   502553   197159   502883   197033   503003   196799   503267   504269   502079   575573   667577   135209   485123   220859   533549    55163   520103   255239   437753   206603   610703   224969   383429   326657   435563   138629   414467    15083
    15017   414629   138617   435569   326147   383633   224897   610733   206543   437819   255173   520193    55073   533747   219983   485417   569237   658127   351179   129587   570467   129509   570509   129419   570659   129287   570743   129119   571019   128969   571133   128033   570413    41879   130769   214589   480023   166259   644933   179813   444833   262187   493463    89273   475109   316373   373859   264437   561389   285377   684989
   685109   285227   561419   264359   373943   316193   475289    89189   493523   262139   444869   179693   645023   166169   480047   510989   114167   356969    35753   664403    35423   664613    35339   664679    35267   664847    34883   665267    34703   665507    34457   665603    28229   664109   585839   189017   219959   533837    54983   520313   255137   437867   206483   610817   224717   383813   326063   435647   138587   414779    14897
    14759   414893   138407   435653   325943   383909   224603   610919   206399   438029   255077   520349    54869   533963   480167   464447   363179   150473   549623   150323   549707   150287   549767   149837   550289   149627   550427   149399   550757   149069   550973   148913   551339   136559   549509   235559   219839   166043   645137   179657   444929   261977   493607    89087   475403   316097   374063   264353   561599   285113   685247
   685337   284897   561767   264167   374117   316037   475427    88937   493733   261773   444953   179579   645233   535967   460463    70667   219707   480317   219677   480419   219503   480569   219293   480989   218963   481133   218849   481379   218417   482099   217793   482387   217499   482597   497597   480209   239543   164039    54773   520427   255053   438233   206273   611069   224579   383969   325889   435839   138239   415109    14669
    14639   415187   138209   435893   325883   384029   224423   611189   206153   438419   254987   520433    53609   155783    96857   234029   466517   233357   467183   232709   467399   232499   467549   232307   467897   232103   476183   223757   476369   223577   476513   223403   476639   223253   476759   477293   465917   544223   646397   179573   445019   261587   493853    88817   475583   315977   374123   264113   561797   284819   685367
   685637   284489   561809   264083   374333   315899   475679    88799   493937   261563   445229   521657   634079   353567   172097   528137   171707   528623   171299   528929   170957   529229   170369   530063   169919   530093   169823   530237   169709   530339   169493   530549   169409   530693   169199   531143   166703   527789    65927   178349   254777   438443   206069   611207   224327   384107   325673   435923   138197   415517    14369
    14327   415523   138059   435947   325607   384113   224309   611213   206039   438989   449303   510569   358277    59957   640127    59747   640307    59417   640613    59357   640733    59159   640943    58913   641279    58679   641579    58367   641789    58193   641897    57809   642233    57587   642623    57269   642833    50387   640007   189437   250703   261017   493967    88793   475697   315893   374399   264059   561947   284483   685679
   685973   284447   562007   263909   374687   315803   475877    88547   493973   439289   244157    12983   185153   514949   184727   515357   184577   515519   184409   515873   184013   516209   183713   516323   183569   516617   183383   516689   183167   516947   183047   517073   182927   517217   182639   517403   182549   517469   520763   514823   455849   260717   206033   611459   224129   384203   325319   436097   137999   415559    14033
    13997   415577   137723   436157   325217   384227   224033   611483   494609   244667   352049   260873   439157   260807   439253   260543   439667   260207   440039   259829   440183   259667   440507   259157   440987   258977   441179   258743   441443   258527   441557   258443   441569   258119   442019   257867   442319   257639   442487   257273   439007   455339   205397    88523   475973   315779   374789   263849   562283   284429   686009
   686039   284057   562307   263723   374819   315599   476087   615269   482309   352073   276707   423413   276503   423557   276389   423713   276257   423869   275999   424019   275969   424169   275783   424433   275459   424559   275339   424967   275003   425189   274709   425309   274583   425489   274457   425603   274223   425819   274103   425987   273269   423179   217697    84737   223919   384407   325187   436283   137699   415949    13967
    13829   416147   137597   436439   325019   384437   476477    74609    68147   212117   488009   211949   488513   211433   488603   211373   488687   211283   488759   211097   489179   210809   489407   210557   489479   210467   489659   210317   489743   210173   490019   209837   490367   209543   490859   209039   491129   208787   491333   208667   491417   491639   487709   625397   223529   315569   374987   263567   562409   283859   686177
   686453   283763   562439   263399   375029   384479   460073   353867    95783   604259    95393   604727    95273   604787    95177   604997    94889   605393    94529   605543    94433   605609    94169   606083    93893   606323    93563   606449    93503   606527    93419   606743    93047   607049    92849   607253    92699   607337    92657   607517    92387   607769    90227   603989   239933   315527   324977   436607   137567   416243    13553
    13487   416399   137399   436739   375413   300119   107357   231947   468113   231533   468527   231359   468683   231269   468899   231053   469037   230567   469613   230357   469793   229799   470243   229727   470303   229589   470453   229409   470663   229223   470867   228869   471209   228707   471389   228539   471749   228203   471893   228077   472133   227537   472643   472859   467927   399887   324593   263267   562607   283607   686519
   686639   283463   562613   261959   313727   358499   324773   375359   324557   375509   324473   375569   324299   376049   323879   376307   323537   376757   322877   377147   322709   377393   322463   377687   321983   378593   321323   378779   321077   378953   320843   379307   320687   379397   320339   379703   320219   379853   320027   379997   319817   380327   319673   380417   313853   375113   386279   438047   137393   416543    13367
    13337   416873   135647   593633   352907   335507   364883   335009   365129   334793   365369   334493   365627   334247   366077   333779   366269   333719   366293   333623   366467   333323   366983   332987   367277   332699   367559   332393   367733   332183   367889   331907   368117   331553   368729   331217   369023   330887   369353   330587   369647   330347   369959   329873   370217   329123   364373   106373   564359   283133   686669
   686789   282167   550139   187463   272009   428003   271967   428177   271703   428369   271517   428639   271163   429083   270659   429413   270539   429497   270443   429599   270329   429683   270287   429797   269987   430343   269579   430433   269519   430769   269183   430949   268643   431369   268607   431513   268439   431603   268343   431807   268013   432143   267857   432203   267719   432359   432449   427967   149867   417839    13217
     9587   523877   355967   147977   552179   147743   552317   147347   552707   147197   552899   147089   553073   146777   553463   146477   553583   146417   553733   146249   554207   145703   554417   145433   554699   145259   554753   145037   555119   144839   555287   144413   555683   144299   556007   143519   556763   143063   557027   142973   557057   142733   557309   142469   557573   142217   557987   139169   551933   176129   690419
   674537   233759   296909   403163   296753   403499   296249   403877   296117   403979   295517   404693   295187   404969   294659   405497   294479   405659   294317   405827   294149   405947   293603   406499   293459   406649   293147   406883   293099   407489   292427   407639   292283   407783   292037   408137   291833   408263   291569   408497   291443   408713   291287   409007   290963   409337   290657   409379   409823   403037    25469
   357107    23537   676589    23357   676679    23279   676919    23063   676967    23027   677147    22697   677387    22367   677657    22193   677927    21929   678203    21599   678437    21407   678659    21227   678989    20939   679127    20849   679463    20399   679709    20183   679829    20147   679883    19979   680213    19709   680453    19373   680993    18959   681089    18869   681167    18749   681293    18587   681563    13907   676373
