   231479   468647   231323   468737   231107   468953   230969   469439   230393   469649   230213   470207   229763   470279   229703   470417   229553   470597   229343   470783   229139   471137   228797   471299   228617   471467   228257   471803   228113   471929   227873   472469   227363   472799   227189   472847   227147   473453   226487   473579   226409   473723   226217   473999   225989   474029   225809   474437   225527   225149   595547
   474497   151553   548489   151253   548837   151163   548957   150503   549509   150473   549623   150323   549707   150287   549767   149867   550169   149717   550379   149579   550607   149249   550937   149033   551093   148667   551489   148457   551813   148157   551927   148073   552029   147827   552263   147689   552659   147299   552809   147107   552917   146933   553229   146543   553529   146423   553589   146273   555683   345689   225509
   225503   553757    11789   688223    11369   688733    11243   688889    11027   689033    10739   689393    10313   689867    10133   689903     9887   690377     9587   690467     9497   690533     9377   690869     8969   691199     8669   691343     8597   691433     8543   691583     8369   691709     8243   691787     8087   691997     7907   692249     7673   692399     7583   692459     7253   692927     7043   694523   346349   146249   474503
   474659   145799   693089   126107   574109   125717   574367   125387   574667   125303   574799   125093   575027   124919   575153   124793   575303   124577   575513   124433   575579   124337   575867   123887   576203   123719   576299   123323   577043   122939   577397   122579   577517   122477   577613   122267   577799   122027   578117   121697   578399   121553   578483   121469   578603   121313   581099   345263     6917   554207   225347
   225299   554303     6869   578777   190097   510077   189437   510617   189239   510989   188843   511487   188483   511703   188249   511859   187469   512543   187433   512597   187349   512843   186959   513059   186869   513353   186587   513767   186107   514013   185957   514103   185819   514313   185483   514529   185369   514643   185267   514823   185153   514949   184727   515357   184577   515519   347513   121229   693137   145703   474707
   474779   145589   693149   121007   515597   179903   520313   179657   520427   179573   520649   179327   520763   178853   521309   178643   521393   178559   521519   178469   521567   178403   521657   178187   521879   178103   522113   177839   522383   177383   522659   177269   522749   177167   523307   176573   523637   176333   523763   176213   523847   176129   524057   175919   174413   697217   184409   578999     6857   554417   225227
   225167   554573     6827   579107   184133   524507    88523   611543    88169   611927    88037   611999    87869   612173    87743   612377    87623   612497    87293   612923    86993   613163    86837   613253    86579   613607    86369   613763    86117   614153    85829   614387    85523   614693    85247   615137    84737   615473    84509   615539    84449   615599    84389   616529   346547   175499   515873   120899   693179   145433   474839
   474917   145307   693317   120767   515993   175067   615743   313727   386369   313517   387017   312929   387227   312743   387269   312677   387623   312089   387977   311897   388259   311687   388403   311279   388823   310949   389117   310733   389447   310439   389723   310223   389819   310049   390077   309899   390209   309599   390503   309479   390647   309269   392669   345749    84263   524939   184013   579239     6689   554699   225089
   225023   554747     6653   579503   183797   525017    84239   390869    70163   629927    70067   629987    69899   630197    69653   630467    69317   630803    69143   631013    68819   631229    68699   631409    68477   631559    68147   632123    67853   632273    67709   632327    67559   632459    67523   632699    67289   633197    66797   633257    66629   633623   347813   309137   615767   174989   516209   120503   693353   145259   474983
   475037   145253   693437   120473   516293   174749   615827   308939   633473   132623   567569   132347   567719   132059   568097   131639   568643   131297   568877   130817   569237   130589   569663   130259   569927   129959   570113   129593   570419   129539   570497   129497   570587   129347   570719   129263   570887   128987   571037   128873   572867   346553    66533   391067    84179   525257   183713   579533     6569   554753   224969
   224897   554969     6473   579707   183683   525353    84137   391073    66509   571679   115127   584993   114689   585413   114419   585677   114269   585839   114089   586037   113933   586349   113513   586589   113327   586793   113027   587087   112787   587417   112577   587603   112337   587753   112019   588113   111833   588239   111659   588509   348077   128327   633497   308933   615869   174653   516323   120299   693533   145037   475109
   475289   144887   693677   120293   516437   174407   616073   308723   633629   128159   588383    43403   656609    43319   656783    43067   656993    42989   657233    42737   657323    42533   657497    42467   657707    42227   657809    42179   657983    41927   658127    41759   658277    41687   658379    41603   658487    41399   659177   348407   111623   571847    66377   391283    83933   525599   183569   579713     6329   555119   224717
   224603   555167     6323   579773   183389   525677    83903   391367    66239   571853   111323   658649   272903   427247   272603   427439   272549   427529   272093   427967   272009   428003   271967   428177   271703   428369   271517   428639   271163   429083   270659   429413   270539   429497   270443   429599   270329   430433   348209    41357   588683   128153   633767   308639   616103   174329   516617   120233   693683   144839   475403
   475427   144719   693689   119747   516623   174197   616229   308519   633833   128033   588737    41189   429683    31319   668747    31193   668867    30983   669029    30893   669167    30677   669413    30347   669869    30119   669947    29867   670217    29663   670577    29423   670619    29333   670763    29153   673667   346223   270323   658817   111269   571973    66173   391487    83777   525809   183383   580259     6317   555287   224579
   224423   555593     6263   580373   183317   525869    83717   391679    66083   572027   111263   659159   270287   670877    89597   610439    89387   610703    89273   610817    89087   611069    88817   611207    88793   611459    79907   620117    79847   620183    79769   620393    79427   620639    79349   621833   347957    29129   429719    40847   588743   127979   633923   308327   616289   174137   516689   119633   693743   144413   475583
   475679   144299   693809   119627   516839   173969   616367   308249   634013   127913   588779    40583   429797    28817   620777    76283   624209    75773   624347    75539   624479    75407   624683    75269   624797    75167   624977    74903   625133    74699   625319    74609   625409    74489   636539   338033    79229   671189   270209   659423   111227   572093    65993   391757    83639   526037   183167   580379     6197   555707   224327
   224309   556007     5987   580577   183059   526073    83597   391889    65927   572357   111053   659513   269987   671303    79193   625643    13337   686789    13163   686879    13109   686963    13037   687023    12923   687107    12689   687359    12569   687593    12323   687737    12239   697049   340169    74363   620813    28703   430019    40493   588953   127649   634079   308117   616409   173933   516947   119429   694019   143999   475697
   475877   143519   694079   119243   516959   173867   616547   307919   634169   127607   588977    40283   430343    28649   621017    74093   687779   244787   455339   244493   455603   244379   455789   244157   456149   243839   456767   243197   457139   242729   457367   242603   240797   564917    12227   625913    78989   671357   269663   659723   111029   572399    65837   392087    83459   526139   183047   580763     5927   556487   224129
   224033   556763     5813   580919   182933   526199    83417   392423    65699   572423   110819   659843   269579   671603    78977   625979    12113   457553   349913   350213   349787   350453   349343   350963   348827   351563   348419   351653   347933   352133   347099   344153   357593   242453   687893    74027   621029    28403   430427    40163   589187   127583   634307   307583   616589   173807   517073   119087   694193   143243   475973
   476087   143063   694223   118673   517079   173783   616787   307529   634373   127487   589409    39953   430487    28289   621113    73973   688067   242447   352949    55073   645023    54869   645233    54623   645443    54539   645503    54377   645683    54293   651017   344363   347057   457559    11939   626033    78893   671717   269519   660053   110597   572519    65633   392477    83219   526223   182927   581333     5783   556943   223919
   223823   557027     5693   581549   182789   526307    83207   392723    65609   572633   110567   660119   269237   671729    78779   626063    11933   457607   347033   645737    53117   646913    53069   647033    52967   647069    52889   647147    52817   656153   340859    54269   352973   242399   688073    73943   621227    28277   430769    39887   589439   127373   634397   307283   616799   173699   517217   118457   694313   142979   476183
   476249   142973   694349   118409   517367   173357   616829   307169   634649   127163   589529    39869   430823    28229   621353    73859   688097   242309   353567    54167   647453   335669   364373   335507   364883   335009   365129   334793   334247   380417    52553   645839   346439   457697    11909   626147    78653   671777   269183   660137   110477   572843    65357   392837    83177   526649   182639   581597     5657   557033   223757
   223637   557057     5639   581663   182603   526709    83063   392927    65327   572903   110129   660167   269057   672059    78479   626159    11867   457913   346259   646013    52529   365369   217409   482687   217253   482837   216617   489179   344039   334637   647477    53993   353747   242093   688139    73847   621527    27947   430949    39839   589877   127103   634679   307079   616943   173297   517403   118343   694367   142949   476369
   476429   142733   694487   118277   517457   173273   616997   306947   634793   127079   590123    39779   431363    27779   621869    73673   696887   241979   353819    53939   647489   334493   483773   332117   368099   331889   374123   343787   216233   365513    52517   646067   346187   458027     3119   626333    78137   672227   268643   660227   109883   572927    65213   393059    83009   526733   182549   581729     5519   557273   223577
   223529   557309     5387   581753   182537   526739    82757   393257    65147   572969   109517   660347   268637   672317    77933   626363     2927   458123   346139   646157    52379   365627   216179   368453    47513   698903   303593   331553   483827   334379   647627    53849   353867   241883   697079    73643   622073    27689   431369    39659   590489   127037   634859   306749   617249   173267   517469   118253   694619   142697   476477
   476513   142469   694919   118163   517487   173177   617387   306707   634943   126827   590537    39503   431399    27449   622157    73613   697127   241817   353963    53813   647693   333929   484067   368729   606083   350003    93923   331277   215939   366077    52313   646193   346043   458189     2879   626393    77849   672557   268607   660503   109469   573179    65063   393299    82619   526829   182519   581843     5087   557537   223493
   223403   557573     5009   582017   182453   527123    82559   393473    65027   573263   109433   660563   268493   672767    77513   626477     2633   458327   345473   646307    52259   366227   487007   324497   396413     1103   652493   375509   212999   333779   647747    53699   354533   241679   697373    73529   622493    27239   431513    39443   590573   126743   634979   306533   617447   172883   517553   117989   694997   142433   476603
   476639   142217   695003   117839   517589   172877   617537   306419   635003   126359   590609    39323   431567    27179   622529    73517   697397   241643   354677    53609   647753   366467   205619   356219   331907   368117   325883   367889   494387   333539    52253   646397   345329   458363     2609   626489    77477   672827   268439   660683   109397   573647    65003   393587    82469   527129   182417   582167     5003   557789   223367
   223253   557987     4937   582173   182387   527333    82349   393629    64919   573863   109379   660887   268403   672863    77369   626627     2549   458543   345227   646859    50207   362657   355967   217319   482753   217169   483389   210827   482597   337349   649799    53147   354779   241463   697457    73379   622637    27143   431603    39119   590627   126143   635087   306377   617657   172673   517619   117833   695069   142019   476753
   476759   141803   695087   117797   517877   172607   617699   306329   635339   116273   590753    39113   431663    26987   622793    73043   697583   241343   355037    52673   640007   319589   335633   364499   335123   364997   334877   365213   365759   364337    59999   647333   344969   458663     2423   626963    77213   673019   268343   660893   109253   583733    64667   393677    82307   527399   182129   582209     4919   558203   223247
   222857   558287     4889   582227   182057   527453    82163   393797    64499   583997   109139   660899   268199   673157    77003   626987     2333   458669   342239   640049   359147    53093   646937    52973   647039    52937   647117    52859   647189    43853   646889    59957   357767   241337   697673    73019   623003    26849   431807    39107   590867   116009   635507   306209   617843   172553   517949   117779   695117   141719   477149
   477293   141509   695207   117497   518249   172517   618053   306149   635567   115979   591089    39089   431993    26813   623057    72923   697733   461693   361337   355643    54983   645137    54773   645383    54563   645467    54503   645629    54323   645713    48989   644933   338669   238313     2273   627083    76949   673193   268013   660917   108917   584027    64439   393857    81953   527489   181757   582509     4799   558497   222713
   222647   558563     4679   582563   181619   527633    81749   393977    64403   584183   108893   660983   267863   673223    76679   627383   351479   450209   342413   349793   350219   349553   350663   349043   351179   348443   351587   348353   352073   347873   352907   355853   350093   249797   348527    72623   623327    26783   432143    39023   591113   115823   635603   306029   618257   172373   518387   117443   695327   141443   477359
   477677   141179   695369   117329   518597   172307   618269   305999   635849   115757   591137    38903   432149    26759   623717   628373   328379   135089   244667   455513   244403   455627   244217   455849   243857   456167   243239   456809   242867   457277   242639   457403   459209   455219   371627    71633    76289   673247   267857   661103   108869   584249    64157   394007    81737   527699   181409   582677     4637   558827   222329
   222197   559067     4229   582737   181277   527789    81677   394073    64067   584279   108497   661139   267803   673313   625109    57059   359837    13217   686843    13127   686897    13043   686969    12983   687083    12899   687317    12647   687437    12413   687683    12269   687767     2957   686669   642947    74897    26693   432203    38867   591509   115727   635939   305933   618329   172217   518729   117269   695777   140939   477809
   477857   140729   695867   117239   518807   172097   618377   305849   635969   115613   591659    38747   432287   674483    61007   361973    75797   624233    75659   624467    75527   624599    75323   624737    75209   624839    75029   625103    74873   625307    74687   625397    74597   625517    63467   623723   638999    25523   267719   661259   108347   584393    64037   394157    81629   527909   181199   582767     4139   559277   222149
   222107   559343     4133   582887   181193   528137    81569   394223    63857   584417   108263   661439   434459    18329   352049    89567   610619    89303   610733    89189   610919    88937   611189    88799   611213    88547   620099    79889   620159    79823   620237    79613   620579    79367   620657    78173   610409   681677   265547    38567   591743   115589   636149   305783   618437   171869   518813   117119   695873   140663   477899
   477947   140639   695879   117023   519227   171707   618707   305639   636263   115343   591827   663737   259823   353783    31259   668813    31139   669023    30977   669113    30839   669329    30593   669659    30137   669887    30059   670139    29789   670343    29429   670583    29387   670673    29243   670853    26339   668687   440183    36269   108179   584663    63743   394367    81299   528299   180779   582983     4127   559367   222059
   222029   559529     4079   583013   180749   528623    81173   394409    63719   584873   595247    31307   351797   272759   427403   272567   427457   272477   427913   272039   427997   272003   428039   271829   428303   271637   428489   271367   428843   270923   429347   270593   429467   270509   429563   270407   429677   269573   427103   668699   104759   115133   636287   305597   618833   171383   519257   116993   695927   140477   477977
   478157   140423   695999   116867   519359   171299   618929   305483   636359   585863    97967   351599    43397   656687    43223   656939    43013   657017    42773   657269    42683   657473    42509   657539    42299   657779    42197   657827    42023   658079    41879   658247    41729   658319    41627   658403    41519   658607    40829   656603   602039   114143    63647   394523    81077   528707   180647   583139     4007   559583   221849
   221807   559667     3929   583367   180623   528929    80819   394529   636407   104849   351929   115013   585317   114593   585587   114329   585737   114167   585917   113969   586073   113657   586493   113417   586679   113213   586979   112919   587219   112589   587429   112403   587669   112253   587987   111893   588173   111767   588347   111497   584879   595157    63599   305477   619187   171077   519383   116639   696077   140339   478199
   478259   140333   696083   116537   519509   170957   619967   304763    56087   353453   132437   567659   132287   567947   131909   568367   131363   568709   131129   569189   130769   569417   130343   569747   130079   570047   129893   570413   129587   570467   129509   570509   129419   570659   129287   570743   129119   571019   128969   571133   127139   567383   643919   395243    80039   529049   180497   583469     3923   559673   221747
   221603   559709     3767   583523   180419   529229    79973   384479   352193    70079   629939    70019   630107    69809   630353    69539   630689    69203   630863    68993   631187    68777   631307    68597   631529    68447   631859    67883   632153    67733   632297    67679   632447    67547   632483    67307   632717    66809   633209    66749   633377    66383   629843   315527   620033   170777   519587   116483   696239   140297   478403
   478679   140207   696413   116387   520067   532919   609743   354257   313637   386489   312989   387077   312779   387263   312737   387329   312383   387917   312029   388109   311747   388319   311603   388727   311183   389057   310889   389273   310559   389567   310283   389783   310187   389957   309929   390107   309797   390407   309503   390527   309359   390737   307337   386279    90263   167087   179939   583619     3593   559799   221327
   221219   559883     3389   583727   179813   507599   353459    88463   611837    88079   611969    88007   612137    87833   612263    87629   612383    87509   612713    87083   613013    86843   613169    86753   613427    86399   613637    86243   613889    85853   614177    85619   614483    85313   614759    84869   615269    84533   615497    84467   615557    84407   615617    83477   611483   192407   520193   116279   696617   140123   478787
   478913   139967   696659   115853   509297     2789   179693   520349   179579   520433   179357   520679   179243   521153   178697   521363   178613   521447   178487   521537   178439   521603   178349   521819   178127   521903   177893   522167   177623   522623   177347   522737   177257   522839   176699   523433   176369   523673   176243   523793   176159   523877   175949   524087   525593   520103   190709   584153     3347   560039   221093
   221069   560123     2129   572303   352493   189929   510569   189389   510767   189017   511163   188519   511523   188303   511757   188147   512537   187463   512573   187409   512657   187163   513047   186947   513137   186653   513419   186239   513899   185993   514049   185903   514187   185693   514523   185477   514637   185363   514739   185183   514853   185057   515279   184649   515429   184487   509909   127703   697877   139883   478937
   479147   565589   687809   354743   125897   574289   125639   574619   125339   574703   125207   574913   124979   575087   124853   575213   124703   575429   124493   575573   124427   575669   124139   576119   123803   576287   123707   576683   122963   577067   122609   577427   122489   577529   122393   577739   122207   577979   121889   578309   121607   578453   121523   578537   121403   578693   118907   573899    12197   134417   220859
   484853   122069   353657    11783   688637    11273   688763    11117   688979    10973   689267    10613   689693    10139   689873    10103   690119     9629   690419     9539   690509     9473   690629     9137   691037     8807   691337     8663   691409     8573   691463     8423   691637     8297   691763     8219   691919     8009   692099     7757   692333     7607   692423     7547   692753     7079   692963     5483   688217   577937   215153
   452159   354317   151517   548753   151169   548843   151049   549503   150497   549533   150383   549683   150299   549719   150239   550139   149837   550289   149627   550427   149399   550757   149069   550973   148913   551339   148517   551549   148193   551849   148079   551933   147977   552179   147743   552317   147347   552707   147197   552899   147089   553073   146777   553463   146477   553583   146417   553733   144323   548453   247847
   104459   231359   468683   231269   468899   231053   469037   230567   469613   230357   469793   229799   470243   229727   470303   229589   470453   229409   470663   229223   470867   228869   471209   228707   471389   228539   471749   228203   471893   228077   472133   227537   472643   227207   472817   227159   472859   226553   473519   226427   473597   226283   473789   226007   474017   225977   474197   225569   474479   474857   468527
