   249419   450677   249287   450899   249089   451097   248903   451397   248483   452009   247847   452393   247553   452597   247193   453107   246809   453293   246689   453797   246173   454109   245759   454253   245627   454823   245087   454967   245033   455219   244667   455513   244403   455627   244217   455849   243857   456167   243239   456809   242867   457277   242639   457403   242453   457559   242399   457697   242093   241883   561947
   458027   167729   532373   167627   532523   167267   532757   167099   532919   166973   533303   166679   533363   166457   533747   166169   533963   166013   534059   165833   534473   165083   535019   164837   535529   164309   535727   164249   535859   164039   536147   163733   536699   162593   537587   162263   537749   161957   538127   161807   538367   161453   538697   161267   539009   160967   539129   160739   539837   346043   241979
   241817   539309    24923   675197    24767   675347    24593   675593    24179   675923    24077   675977    23789   676253    23747   676337    23633   676469    23417   676649    23327   676727    23087   676943    23039   676979    22859   677309    22619   677639    22349   677813    22079   678077    21803   678407    21569   678599    21347   678779    21017   679067    20879   679157    20543   679607    20297   680297   347057   160697   458189
   458327   160499   679823   142469   557573   142217   557987   141803   558287   141509   558563   141179   559067   140729   559343   140639   559529   140423   559667   140333   559709   140207   559883   139967   560123   139709   560459   139409   560639   139169   560873   139109   560939   138959   561083   138647   561377   138617   561419   138407   561767   138209   561809   137999   562283   137699   570509   339839    20183   539507   241679
   241643   539633    20177   562409   204557   495563   204437   495629   204359   495707   204233   495899   204059   495959   204023   496007   203843   496343   203579   496889   203057   497117   202667   497597   202403   497663   202277   497957   201953   498209   201449   498647   201203   499139   200723   499349   200609   499493   200483   499649   200153   499943   200033   500153   199673   197507   649937   137597   679829   160373   458363
   458543   160367   679859   137567   500369   195407   504617   195329   504929   195053   504983   194933   505139   194819   505277   194723   505319   194483   505919   194057   505979   193859   506213   193679   506357   193469   506573   193163   506873   193043   506993   192977   507119   192677   507599   192263   507953   191969   508103   191783   508259   191657   508499   191447   508817   347813   199637   562439    20147   539639   241463
   241343   539663    20123   562607   199523   508709   103217   596927   103043   597053   102797   597353   102587   597473   102407   597677   102317   597803   102107   597929   101999   598049   101879   598379   101363   598727   101207   599069   100853   599273   100703   599513   100469   599603   100343   599693    99839   600239    99713   600317    99347   600689    99173   602639   346349   191297   500483   137399   679883   160343   458663
   458669   160319   680027   137393   500519   191033   600857   328619   371417   328379   371633   328343   371897   328067   371999   327983   372137   327839   372179   327737   372299   327629   372689   327209   372803   326999   373343   326657   373859   326063   374063   325889   374123   325673   374399   325319   374789   325187   374987   324977   375113   324773   324497   398543    99149   508973   199487   562613    19979   539687   241337
   241259   539843    19793   562703   199403   509027    99023   375359    85247   615137    84737   615473    84509   615539    84449   615599    84389   615743    84239   615827    84137   616073    83903   616229    83717   616367    83597   616529    83459   616589    83219   616799    83177   616943    83009   617249    82619   617447    82469   617657    82307   620033   345689   324647   600983   190979   500603   137303   680213   160163   458747
   458879   159857   680453   136889   500693   190709   601043   324593   617843   148913   551339   148517   551549   148193   551849   148079   551933   147977   552179   147743   552317   147347   552707   147197   552899   147089   553073   146777   553463   146477   553583   146417   553733   146249   554207   145703   554417   145433   554699   145259   555683   347099    82163   375413    98963   509297   199313   563117    19553   540149   241127
   241049   540167    19373   563357   199049   509393    98939   375449    81953   554753   129539   570497   129419   570719   129263   570887   128987   571037   128873   571679   128159   571853   128033   572027   127913   572303   127649   572399   127583   572519   127373   572843   127139   572903   127079   572969   126827   573263   126359   577043   344957   145253   618053   324557   601067   190613   500957   136649   680633   159839   458957
   458993   159833   680993   136559   501029   190577   601079   324473   618257   145037   573863    58109   642197    57773   642419    57383   642737    57173   642899    57059   643043    56807   643373    56543   643553    56417   643883    56087   644009    55949   644117    55487   644549    55337   644747    55217   644843    55073   647117   346187   126143   554969    81749   375533    98927   509429   198977   563447    19013   540173   241013
   240959   540233    18959   563543   198929   509477    98627   375569    81737   555119   126107   645023   287549   412619   287057   413033   286763   413417   286469   413579   286199   414053   285827   414467   285377   414779   285113   415109   284819   415517   284483   415559   284429   415949   283859   416243   283607   417173   347033    54983   573899   144887   618269   324437   601379   190529   501077   136463   681047   159773   459047
   459113   159737   681089   136343   501173   190403   601487   324299   618329   144839   574109    54869   416543    45179   654923    44963   655229    44633   655649    44279   655757    44159   655883    43943   656153    43577   656519    43403   656609    43319   656783    43067   656993    42989   657233    42737   660347   345749   283463   645137   125897   555167    81677   375707    98519   509603   198833   563663    18917   540269   240893
   240797   540377    18869   563813   198719   509693    98123   376049    81629   555287   125717   645233   283133   657323   104849   595247   104729   595313   104459   595613   104297   596009   103979   596093   103889   596363   103583   605477    94463   605573    94397   605837    93923   606113    93683   608273   337907    42683   416873    54773   574289   144719   618377   323957   601883   190313   501287   136193   681137   159629   459209
   459383   159623   681167   135647   501317   190283   601949   323879   618437   144413   574367    54623   417089    42533   606443    91397   608633    91163   608987    90863   609173    90647   609533    90407   609743    90227   609803    90197   609989    89849   610187    89597   610619    89303   610919   348827    93563   657473   282917   645383   125639   555593    81569   376127    98057   509723   198689   564359    18839   540383   240623
   240257   540389    18749   564407   198623   509909    97973   376307    81299   555707   125387   645443   282767   657497    93557   610733    26813   673223    26759   673313    26393   673619    26357   673667    26237   673817    25889   674159    25733   674363    25523   674537    25307   685679   338669    89273   606449    42509   417239    54563   574619   144299   618707   323699   602033   190097   501383   135599   681257   159617   459749
   459803   159569   681293   135389   501503   189929   602039   323537   618833   143999   574667    54539   417293    42467   606503    89189   674759   262187   437867   261977   438047   261773   438419   261563   438989   260999   439133   260849   439199   260753   439289   260543   440507   347957    25247   610817    93503   657539   282713   645467   125339   556007    81173   376469    97967   510077   198503   564617    18713   540437   240203
   239933   540599    18587   564653   198413   510569    97919   376757    81077   556487   125303   645503   282389   657707    93479   611069    25169   439667    11117   688979    10973   689267    10613   689693    10139   689873    10103   690119     9629   690419     9539   691709   347873   260339   674837    88937   606527    42299   417617    54503   574703   143519   618929   323249   602087   189437   501593   135353   681419   159407   460073
   460127   159293   681563   135209   501659   189389   602333   322877   619187   143243   574799    54377   417623    42227   606587    88817   674879   260207   690509    69317   630803    69143   631013    68819   631307    68597   631529    68447   631859    67853   636809   344543     9497   439799    25127   611189    93419   657779   282383   645629   125207   556763    80819   377129    97673   510617   198347   564797    18443   540713   239879
   239849   540773    18329   564917   198179   510767    97553   377147    80039   556943   125093   645683   282287   657809    93263   611207    24977   440039     9473   632273    66797   633257    66629   633473    66383   633629    66239   633833    66083   649217   334493    67733   690533   259967   675029    88799   606743    42197   417719    54323   574913   143063   619967   322859   602453   189239   501827   135089   681677   159233   460157
   460373   159227   681719   135017   502043   189017   602543   322709   620099   142979   575027    54293   417839    42179   606959    88793   684773   259829   690629    67709   634013     2129   697937     2039   697979     1823   698273     1709   351479   696659    65993   632297     9377   440177    15233   611213    93047   657827   282167   645713   124979   557027    79907   377297    97463   510989   197963   564989    18287   540779   239633
   239597   540989    18233   565337   197927   511163    97379   377393    79889   557033   124919   645737   282143   657983    92957   611459    15149   440183     9137   632327    65927   698339   232709   467399   232499   467549   232307   230969   586589     1667   634079    67679   690869   259823   684857    88547   607049    42023   417863    54269   575087   142973   620117   322613   602627   188843   502079   134669   681773   159017   460409
   460463   158909   682049   134489   502247   188519   602999   322463   620159   142949   575153    54167   417947    41879   607157    88523   684869   259667   691199    67559   634169     1619   467897      569   699443      557   352073   697373   232109   698387    65837   632447     8807   440339    15137   611483    92849   658127   282059   645839   124853   557057    79847   377543    97007   511487   197759   565517    17957   541097   239543
   239417   541349    17747   565589   197597   511523    96959   377687    79823   557273   124793   646013   282053   658247    92753   611543    15083   440849     8669   632459    65699   698393   232103   699527    62723   637499   349787      479   467903     1613   634307    67547   691337   259157   684923    88463   607253    41759   417953    53993   575213   142733   620183   322319   603047   188483   502409   134417   682259   158657   460589
   460619   158567   682277   134369   502553   188303   603149   321983   620393   142697   575303    53939   418073    41729   607307    88169   684989   259019   691343    67523   634373     1559   467927   349553   637067   350003    62939   350453   232079   698447    65633   632483     8663   440987    15017   611837    92699   658277   281933   646067   124703   557309    79613   378023    96857   511703   197453   565637    17729   541439   239387
   239333   541469    17669   565667   197159   511757    96797   378593    79427   568367   124577   646157   281927   658319    92669   611927    14897   441029     8597   632699    65609   698483   490169   697733   350219    62507   637283     2273   209837     1523   634397    67307   691409   258977   685109    88079   607337    41687   418079    53849   575429   131639   620579   321413   603209   188249   502847   134339   682337   158537   460673
   460709   158429   682427   134219   502883   188147   603227   321323   620639   131363   575513    53813   418157    41627   607349    88037   685247   258827   691433    67289   634649   349919   445799     2633      563   699449   347933   699437   254207   350087    65357   632717     8573   441179    14759   611969    92657   658379   281849   646193   124493   568643    79367   378683    96779   511859   197123   565787    17579   541577   239297
   239087   541613    17333   565793   197033   512537    96749   378779    79349   568709   124433   646307   281837   658403    92489   611999    14669   441263     8543   633197   635087   696239   113417   232607   467507   232457   467699   469037   467297     3767    64919    66809   691463   258743   685337    88007   607517    41603   418169    53699   575573   131297   620657   321227   603257   187469   502973   134213   682673   158393   460919
   460937   158243   682679   134087   503003   187463   603563   321077   620777   131129   575579    53609   418199    41519   607619    87869   685367   258563   691583   633497    48197     3347     2069   697967     2027   698183     1733   698297   348527   697877   651809    66509     8423   441443    14639   612137    92387   658487   281807   646397   124427   568877    79229   378929    96443   512543   197003   565919    17327   541763   239069
   239027   541817    16703   565973   196799   512573    96059   378953    79193   569189   124337   646859   281747   658607    92237   612173    14369   441479     8243    58727   365513    66749   633377    66533   633623    66377   633767    66173   633923    50789   633209   641279   691763   258527   685637    87833   607769    41399   418259    53147   575669   130817   620813   321053   603947   187433   503207   134033   683303   158189   460979
   461147   157889   683357   133949   503267   187409   603989   320843   621017   130769   575867    53117   418289    41357   608303    87743   685973   442367   687437   355463    69203   630863    68993   631187    68699   631409    68477   631559    68147   632153    63197   630689    12569   257639    14033   612263    91703   658649   281717   646889   124139   569237    78989   379163    96017   512597   196739   566057    16649   542117   238859
   238709   542183    16553   566273   196709   512657    95783   379307    78977   569417   123887   646913   281669   658817    91583   612377     8969   252827   352133    11027   689033    10739   689393    10313   689867    10133   689903     9887   690377     9587   690467     8297   688889   447179   691037    87629   608423    41189   418337    53093   576119   130589   621029   320699   604223   187349   503297   133733   683453   157823   461297
   461333   157799   683477   133439   503423   187163   604259   320687   621113   130343   576203    53069   418343    40847   608429   627083   667769   352049   262139   438029   261959   438233   261587   438443   261017   439007   260873   439157   260807   439253   260717   439463   259499   437819    32237    72923    91577   659159   281663   646937   123803   569663    78893   379319    95747   512843   196583   566567    16529   542207   238673
   238499   542237    16493   566723   196523   513047    95393   379397    78779   569747   123719   647033   281579   659177    90599    68777   361337    26783   673247    26693   673613    26387   673649    26339   673769    26189   674117    25847   674273    25643   674483    25469   674699    14327   673193   631229   609407    40829   418427    52973   576287   130259   621227   320609   604613   186959   503483   133283   683513   157769   461507
   461609   157559   683687   132953   503819   186947   604727   320339   621353   130079   576299    52967   418667    39887   584879   351179    91373   608843    91019   609143    90833   609359    90473   609599    90263   609779    90203   609809    90017   610157    89819   610409    89387   610703    89087   608609   115127   660119   281339   647039   123707   569927    78653   379667    95279   513059   196187   567053    16319   542447   238397
   238313   542483    16229   567059   196043   513137    95273   379703    78479   570113   123323   647069   419417   652499   362099   104759   595277   104693   595547   104393   595709   103997   596027   103913   596117   103643   596423    94529   605543    94433   605609    94169   606083    93893   606323    91733   595157    47507   280589    52937   576683   129893   621527   320303   604733   186869   503963   132947   683777   157523   461693
   461843   157427   683783   132863   504143   186653   604787   320219   621833   129593   577067   649877   272549   354257    45083   655043    44777   655373    44357   655727    44249   655847    44123   656063    43853   656429    43487   656603    43397   656687    43223   656939    43013   657017    42773   657269    39659   654827   427457    50129   122939   570413    78173   379787    95219   513353   195863   567143    16223   542579   238163
   237857   542747    16217   567257   195809   513419    95177   379853    78137   570419   580577    41927   352973   287387   412949   286973   413243   286589   413537   286427   413807   285953   414179   285539   414629   285227   414893   284897   415187   284489   415523   284447   415577   284057   416147   283763   416399   282833   412457   658079   119429   129587   621869   320153   604829   186587   504197   132749   683789   157259   462149
   462239   157133   683819   132623   504269   186239   604997   320027   622073   129347   109517   353819    57809   642233    57587   642623    57269   642833    57107   642947    56963   643199    56633   643463    56453   643589    56123   643919    55997   644057    55889   644519    55457   644669    55259   644789    55163   644933    52889   641897   590489   570659    77933   379979    95009   513767   195737   567383    16187   542873   237767
   237563   542987    16097   567569   195527   513899    94889   379997   622529   550937   355049   129509   570587   129287   570743   129119   571019   128969   571133   128327   571847   128153   571973   127979   572093   127703   572357   127607   572423   127487   572633   127163   572867   127103   572927   127037   573179   126743   573647   122963   570467   149069    77477   320009   605117   186107   504479   132437   683909   157019   462443
   462719   157007   683933   132347   504527   185993   605393   380189    67883   352907   148667   551489   148457   551813   148157   551927   148073   552029   147827   552263   147689   552659   147299   552809   147107   552917   146933   553229   146543   553529   146423   553589   146273   553757   145799   554303   145589   554573   145307   554747   144323   551093   632123   319817    94613   514013   195479   567659    16073   542999   237287
   237233   543287    16067   567719   195443   514049   610439   362213   354317    84869   615269    84533   615497    84467   615557    84407   615617    84263   615767    84179   615869    83933   616103    83777   616289    83639   616409    83477   616547    83417   616787    83207   616829    83063   616997    82757   617387    82559   617537    82349   617699    79973   614759   337793    89567   185957   504563   132287   683939   156719   462773
   462827   156707   684119   132059   504593   516293    79769   301463   328589   371627   328373   371663   328109   371939   328007   372023   327869   372167   327827   372269   327707   372377   327317   372797   327203   373007   326663   373349   326147   373943   325943   374117   325883   374333   325607   374687   325217   374819   325019   375029   324893   375233   375509   371387   620237   183713   195413   567947    15887   543299   237179
   237143   543383    15767   568097   517367   174749   353657   103079   596963   102953   597209   102653   597419   102533   597599   102329   597689   102203   597899   102077   598007   101957   598127   101627   598643   101279   598799   100937   599153   100733   599303   100493   599537   100403   599663   100313   600167    99767   600293    99689   600659    99317   600833    97367   596789   525257   182639   131909   684239   156623   462863
   462953   156467   684269   570047   475697   352193   195389   504677   195077   504953   195023   505073   194867   505187   194729   505283   194687   505523   194087   505949   194027   506147   193793   506327   193649   506537   193433   506843   193133   506963   193013   507029   192887   507329   192407   507743   192053   508037   191903   508223   191747   508349   191507   508559   191189   504599   224309   129959    15737   543539   237053
   236723   543659   684647   112577    50069   204443   495569   204377   495647   204299   495773   204107   495947   204047   495983   203999   496163   203663   496427   203117   496949   202889   497339   202409   497603   202343   497729   202049   498053   201797   498557   201359   498803   200867   499283   200657   499397   200513   499523   200357   499853   200063   499973   199853   500333   502499   495449   587429    15359   156347   463283
   463433   154943     5693   360167   142433   557789   142019   558203   141719   558497   141443   558827   140939   559277   140663   559367   140477   559583   140339   559673   140297   559799   140123   560039   139883   560297   139547   560597   139367   560837   139133   560897   139067   561047   138923   561359   138629   561389   138587   561599   138239   561797   138197   562007   137723   562307   129497   557537   694313   545063   236573
   464447   531863   352949    24809   675239    24659   675413    24413   675827    24083   675929    24029   676217    23753   676259    23669   676373    23537   676589    23357   676679    23279   676919    23063   676967    23027   677147    22697   677387    22367   677657    22193   677927    21929   678203    21599   678437    21407   678659    21227   678989    20939   679127    20849   679463    20399   679709    19709   675083   168143   235559
   437753   353963   167633   532379   167483   532739   167249   532907   167087   533033   166703   533327   166643   533549   166259   533837   166043   533993   165947   534173   165533   534923   164987   535169   164477   535697   164279   535757   164147   535967   163859   536273   163307   537413   162419   537743   162257   538049   161879   538199   161639   538553   161309   538739   160997   539039   160877   539267   160169   532277   262253
   138059   249329   450719   249107   450917   248909   451103   248609   451523   247997   452159   247613   452453   247409   452813   246899   453197   246713   453317   246209   453833   245897   454247   245753   454379   245183   454919   245039   454973   244787   455339   244493   455603   244379   455789   244157   456149   243839   456767   243197   457139   242729   457367   242603   457553   242447   457607   242309   457913   458123   450587
