   244379   455789   244157   456149   243839   456767   243197   457139   242729   457367   242603   457553   242447   457607   242309   457913   241979   458123   241817   458327   241643   458543   241343   458669   241259   458879   241049   458993   240959   459113   240797   459383   240257   459803   239933   460127   239849   460373   239597   460463   239417   460619   239333   460709   239087   460937   239027   461147   238709   461507   346439
   461333   162263   537749   161957   538127   161807   538367   161453   538697   161267   539009   160967   539129   160739   539309   160499   539633   160367   539663   160319   539837   160163   540149   159839   540173   159773   540269   159629   540383   159617   540437   159407   540713   159233   540779   159017   541097   158657   541439   158537   541577   158393   541763   158189   542117   157823   542207   157769   543287   346553   238673
   238397   542447    21569   678599    21347   678779    21017   679067    20879   679157    20543   679607    20297   679823    20177   679859    20123   680027    19793   680297    19553   680633    19013   681047    18917   681137    18839   681257    18713   681419    18443   681677    18287   681773    17957   682259    17729   682337    17579   682673    17327   683303    16649   683453    16529   683513    16319   683789   347057   157559   461609
   461693   157523   683777   138587   561599   138239   561797   138197   561947   137999   562283   137699   562409   137567   562607   137393   562703   136889   563357   136559   563543   136343   563813   135647   564407   135389   564653   135209   564917   135017   565337   134489   565589   134369   565667   134219   565793   134087   565973   133949   566273   133439   566723   132953   567059   132863   573647   340937    16229   542483   238313
   238163   542579    16223   567257   200483   499649   200153   499943   200033   500153   199673   500369   199523   500519   199403   500693   199049   501029   198929   501173   198719   501317   198623   501503   198413   501659   198179   502043   197927   502247   197597   502499   197453   502847   197123   502973   197003   503207   196739   503297   196583   503483   196187   503963   195863   195479   656429   132749   683783   157427   461843
   462149   157259   683819   132623   504197   191783   508259   191657   508499   191447   508709   191189   508973   190979   509297   190613   509429   190529   509693   190283   509909   189929   510569   189389   510767   189017   511163   188519   511523   188303   511757   188147   512537   187463   512573   187409   512657   187163   513047   186947   513137   186653   513419   186239   183569   676979   195809   567383    16187   542747   237857
   237767   542873    16097   567569   195737   513899    99713   600317    99347   600689    99173   600857    99023   601043    98939   601079    98627   601487    98123   601949    97973   602039    97919   602333    97553   602543    97379   602639    97007   603047    96857   603209    96779   603257    96443   603947    96017   604223    95747   604613    95279   604733    95219   606449   346547   186107   504269   132437   683909   157133   462239
   462443   157019   683933   132347   504479   185993   604829   324893   375233   324647   375413   324557   375509   324473   375569   324299   376049   323879   376307   323537   376757   322877   377147   322709   377393   322463   377687   321983   378593   321323   378779   321077   378953   320843   379307   320687   379397   320339   379703   320219   379853   320027   383303   344327    95177   514013   195527   567659    16073   542987   237563
   237287   542999    16067   567719   195443   514049    95009   379997    82307   617843    81953   618257    81737   618329    81629   618437    81299   618833    80819   619967    79973   620099    79889   620159    79823   620237    79613   620579    79367   620657    79229   620813    78989   621029    78893   621227    78653   621527    78173   621869    77933   624737   345227   320009   604997   185957   504563   132287   683939   157007   462719
   462773   156707   684119   132059   504593   185903   605117   319817   622157   145253   554969   144887   555167   144719   555593   144323   555707   143999   556487   143243   556943   142979   557033   142949   557273   142697   557537   142433   557789   142019   558203   141719   558497   141443   558827   140939   559277   140663   559367   140477   560939   345749    77849   380189    94889   514103   195413   567947    15887   543299   237233
   237179   543383    15767   568097   195407   514187    94613   380327    77513   559583   126107   574109   125717   574367   125387   574667   125303   574799   125093   575087   124853   575213   124703   575429   124493   575573   124427   575669   124139   576119   123803   576287   123707   576683   122963   577067   122609   577427   122477   577739   348077   140423   622493   319679   605393   185819   504599   131909   684239   156623   462827
   462863   156467   684269   131639   504617   185693   605477   319673   622529   140333   577613    54563   645467    54503   645629    54323   645713    54269   645839    53993   646067    53849   646193    53699   646397    53147   646889    53093   646937    52973   647039    52937   647117    52859   647189    52673   647453    52529   654509   342239   122393   559673    77477   380333    94529   514313   195389   568367    15737   543539   237143
   237053   543659    15359   568643   195329   514523    94463   380417    77369   559709   122207   647489   282389   417623   282287   417839   282143   417947   282053   418073   281927   418157   281837   418199   281747   418289   281669   418343   281579   418667   281297   418763   281207   418889   280949   419147   280817   419417   348827    52517   577799   140297   622637   319589   605543   185483   504677   131363   684647   156347   462953
   463283   156119   684773   131297   504929   185477   605573   319547   622793   140207   577937    52379   419303    42023   658079    41879   658247    41729   658319    41627   658403    41519   658607    41357   658817    40847   659177    40583   659513    40283   659843    39953   660119    39869   660167    39779   660893   348443   280703   647627   122069   559799    77213   380459    94433   514529   195077   568709    15233   543887   236723
   236573   544223    15149   568877   195053   514637    94397   380837    77003   559883   122027   647693   280583   660347   101363   598727   101207   599069   100853   599273   100703   599513   100469   599603   100343   599693    99839   600239    90863   609173    90647   609533    90407   609743    90227   611069   347513    39659   419423    52313   577979   140123   623003   319169   605609   185369   504953   131129   684857   155783   463433
   463457   155747   684869   130817   504983   185363   605837   319127   623057   139883   578117    52259   419459    39503   609803    88079   611969    88007   612137    87833   612263    87629   612383    87509   612713    87083   613013    86843   613169    86753   613427    86399   613637    86243   616787   346187    90203   660503   280547   647747   121889   560123    76949   380879    94169   514643   195023   569189    15137   544259   236549
   236219   544919    15083   569237   194933   514739    93923   380909    76679   560297   121697   647753   280409   660563    90197   613889    23753   676259    23669   676373    23537   676589    23357   676679    23279   676919    23063   676967    22859   677309    22619   677639    22349   688979   337859    86117   609809    39443   419597    52253   578309   139709   623327   319097   606083   185267   505073   130769   684923   155087   463787
   463919   155069   684989   130589   505139   185183   606113   319049   623717   139547   578399    52223   419753    39323   609989    85853   677813   257987   442139   257687   442367   257519   442517   257273   442817   257177   443039   256889   443129   256757   443363   256517   444347   348527    22193   614153    90017   660683   280253   647783   121607   560459    76289   380957    93893   514823   194867   569417    15017   544937   236087
   235877   544979    14897   569663   194819   514853    93683   381323    76283   560597   121553   648029   280229   660887    89849   614177    22079   443837     7673   692399     7583   692459     7253   692927     7043   693089     6869   693149     6827   693317     6653   699767   343037   256169   677927    85829   610157    39119   419777    51977   578453   139409   623723   318683   606323   185153   505187   130343   685109   155027   464129
   464213   154943   685247   130259   505277   185057   606443   318629   624209   139367   578483    51899   420029    39107   610187    85619   678077   256133   693437    65699   634373    65609   634649    65327   634793    65147   634943    65027   635003    64919   635507   349043     6569   443873    21929   614387    89819   660899   279977   648107   121523   560639    75797   381377    93563   514949   194729   569747    14759   545063   235793
   235679   545387    14669   569927   194723   515279    93503   381533    75773   560837   121469   648239   279857   660917    89597   614483    21803   443987     6473   635339    63647   636407    63533   636533    63467   636563    63353   636809    62939   641813   344969    64667   693533   256019   678203    85523   610409    39089   420149    51767   578537   139169   624233   318473   606503   184727   505283   130079   685337   154619   464327
   464447   154523   685367   129959   505319   184649   606527   318377   624347   139133   578603    51749   420317    39023   610439    85313   678407   255977   693677    64439   637079      449   699617       59   699953        5   350039   349919   350663   699323    62927   635567     6329   444029    21599   614693    89567   660983   279689   648257   121403   560873    75659   381629    93479   515357   194687   570047    14639   545483   235559
   235523   545759    14369   570113   194483   515429    93419   381659    75539   560897   121313   648293   279413   661103    89387   614759    12323   444089     6323   635603    62723   350093   229139   471137   228797   471299   228617   473999   347033   349913   637283    64403   693683   255917   687683    85247   610619    38903   420593    51713   578693   139109   624467   318347   606587   184577   505523   129893   685637   154247   464483
   464699   154073   685679   129593   505919   184487   606743   318299   624479   138959   578777    51329   420599    38867   610703    84869   687737   255839   693689    64157   637319   349793   471467   345473   354677   345263   336989   367613   228539   350213    62687   635849     6317   444167    12269   615137    89303   661139   279407   648677   121229   561047    75527   381707    93263   515519   194087   570413    14327   545933   235307
   235043   545939    14033   570419   194057   515597    93047   382037    75407   561083   121007   648719   279329   661259    89273   615269    12239   444293     6263   635939    62627   350219   228257   355049    58679   665267   326063   344957   471749   349787   637379    64067   693743   255713   687767    84737   610733    38747   420677    51287   578999   138923   624599   317969   606959   184409   505949   129587   685973   154067   464963
   464993   153953   686009   129539   505979   184133   607049   317903   624683   138647   579107    51203   420737    38567   610817    84533   687779   255467   693809    64037   637409   349553   471803   355463   617387   350003    82619   344543   228203   350453    62597   635969     6197   444539    12227   615473    89189   661439   279269   648803   120899   561359    75323   382103    92957   515873   194027   570467    13997   546053   235013
   235007   546263    13967   570497   193859   515993    92849   382229    75209   561377   120767   649157   279203   661547    89087   615497    12197   444623     5987   636149    62507   351653   474779   361637   373943    34739   641327   338369   225227   348353   637499    63857   694019   255383   687809    84509   610919    38459   420803    50849   579239   138629   624797   317777   607157   184013   506147   129509   686039   153743   464999
   465089   153689   686099   129497   506213   183797   607253   317453   624839   138617   579503    50789   420977    38453   611189    84467   687893   255329   694079    63743   637529   698297   221603   332393   345329   354743   363017   354533   478403     1709    62477   636263     5927   444677    12113   615539    88817   661553   279029   649217   120503   561389    75167   382553    92753   516209   193793   570509    13907   546317   234917
   234833   546569    13829   570587   193679   516293    92699   382643    75029   572423   120473   649283   278903   661613    88799   615557    11939   444767     5813   636287    62297   699287   352973   228869   471209   228707   471389   226007   470867      719   637709    63719   694193   255239   688067    84449   611207    38393   421103    50723   579533   127583   624977   317363   607307   183713   506327   129419   686177   153437   465173
   465293   153407   686453   129347   506357   183683   607337   317279   625103   127487   579707    50627   421163    38333   611213    84407   688073   255173   694223   636947   631859      683      389   699947       53   700001   349967   350087   349343   699557    68147    63059     5783   444833    11933   615599    88793   661673   278843   649379   120299   572519    74903   382727    92669   516323   193649   570659    13553   546599   234713
   234599   546719    13487   570719   193469   516617    92657   382847    74897   572633   120293   649457   278609   661679    88547   615617    11909   444869   354317    60737   355037    63599   636473    63473   636539    63443   636653    63197   637067    58193   636359   639269   345689   255137   688097    84389   611459    38327   421397    50549   579713   127373   625109   317159   607349   183389   506537   129287   686519   153287   465407
   465419   153137   686639   129263   506573   183383   607517   317123   625133   127163   579773    50387   421517    38237   611483    84263   688139   446003   337313   350963    65633   634397    65357   634679    65213   634859    65063   634979    65003   635087    64499   634307   362693   254003    11867   615743    88523   661769   278489   649619   120233   572843    74873   382883    92489   516623   193433   570743    13367   546869   234587
   234197   546893    13337   570887   193163   516689    92387   382919    74699   572867   119747   649643   278363   661823    88463   615767   347957   250199   356969     7607   692423     7547   692753     7079   692963     6917   693137     6857   693179     6689   693353      239   692333   449807   352049    84239   611543    38183   421643    50363   580259   127139   625307   317087   607619   183317   506843   129119   686669   153113   465809
   465917   153059   686789   128987   506873   183167   607769   316937   625319   127103   580373    50207   421727    37649   611837   626147   337793   351479   257867   442319   257639   442487   257489   442733   257189   442829   256967   443117   256877   443249   256643   443489   255659   442019   362213    73859    88169   662357   278279   649799   119633   572903    74687   383069    92237   516839   193133   571019    13217   546947   234089
   234029   547097    13163   571037   193043   516947    91733   383099    74609   572927   119627   649829   278063   662477   626987    67679   362147    23747   676337    23633   676469    23417   676649    23327   676727    23087   676943    23039   677147    22697   677387    22367   677657    11027   676253   632327    73019    37529   421943    50177   580379   127079   625397   316907   608273   183059   506963   128969   686843   152909   465977
   466247   152783   686879   128873   506993   183047   608303   316859   625409   127037   580577    50129   422087   663239    58367   353819    88037   611999    87869   612173    87743   612377    87623   612497    87293   612923    86993   613163    86837   613253    86579   613607    86369   613763    83219   611927   641639    36767   277919   649877   119429   572969    74597   383147    91703   516959   193013   571133    13127   547223   233759
   233489   547229    13109   571679   192977   517073    91583   383153    74489   573179   119243   649937   427247    31973   352493   101279   598799   100937   599153   100733   599303   100493   599537   100403   599663   100313   600167    99767   609143    90833   609359    90473   609599    90263   609779    88937   598643   668033   272759    50069   580763   126827   625517   316853   608423   182933   507029   128327   686897   152777   466517
   466649   152519   686963   128159   507119   182927   608429   316577   625643   126743   580919    47777   268637   351563    41927   658127    41759   658277    41687   658379    41603   658487    41399   658649    41189   659159    40829   659423    40493   659723    40163   660053    39887   660137    39839   660227    39113   657983   431369   652229   119087   573263    74363   383429    91577   517079   192887   571847    13043   547487   233357
   232823   547577    13037   571853   192677   517217    91397   383633    74093   573863   583367   641279   351179   282383   417719   282167   417863   282059   417953   281933   418079   281849   418169   281807   418259   281717   418337   281663   418427   281339   418709   281243   418799   281117   419057   280859   419189   280589   417617    58727   116639   126143   625913   316373   608609   182789   507329   128153   686969   152429   467183
   467297   152423   687023   128033   507599   182639   608633   316193   625979   124979   109379   357767    54539   645503    54377   645683    54293   645737    54167   646013    53939   646157    53813   646307    53609   646859    53117   646913    53069   647033    52967   647069    52889   647147    52817   647333    52553   647477    45497   645443   590627   575027    74027   383813    91373   517367   192407   571973    12983   547583   232709
   232607   547643    12923   572027   192263   517403    91163   383909    72623   553229   351929   125897   574289   125639   574619   125339   574703   125207   574913   124919   575153   124793   575303   124577   575513   124433   575579   124337   575867   123887   576203   123719   576299   123323   577043   122939   577397   122579   577529   122267   573899   146777   627383   316097   608843   182603   507743   127979   687083   152363   467399
   467507   152297   687107   127913   507953   182549   608987   384107   616409   354257   145037   555119   144839   555287   144413   555683   144299   556007   143519   556763   143063   557027   142973   557057   142733   557309   142469   557573   142217   557987   141803   558287   141509   558563   141179   559067   140729   559343   140639   559529   139067   554753    83597   315899    91019   517457   192053   572093    12899   547709   232499
   232457   547787    12689   572303   191969   517469   609407   303119   354779    82163   618053    81749   618269    81677   618377    81569   618707    81173   619187    80039   620033    79907   620117    79847   620183    79769   620393    79427   620639    79349   620777    79193   621017    78977   621113    78779   621353    78479   621833    78137   622073    75269   617699   396887    90599   182537   508037   127703   687317   152219   467549
   467699   152189   687359   127649   508103   523307    81077   355679   324773   375359   324593   375449   324497   375533   324437   375707   323957   376127   323699   376469   323249   377129   322859   377297   322613   377543   322319   378023   321413   378683   321227   378929   321053   379163   320699   379319   320609   379667   320303   379787   320153   379979   316703   375113   618929   176699   191903   572357    12647   547817   232307
   232109   547823    12569   572399   509603   495983   353459    99689   600659    99317   600833    99149   600983    98963   601067    98927   601379    98519   601883    98057   602033    97967   602087    97673   602453    97463   602627    97367   602999    96959   603149    96797   603227    96749   603563    96059   603989    95783   604259    95393   604727    95273   604787    93557   600293   204023   190403   127607   687437   152183   467897
   467903   152003   687593   122489   490169    23027   191747   508349   191507   508559   191297   508817   191033   509027   190709   509393   190577   509477   190313   509723   190097   510077   189437   510617   189239   510989   188843   511487   188483   511703   188249   511859   187469   512543   187433   512597   187349   512843   186959   513059   186869   513353   186587   513767   516437   508223   209837   577517    12413   548003   232103
   232079   548039   688223   560039    43577   200357   499853   200063   499973   199853   500333   199637   500483   199487   500603   199313   500957   198977   501077   198833   501287   198689   501383   198503   501593   198347   501827   197963   502079   197759   502409   197507   502553   197159   502883   197033   503003   196799   503267   196709   503423   196523   503819   196043   504143   504527   499523   139967    11783   151967   467927
   468059   548399     1823   359069   138407   561767   138209   561809   138059   562007   137723   562307   137597   562439   137399   562613   137303   563117   136649   563447   136463   563663   136193   564359   135599   564617   135353   564797   135089   564989   134669   565517   134417   565637   134339   565787   134213   565919   134033   566057   133733   566567   133283   567053   132947   567143   126359   561419   698183   151607   231947
   475877   140339   352949    21407   678659    21227   678989    20939   679127    20849   679463    20399   679709    20183   679829    20147   679883    19979   680213    19709   680453    19373   680993    18959   681089    18869   681167    18749   681293    18587   681563    18329   681719    18233   682049    17747   682277    17669   682427    17333   682679    16703   683357    16553   683477    16493   683687    16217   678437   559667   224129
   211997   353453   162257   538049   161879   538199   161639   538553   161309   538739   160997   539039   160877   539267   160697   539507   160373   539639   160343   539687   160169   539843   159857   540167   159833   540233   159737   540377   159623   540389   159569   540599   159293   540773   159227   540989   158909   541349   158567   541469   158429   541613   158243   541817   157889   542183   157799   542237   156719   537743   488009
   353567   244217   455849   243857   456167   243239   456809   242867   457277   242639   457403   242453   457559   242399   457697   242093   458027   241883   458189   241679   458363   241463   458663   241337   458747   241127   458957   241013   459047   240893   459209   240623   459749   240203   460073   239879   460157   239633   460409   239543   460589   239387   460673   239297   460919   239069   460979   238859   461297   238499   455627
