    24029   676217    23753   676259    23669   676373    23537   676589    23357   676679    23279   676919    23063   676967    23027   677147    22697   677387    22367   677657    22193   677927    21929   678203    21599   678437    21407   678659    21227   678989    20939   679127    20849   679463    20399   679709    20183   679829    20147   679883    19979   680213    19709   680453    19373   680993    18959   681089    18869   682259   346187
   681167   297707   402383   297503   402923   296969   403097   296843   403253   296507   403757   296129   403889   296027   404489   295313   404819   295037   405347   294509   405527   294347   405689   294179   405857   294059   406403   293507   406547   293357   406859   293123   406907   292517   407579   292367   407723   292223   407969   291869   408173   291743   408437   291509   408563   291293   408719   290999   409379   346223    18839
    18749   409043   148517   551549   148193   551849   148079   551933   147977   552179   147743   552317   147347   552707   147197   552899   147089   553073   146777   553463   146477   553583   146417   553733   146249   554207   145703   554417   145433   554699   145259   554753   145037   555119   144839   555287   144413   555683   144299   556007   143519   556763   143063   557027   142973   557057   142733   559277   345227   290963   681257
   681293   290669   557309   272549   427529   272093   427967   272009   428003   271967   428177   271703   428369   271517   428639   271163   429083   270659   429413   270539   429497   270443   429599   270329   429683   270287   429797   269987   430343   269579   430433   269519   430769   269183   430949   268637   431399   268493   431567   268403   431663   268199   431993   267863   432149   267803   267647   512543   142697   409337    18713
    18587   409349   142469   432287   335813   364313   335669   364373   335507   364883   335009   365129   334793   365369   334493   365627   334247   366077   333779   366269   333719   366293   333623   366467   333323   366983   332987   367277   332699   367559   332393   367733   332183   367889   331907   368117   331553   368729   331217   369023   330887   369353   330587   369647   330347   325217   391067   267719   557537   290657   681419
   681563   290489   557573   267593   369959   325187   374987   324977   375113   324773   375359   324593   375449   324497   375533   324437   375707   323879   376307   323537   376757   322877   377147   322709   377393   322463   377687   321983   378593   321323   378779   321077   378953   320843   379307   320687   379397   320339   379703   320219   379853   320027   379997   319817   385199   342659   330047   432413   142433   409517    18443
    18329   409817   142217   432437   329873   380327   232307   467897   232103   467927   231947   468113   231533   468527   231359   468683   231269   468899   231053   469037   230567   469613   230357   469793   229799   470243   229727   470303   229589   470453   229409   470663   229223   470867   228869   471209   228707   471389   228539   471749   228203   471893   228077   225149   595073   319679   370133   267569   557789   290189   681677
   681719   290183   557987   267557   370217   319673   472133    96779   603257    96443   603947    96017   604223    95747   604613    95279   604733    95219   604829    95009   605117    94613   605477    94463   605573    94397   605837    93923   606113    93683   606443    93557   606503    93479   606587    93263   606959    92957   607157    92753   607307    92669   608633   346553   227873   380333   329789   432449   142019   409823    18287
    18233   409967   141803   432527   329393   380417   227537   607349   212873   487427   212369   487709   212117   488009   211949   488513   211433   488603   211373   488687   211283   488759   211097   489179   210809   489407   210557   489479   210467   489659   210317   489743   210173   490019   209837   490367   209543   490859   209039   491129   208787   208337   630197    92657   472469   319589   370613   267479   558203   290039   681773
   682049   289889   558287   267419   370619   319547   472643    92489   491333   277547   422759   277217   423053   276833   423179   276707   423413   276503   423557   276389   423713   276257   423869   275999   424019   275969   424169   275783   424433   275459   424559   275339   424967   275003   425189   274709   425309   274583   425489   274457   274019   499649   208673   607517   227363   380459   329387   432587   141719   410117    17957
    17729   410243   141509   432989   329333   380837   227207   607619   208667   425603   261773   438419   261563   438989   260999   439133   260807   439253   260717   439463   260339   439799   259967   440177   259823   440339   259499   440849   258977   441179   258743   441443   258527   441557   258443   441569   257987   442139   257687   257177   532757   274403   491339    92387   472799   319169   370673   267017   558497   289763   682277
   682337   289727   558563   266957   370883   319127   472817    92237   491417   274223   442367   185477   514637   185363   514739   185183   514853   185057   515279   184649   515429   184487   515597   184133   515993   183797   516293   183683   516437   183389   516623   183317   516839   183059   516959   182933   517079   182789   517487   348527   257639   425783   208589   607769   227189   380879   329123   433049   141443   410279    17669
    17579   410687   141179   433073   328919   380909   227159   608273   208577   425903   257519   517367    60167   639857    59999   640049    59879   640259    59699   640589    59393   640649    59273   640847    59063   641093    58727   641327    58427   641639    58217   641813    58109   642197    57773   642419    57383   649457   341777   182639   442487   274103   491429    91733   472847   319097   371087   266933   558827   289319   682427
   682673   289103   559067   266927   371177   319049   472859    91703   491537   273929   442517   182603   642737   172673   527399   172553   527489   172373   527699   172097   528137   171707   528623   171299   528929   170957   529229   170369   530063   169919   530093   169823   530237   169709   530339   169493   535967   342899    57269   517403   257489   426077   208469   608303   227147   380957   328829   433079   140939   410903    17333
    17327   411167   140663   433319   328667   381323   226553   608423   208379   426233   257273   517457    57173   530549   234599   465419   234197   465917   234029   466247   233489   466649   232823   467297   232607   467507   232457   475877   224033   476183   223757   476369   223577   476477   223493   477809   339257   169457   642833   182549   442733   273773   491627    91583   473453   318683   371339   266687   559343   288839   682679
   683303   288773   559367   266633   371387   318629   473519    91577   491639   273719   442817   182537   642899   169409   476603   221069   479147   219983   480047   219839   480209   219707   480317   219677   480419   219503   480713   218963   481133   218849   481379   218417   482099   217793   493973   336827   223403   530597    57107   517469   257189   426287   208367   608429   226487   381377   328619   433373   140639   411233    16703
    16649   411479   140477   433673   328589   381533   226427   608609   208223   426353   256967   517553    57059   530693   223367   482309   151049   549503   150497   549533   150383   549683   150299   549719   150239   550139   149837   550289   149627   550427   149399   550757   149069   586679   312929   217697   476639   169313   642947   182453   443039   273653   491783    91397   473579   318473   371417   266333   559529   288527   683357
   683453   288389   559583   266159   371627   318377   473597    91163   491789   273617   443117   182417   643043   169199   476753   217619   550973    36269   663797    36137   664043    35897   664253    35603   664583    35393   664667    35327   664739    35159   665123    34739   673019   341303   149033   482387   223253   530807    56963   517589   256889   426389   208217   608843   226409   381629   328379   433847   140423   411617    16553
    16529   411779   140339   433877   328373   381659   226283   608987   208139   426737   256877   517619    56807   531143   223247   482507   148913   665303   130259   569927   129959   570113   129593   570419   129539   570497   129497   570587   129347   570719   129263   571973   348353    34703   551093   217499   476759   168863   643199   182387   443129   273269   491867    91019   473723   318347   371633   266129   559667   288227   683477
   683513   287939   559673   266117   371663   318299   473789    90863   491969   273233   443249   182129   643373   168803   477149   217409   551339    34499   570887   198347   501827   197963   502079   197759   502409   197507   502553   197159   502883   197033   195737   656783   129119   665507   148667   482597   222857   531203    56633   517877   256757   426773   208037   609143   226217   381707   328343   433889   140333   412067    16493
    16319   412073   140297   434249   328109   382037   226007   609173   207953   426893   256643   517949    56543   531263   222713   482687   137699   665549   128987   503003   195809   504527   195443   504593   195407   504617   195329   504929   195053   504983   349343   197003   571019    34457   562307   217319   477293   168743   643463   182057   443363   273113   492053    90833   473999   317969   371897   265757   559709   287933   683687
   683777   287873   559799   265739   371939   317903   474017    90647   492059   272933   443489   181757   643553   168719   477359   217253   562439    34403   571037   196799   505073   119429   580763   119087   581099   118673   581549   118409   584879   346139   194933   503207   128969   665603   137567   482753   222647   531287    56453   518249   256517   427073   207947   609359   225989   382103   328067   434267   140207   412133    16229
    16223   412157   140123   434297   328007   382229   225977   609407   207923   427079   256169   518387    56417   531863   222329   482837   137399   665723   128873   503267   194867   581663    12899   687317    12647   687437    12413   688889   348419   118343   505139   196739   571133    34283   562607   217169   477677   168143   643589   181619   443837   272927   492083    90599   474029   317777   371999   265709   559883   287849   683783
   683789   287813   560039   265703   372023   317453   474197    90473   492377   272903   443873   181409   643883   168029   477857   216617   562613    34259   571679   196709   505187   118277   687683   116639   583469   116483   621527   311897    12323   581729   194819   503297   128327   665747   137393   483389   222149   531977    56123   518597   256133   427103   207629   609533   225809   382553   327983   434303   139967   412193    16217
    16187   412457   139883   434387   327869   382643   225569   609599   207593   427247   256019   518729    56087   531983   222107   483773   137303   665789   128159   503423   194729   581753    12269   583619   190613   621833   237563   116387   687737   118253   505277   196583   571847    34217   562703   216233   477899   168023   643919   181277   443987   272759   492413    90407   474437   317363   372137   265619   560123   287549   683819
   683909   287387   560297   265547   372167   317279   474479    90263   492563   272603   444029   181199   644009   167729   477947   216179   563117    33863   571853   196523   505283   118163   687767   114419   396953   350003   303053   585587    12239   581843   194723   503483   128153   666143   136889   483827   222059   532277    55997   518807   255977   427403   207443   609743   225527   382727   327839   434459   139709   412619    16097
    16073   412949   139547   434813   327827   382847   225509   609779   207377   427439   255917   518813    55949   532373   222029   484067   136649   666233   127979   503819   194687   582017    11027   547229   462443    78173   509393   152777   688979   117989   505319   196187   572027    33773   563357   215939   477977   167633   644057   181193   444089   272567   492629    90227   474497   317159   372179   265193   560459   287057   683933
   683939   286973   560597   265157   372269   317123   474503    90203   492719   263399   444167   180779   644117   167627   478157   215927   563447    33569   572093   196043   505523   117329   686789   388109   116537   583523    78479   583367    13217   582677   194483   503963   127913   666437   136559   484079   221849   532379    55889   519227   255839   436607   207287   609803   225503   382883   327737   434849   139409   413033    16067
    15887   413243   139367   434927   327707   382919   225347   609809   207113   436739   255713   519257    55487   532523   221807   484283   136463   666527   127703   504143   505949   577529   351587    12689   687359    12569   687593    11117   687107   122477   194057   195863   572303    33479   563543   215723   478199   167483   644519   180749   444293   263267   492893    90197   474659   317087   372299   265079   560639   286763   684119
   684239   286589   560837   264899   372377   316937   474707    90017   493013   262853   444347   180647   644549   167267   478259   215399   563663    33359   572357   544937   192263   353867   119243   580919   118907   581333   118457   581597   115127   580577   507743   155069   127649   666647   136343   484607   221747   532739    55457   519359   255659   437153   206993   609989   225299   383069   327629   435107   139169   413417    15767
    15737   413537   139133   435179   327317   383099   225227   610157   206939   437273   255467   519383    55337   532919   221603   484613   136193   666857   575213   459803   350663   195479   504563   195413   504599   195389   504677   195077   504953   195023   504197   240203   124793    33149   563813   215393   478403   167087   644669   180623   444539   262733   493067    89849   474779   316907   372689   264827   560873   286469   684269
   684647   286427   560897   264749   372797   316859   474839    89819   493109   262649   444623   180497   644747   166973   478679   215279   564359    32993   121313    43223   198179   502043   197927   502247   197597   502499   197453   502847   197123   502973   504269   501659   578693   667013   135647   484727   221327   533033    55259   519509   255383   437357   206897   610187   225167   383147   327209   435257   139109   413579    15359
    15233   413807   139067   435263   327203   383153   225089   610409   206879   437363   255329   519587    55217   533303   221219   484733   135599   656153   351653   130079   570047   129893   570413   129587   570467   129509   570509   129419   570659   129287   570743   128033   569747    43853   564407   215273   478787   166703   644789   180419   444677   262643   493127    89597   474917   316853   372803   264743   560939   286199   684773
   684857   285953   561047   264443   373007   316703   474983    89567   493193   262313   444767   179939   644843   166679   478913   486797   523763   358703    36209   663869    35963   664109    35753   664403    35423   664613    35339   664679    35267   664847    34883   665267    26987   663737   176243   213209   221093   533327    55163   520067   255239   437693   206813   610439   225023   383303   326999   435563   138959   414053    15149
    15137   414179   138923   435569   326663   383429   224969   610619   206603   437753   255173   520103    55073   533363   219017   195527   387077   150503   549509   150473   549623   150323   549707   150287   549767   149867   550169   149717   550379   149579   550607   149249   550937   113327   548957   504479   480989   166643   644933   179903   444833   262253   493403    89387   475037   316577   373343   264437   561083   285827   684869
   684923   285539   561359   264359   373349   316373   475109    89303   493463   262187   444869   179813   645023   535697   457607   363179   220859   480023   219959   480167   219797   480299   219689   480329   219587   480503   219293   481043   218873   481157   218627   481589   217907   482213   206033   478937   242399   164309    54983   520193   255137   437819   206543   610703   224897   383633   326657   435647   138647   414467    15083
    15017   414629   138629   435653   326147   383813   224717   610733   206483   437867   255077   520313    54563   152189   360749   234587   465809   234089   465977   233759   466517   233357   467183   232709   467399   232499   467549   224129   475973   223823   476249   223637   476429   223529   476513   222197   465407   547817   645443   179693   444929   262139   493523    89273   475289   316193   373859   264353   561377   285377   684989
   685109   285227   561389   264167   373943   316097   475403    89189   493607   261977   444953   527789   633197   357107   172607   527453   172517   527633   172307   527909   171869   528299   171383   528707   171077   529049   170777   529637   169943   530087   169913   530183   169769   530297   169667   530513   164039   527333    66809   172217   255053   438029   206399   610817   224603   383909   326063   435839   138617   414779    14897
    14759   414893   138587   435893   325943   383969   224579   610919   206273   438047   456767   167099   358229    60149   640007    59957   640127    59747   640307    59417   640613    59357   640733    59159   640943    58913   641279    58679   641579    58367   641789    58193   641897    57809   642233    57587   642623    50549   639839   532907   243239   261959   493733    89087   475427   316037   374063   264113   561419   285113   685247
   685337   284897   561599   264083   374117   315977   475583    88937   493853   260849   420977   351479   185369   514643   185267   514823   185153   514949   184727   515357   184577   515519   184409   515873   184013   516209   183713   516323   183569   516617   183383   516689   183167   516947   183047   517073   182927   517217   182519   514529   279029   439157   206153   611069   224423   384029   325889   435923   138407   415109    14669
    14639   415187   138239   435947   325883   384107   224327   611189   494093   584279   167249   261587   438443   261017   439007   260873   439199   260753   439289   260543   439667   260207   440039   259829   440183   259667   440507   259157   441029   258827   441263   258563   441479   258449   441563   258437   442019   257867   442319   442829   438233   115727   205913    88817   475679   315899   374123   264059   561767   284819   685367
   685637   284489   561797   263909   374333   315893   475697   611483   480569   200357   277247   422789   276953   423173   276827   423299   276593   423503   276449   423617   276293   423749   276137   424007   275987   424037   275837   424223   275573   424547   275447   424667   275039   425003   274817   425297   274697   425423   274517   425549   425987   422459   219437    88523   224309   384113   325673   436097   138209   415517    14369
    14327   415523   138197   436157   325607   384203   476087    78893    69809   212579   487637   212297   487889   211997   488057   211493   488573   211403   488633   211319   488723   211247   488909   210827   489197   210599   489449   210527   489539   210347   489689   210263   489833   209987   490169   209639   490463   209147   490967   208877   491219   491669   487133   621113   223919   315803   374399   263849   561809   284483   685679
   685973   284447   561947   263723   374687   425819   463433   353453    96749   603563    96059   603989    95783   604259    95393   604727    95273   604787    95177   604997    94889   605393    94529   605543    94433   605609    94169   606083    93893   606323    93563   606449    93503   606527    93419   606743    93047   607049    92849   607253    92699   607337    91373   603227   236573   274187   325319   436283   138059   415559    14033
    13997   415577   137999   436439   376049   259019   104933   232109   467903   232079   468059   231893   468473   231479   468647   231323   468737   231107   468953   230969   469439   230393   469649   230213   470207   229763   470279   229703   470417   229553   470597   229343   470783   229139   471137   228797   471299   228617   471467   228257   471803   228113   471929   474857   467699   440987   323957   263567   562007   284429   686009
   686039   284057   562283   258119   357359   357347   325019   375029   324893   375233   324647   375413   324557   375509   324473   375569   324299   376127   323699   376469   323249   377129   322859   377297   322613   377543   322319   378023   321413   378683   321227   378929   321053   379163   320699   379319   320609   379667   320303   379787   320153   379979   320009   380189   314807   374819   342647   441887   137723   415949    13967
    13907   416147   562409   597209   308939   335693   364337   335633   364499   335123   364997   334877   365213   334637   365513   334379   365759   333929   366227   333737   366287   333713   366383   333539   366683   333023   367019   332729   367307   332447   367613   332273   367823   332117   368099   331889   368453   331277   368789   330983   369119   330653   369419   330359   369659   374789   364193   102797   137597   283859   686099
   686177   417293   124493   187463   272477   427913   272039   427997   272003   428039   271829   428303   271637   428489   271367   428843   270923   429347   270593   429467   270509   429563   270407   429677   270323   429719   270209   430019   269663   430427   269573   430487   269237   430823   269057   431369   268607   431513   268439   431603   268343   431807   268013   432143   267857   432203   432359   427457   575513   282713    13829
   686453   268643   354779   148457   551813   148157   551927   148073   552029   147827   552263   147689   552659   147299   552809   147107   552917   146933   553229   146543   553529   146423   553589   146273   553757   145799   554303   145589   554573   145307   554747   145253   554969   144887   555167   144719   555593   144323   555707   143999   556487   143243   556943   142979   557033   142949   557273   140729   551489   431363    13553
     1277   353783   297623   402503   297083   403037   296909   403163   296753   403499   296249   403877   296117   403979   295517   404693   295187   404969   294659   405497   294479   405659   294317   405827   294149   405947   293603   406499   293459   406649   293147   406883   293099   407489   292427   407639   292283   407783   292037   408137   291833   408263   291569   408497   291443   408713   291287   409007   290627   402299   698729
   353819    23789   676253    23747   676337    23633   676469    23417   676649    23327   676727    23087   676943    23039   676979    22859   677309    22619   677639    22349   677813    22079   678077    21803   678407    21569   678599    21347   678779    21017   679067    20879   679157    20543   679607    20297   679823    20177   679859    20123   680027    19793   680297    19553   680633    19013   681047    18917   681137    17747   675977
