   249749   450413   249533   450503   249449   450587   249329   450719   249107   450917   248909   451103   248609   451523   247997   452159   247613   452453   247409   452813   246899   453197   246713   453317   246209   453833   245897   454247   245753   454379   245183   454919   245039   454973   244787   455339   244493   455603   244379   455789   244157   456149   243839   456767   243197   457139   242729   457367   242603   460157   344207
   457553   168743   531287   168143   531977   168023   532277   167633   532379   167483   532739   167249   532907   167087   533033   166703   533327   166643   533549   166259   533837   166043   533993   165947   534173   165533   534923   164987   535169   164477   535697   164279   535757   164147   535967   163859   536273   163307   537413   162419   537743   162257   538049   161879   538199   161639   538553   161309   538739   346139   242453
   242447   539009    25307   674759    25169   674879    24977   675083    24809   675239    24659   675413    24413   675827    24083   675929    24029   676217    23753   676259    23669   676373    23537   676589    23357   676679    23279   676919    23063   676967    23027   677147    22697   677387    22367   677657    22193   677927    21929   678203    21599   678437    21407   678659    21227   678989    20939   679157   347957   160997   457559
   457607   160967   679127   142979   557033   142949   557273   142697   557537   142433   557789   142019   558203   141719   558497   141443   558827   140939   559277   140663   559367   140477   559583   140339   559673   140297   559799   140123   560039   139883   560297   139547   560597   139367   560837   139133   560897   139067   561047   138923   561359   138629   561389   138587   561599   138239   566567   342197    20879   539039   242399
   242309   539129    20543   561797   205103   494987   204887   495149   204557   495563   204437   495629   204359   495707   204233   495899   204059   495959   204023   496007   203843   496343   203579   496889   203057   497117   202667   497597   202403   497663   202277   497957   201953   498209   201449   498647   201203   499139   200723   499349   200609   499493   200483   499649   200153   501077   346043   138209   679463   160877   457697
   457913   160739   679607   138197   499943   195527   504527   195443   504593   195407   504617   195077   504953   195023   505073   194867   505187   194729   505283   194687   505523   194087   505949   194027   506147   193793   506327   193649   506537   193433   506843   193133   506963   193013   507029   192887   507329   192407   507743   192053   508037   191903   508223   191747   509909   346439   200063   561809    20399   539267   242093
   241979   539309    20297   561947   200033   508349   103979   596093   103889   596363   103583   596789   103079   596963   102953   597209   102653   597419   102533   597599   102329   597689   102203   597899   102077   598007   101957   598127   101627   598643   101279   598799   100937   599153   100733   599303   100493   599537   100403   599663   100313   600167    99767   607049   340859   191657   499973   138059   679709   160697   458027
   458123   160499   679823   137999   500153   191507   600293   329123   371087   328829   371339   328619   371417   328379   371633   328343   371897   328067   371999   327983   372137   327839   372179   327737   372299   327629   372689   327209   372803   326999   373343   326657   373859   326063   374063   325889   374123   325673   374399   325319   374789   325187   325019   397493    99713   508499   199853   562007    20183   539507   241883
   241817   539633    20177   562283   199673   508559    99689   375029    85829   614387    85523   614693    85247   615137    84737   615473    84509   615539    84449   615599    84389   615743    84239   615827    84137   616073    83903   616229    83717   616367    83597   616529    83459   616589    83219   616799    83177   616943    83009   617249    82619   617657   347513   324977   600317   191447   500333   137723   679829   160373   458189
   458327   160367   679859   137699   500369   191297   600659   324893   617447   149579   550607   149249   550937   149033   551093   148667   551489   148193   551849   148079   551933   147977   552179   147743   552317   147347   552707   147197   552899   147089   553073   146777   553463   146477   553583   146417   553733   146249   554207   145703   555707   346547    82559   375113    99347   508709   199637   562307    20147   539639   241679
   241643   539663    20123   562409   199523   508817    99317   375233    82469   554417   129893   570413   129587   570467   129509   570509   129419   570659   129287   570743   128987   571037   128873   571679   128159   571853   128033   572027   127913   572303   127649   572399   127583   572519   127373   572843   127139   572903   127079   573179   348077   145589   617537   324773   600689   191189   500483   137597   679883   160343   458363
   458543   160319   680027   137567   500519   191033   600833   324647   617699   145433   572969    58367   641789    58193   641897    57809   642233    57587   642623    57269   642833    57107   642947    56963   643199    56633   643463    56453   643589    56123   643919    55997   644057    55889   644519    55457   644669    55259   649457   343787   127037   554573    82307   375359    99173   508973   199487   562439    19979   539687   241463
   241343   539837    19793   562607   199403   509027    99149   375413    82163   554699   126743   644789   287873   412157   287813   412457   287387   412949   286973   413243   286589   413537   286427   413807   285953   414179   285539   414629   285227   414893   284897   415187   284489   415523   284447   415577   284057   416399   347873    55217   573263   145307   617843   324593   600857   190979   500603   137399   680213   160169   458663
   458669   160163   680297   137393   500693   190709   600983   324557   618053   145259   573647    55163   416147    45497   654593    45377   654743    45179   654923    44963   655229    44633   655649    44279   655757    44159   655883    43943   656153    43577   656519    43403   656609    43319   656783    43067   664109   341729   283859   644843   126359   554747    81953   375449    99023   509297   199313   562613    19709   539843   241337
   241259   540149    19553   562703   199049   509393    98963   375509    81749   554753   126143   644933   283763   656993   105107   595073   104849   595247   104729   595313   104459   595613   104297   596009    95273   604787    95177   604997    94889   605393    94529   605543    94433   605609    94169   607517   347057    43013   416243    55073   573863   145253   618257   324497   601043   190613   500957   137303   680453   159857   458747
   458879   159839   680633   136889   501029   190577   601067   324473   618269   145037   573899    54983   416543    42989   606083    91577   608609    91373   608843    91019   609143    90833   609359    90599   609533    90407   609743    90227   609803    90197   609989    89849   610187    89597   610733   348443    93923   657017   283463   645023   126107   554969    81737   375533    98939   509429   198977   563117    19373   540167   241127
   241049   540173    19013   563357   198833   509477    98927   375569    81677   555119   125897   645137   283133   657233    93893   610619    26987   673157    26813   673223    26759   673313    26393   673619    26357   673667    26237   673817    25889   674159    25733   674363    25523   685679   338369    89387   606113    42773   416873    54869   574109   144887   618329   324437   601079   190529   501173   136649   680993   159833   458957
   458993   159773   681047   136559   501287   190403   601379   324299   618377   144839   574289    54773   417089    42683   606323    89303   674537   262187   437867   261977   438047   261773   438419   261563   438989   260999   439133   260849   439199   260753   439289   260543   258827   529637    25469   610703    93683   657323   282917   645233   125717   555167    81629   375707    98627   509603   198719   563447    18959   540233   241013
   240959   540269    18917   563543   198689   509693    98519   376049    81569   555287   125639   645383   282833   657473    93563   610817    16073   439667    11273   688763    11117   688979    10973   689267    10613   689693    10139   689873    10103   690119     9629   693317   346187   260339   683933    89189   606443    42533   417173    54623   574367   144719   618437   323957   601487   190313   501317   136463   681089   159737   459047
   459113   159629   681137   136343   501383   190283   601883   323879   618707   144413   574619    54563   417239    42509   606449    89087   683939   260207   690419    68993   631187    68777   631307    68597   631529    68447   631859    67883   632153    67733   650987   330587     9587   439799    16067   610919    93557   657497   282767   645443   125387   555593    81299   376127    98123   509723   198623   563663    18869   540377   240893
   240797   540383    18839   563813   198503   510077    98057   376307    81173   555683   125339   645467   282713   657539    93503   611069    15887   440039     9539   632297    66629   633473    66509   633623    66377   633767    66173   633923    65993   636533   347033    67709   690467   259967   684119    88937   606503    42467   417293    54539   574667   144323   618833   323699   601949   189929   501503   136193   681167   159623   459209
   459383   159617   681257   135647   501593   189437   602033   323537   618929   143999   574703    54503   417617    42299   606527    88817   684269   259829   690509    67679   634079     2549   697583     2333   697733     2129   697937     2039   699197   348527    65927   632327     9497   440177    15737   611189    93479   657707   282389   645503   125303   556007    81077   376469    97973   510569   198413   564359    18749   540389   240623
   240257   540437    18713   564407   198347   510617    97967   376757    80819   556487   125207   645629   282383   657779    93419   611207    15359   440183     9473   632447    65837   697979   232607   467507   232457   467699   232109   230213   587429     2027   634169    67559   690533   259823   684647    88799   606587    42227   417623    54377   574799   143519   619187   323249   602039   189389   501659   135599   681293   159569   459749
   459803   159407   681419   135389   501827   189239   602087   322877   619967   143243   574913    54323   417719    42197   606743    88793   684773   259667   690629    67547   634307     1823   467903      719   699323      569   699617   349787   232103   698183    65699   632459     9377   440339    15233   611213    93263   657809   282287   645683   125093   556763    80039   377129    97919   510767   198179   564617    18587   540599   240203
   239933   540713    18443   564653   197963   510989    97673   377147    79973   556943   124979   645713   282167   657827    93047   611459    15149   440507     9137   632483    65633   698273   232079   699443    62507   638459   349043      563   467927     1733   634373    67523   690869   259499   684857    88547   606959    42179   417839    54293   575027   143063   620033   322859   602333   189017   502043   135353   681563   159293   460073
   460127   159233   681677   135209   502079   188843   602453   322709   620099   132347   575087    54269   417863    42023   607157    88523   684869   259157   691037    67307   634397     1709   468059   354677   636539   350003    63467   345329   231947   698297    65609   632699     8969   440849    15137   611483    92849   657983   282143   645737   124919   567659    79907   377297    97553   511163   197927   564797    18329   540773   239879
   239633   540779    18287   564917   197759   511487    97463   377393    79889   567719   124853   645839   282059   658079    92753   611543    15083   440987     8807   632717    65357   698339   468113   344957   350963    61547   637499   355049   231893     1667   634649    67289   691199   259019   684923    88463   607253    41927   417947    54167   575153   132287   620117   322613   602543   188519   502247   135089   681719   159227   460373
   460409   159017   681773   135017   502409   188483   602627   322463   620159   132059   575213    53993   417953    41879   607307    88169   684989   258977   691337    66809   634679      479   468683   350219      683   699437      389   699287   231323   699527    65327   633197     8669   441029    15017   611837    92699   658127   282053   646013   124793   567947    79847   377543    97379   511523   197597   564989    18233   540989   239597
   239543   541097    17957   565517   197507   511703    97367   377687    79823   568097   124703   646067   281933   658247    92669   611927    14897   441263     8663   633209   635849   697397   112577   232499   467549   232307   467897   469793   467399     2609    64157    66797   691343   258743   685109    88079   607337    41759   418073    53939   575303   131909   620183   322319   602639   188303   502499   134489   682049   158909   460463
   460589   158657   682259   134417   502553   188249   602999   321983   620237   131639   575429    53849   418079    41729   607349    88037   685247   258563   691409    66749    60293   351479     2423   697673     2273   697877     2069   697967      809   697457   639713   633257     8597   441443    14759   611969    92657   658277   281927   646157   124577   568367    79769   378023    97007   511757   197453   565589    17747   541349   239417
   239387   541439    17729   565637   197159   511859    96959   378593    79613   568643   124493   646193   281849   658319    92387   611999    14669   441479   693437   612383   352973    66533   633497    66383   633629    66239   633833    66083   634013    63473   633377    87623     6569   258527   685337    88007   607619    41687   418157    53813   575513   131363   620393   321413   603047   188147   502847   134369   682277   158567   460619
   460673   158537   682337   134339   502883   187469   603149   321323   620579   131297   575573    53699   418169    41627   607769    87869   685367   444767      557   369419    68819   631229    68699   631409    68477   631559    68147   632123    67853   632273    49019   631013   699449   255239    14639   612137    92237   658379   281837   646307   124433   568709    79427   378683    96857   512537   197123   565667    17669   541469   239333
   239297   541577    17579   565787   197033   512543    96797   378779    79367   568877   124427   646397   281807   658403    91733   612173   350087   432203   353819    11243   688889    11027   689033    10739   689393    10313   689867    10133   689903     9887   690377     6689   688733   267803   349919    87833   608273    41603   418199    53609   575579   131129   620639   321227   603209   187463   502973   134219   682427   158429   460709
   460919   158393   682673   134213   503003   187433   603227   321077   620657   130817   575669    53147   418259    41519   608303   621869   336239   170369   262139   438029   261959   438233   261587   438443   261017   439007   260873   439157   260807   439253   260717   439463   441179   437819   363767    78137    91703   658487   281747   646859   124337   569189    79349   378929    96779   512573   197003   565793    17333   541613   239087
   239069   541763    17327   565919   196799   512597    96749   378953    79229   569237   124139   646889   281717   658607   610439    73643   361637    26849   673193    26783   673247    26693   673613    26387   673649    26339   673769    26189   674117    25847   674273    25643   674483    14327   673019   626363    89567    41399   418289    53117   575867   130769   620777   321053   603257   187409   503207   134087   682679   158243   460937
   460979   158189   683303   134033   503267   187349   603563   320843   620813   130589   576119    53093   418337   660119    74597   351563    91397   608633    91163   608987    90863   609173    90647   609407    90473   609599    90263   609779    90203   609809    90017   610157    89819   610409    89273   608429   625409    39887   281669   646913   123887   569417    79193   379163    96443   512657   196739   565973    16703   541817   239027
   238859   542117    16649   566057   196709   512843    96059   379307    78989   569663   123803   646937   419777    28229   352949   104933   595157   104759   595277   104693   595547   104393   595709   103997   604733    95219   604829    95009   605117    94613   605477    94463   605573    94397   605837    92489   594899   671777   280229    53069   576203   130343   621017   320699   603947   187163   503297   133949   683357   157889   461147
   461297   157823   683453   133733   503423   186959   603989   320687   621029   130259   576287   647033   272927   358277    45413   654629    45263   654827    45083   655043    44777   655373    44357   655727    44249   655847    44123   656063    43853   656429    43487   656603    43397   656687    43223   656939    35897   654509   427079    52973   123719   569747    78977   379319    96017   513047   196583   566273    16553   542183   238709
   238673   542207    16529   566723   196523   513059    95783   379397    78893   569927   581597    42737   352133   287849   412193   287549   412619   287057   413033   286763   413417   286469   413579   286199   414053   285827   414467   285377   414779   285113   415109   284819   415517   284483   415559   284429   415949   283607   412133   657269   118409   130079   621113   320609   604223   186947   503483   133283   683477   157799   461333
   461507   157769   683513   132953   503819   186869   604259   320339   621227   570047   111893   356219    58217   641813    58109   642197    57773   642419    57383   642737    57173   642899    57059   643043    56807   643373    56543   643553    56417   643883    56087   644009    55949   644117    55487   644549    55337   644747    50549   641639   588113   129959    78779   379667    95747   513137   196187   567053    16493   542237   238499
   238397   542447    16319   567059   196043   513353    95393   379703   622073   120233   351929   129593   570419   129539   570497   129497   570587   129347   570719   129263   571019   128969   571133   128327   571847   128153   571973   127979   572093   127703   572357   127607   572423   127487   572633   127163   572867   127103   572927   126827   570113   579773    77933   320303   604613   186653   503963   132947   683687   157559   461609
   461693   157523   683777   132863   504143   186587   604727   319547    70067   353459   149399   550757   149069   550973   148913   551339   148517   551813   148157   551927   148073   552029   147827   552263   147689   552659   147299   552809   147107   552917   146933   553229   146543   553529   146423   553589   146273   553757   145799   554303   144299   550427   629939   380459    95279   513419   195863   567143    16229   542483   238313
   238163   542579    16223   567257   195809   513767   608423   421517   352493    85619   614483    85313   614759    84869   615269    84533   615497    84467   615557    84407   615617    84263   615767    84179   615869    83933   616103    83777   616289    83639   616409    83477   616547    83417   616787    83207   616829    83063   616997    82757   617387    82349   614177   278489    91583   186239   504197   132749   683783   157427   461843
   462149   157259   683789   132623   504269   517217    75527   302513   328919   371177   328667   371387   328589   371627   328373   371663   328109   371939   328007   372023   327869   372167   327827   372269   327707   372377   327317   372797   327203   373007   326663   373349   326147   373943   325943   374117   325883   374333   325607   374687   325217   374819   374987   370883   624479   182789   195737   567383    16217   542747   237857
   237767   542873    16187   567569   195329   172877   359147   103913   596117   103643   596423   103217   596927   103043   597053   102797   597353   102587   597473   102407   597677   102317   597803   102107   597929   101999   598049   101879   598379   101363   598727   101207   599069   100853   599273   100703   599513   100469   599603   100343   599693    99839   600239    92957   596027   527129   504677   132437   683819   157133   462239
   462443   157019   683909   570887   493733   353567   195479   504563   195413   504599   195389   504929   195053   504983   194933   505139   194819   505277   194723   505319   194483   505919   194057   505979   193859   506213   193679   506357   193469   506573   193163   506873   193043   506993   192977   507119   192677   507599   192263   507953   191969   508103   191783   508259   190097   504479   206273   129119    16097   542987   237563
   237287   542999   684239   113417   353963   205019   495119   204857   495449   204443   495569   204377   495647   204299   495773   204107   495947   204047   495983   203999   496163   203663   496427   203117   496949   202889   497339   202409   497603   202343   497729   202049   498053   201797   498557   201359   498803   200867   499283   200657   499397   200513   499523   200357   499853   198929   494903   586589    15767   157007   462719
   462773   551549     6653   357809   142973   557057   142733   557309   142469   557573   142217   557987   141803   558287   141509   558563   141179   559067   140729   559343   140639   559529   140423   559667   140333   559709   140207   559883   139967   560123   139709   560459   139409   560639   139169   560873   139109   560939   138959   561083   138647   561377   138617   561419   138407   561767   133439   557027   693353   148457   237233
   235877   134669   352049    25247   674837    25127   675029    24923   675197    24767   675347    24593   675593    24179   675923    24077   675977    23789   676253    23747   676337    23633   676469    23417   676649    23327   676727    23087   676943    23039   676979    22859   677309    22619   677639    22349   677813    22079   678077    21803   678407    21569   678599    21347   678779    21017   679067    20849   674699   565337   464129
   448397   353867   168719   531863   168029   531983   167729   532373   167627   532523   167267   532757   167099   532919   166973   533303   166679   533363   166457   533747   166169   533963   166013   534059   165833   534473   165083   535019   164837   535529   164309   535727   164249   535859   164039   536147   163733   536699   162593   537587   162263   537749   161957   538127   161807   538367   161453   538697   161267   531263   251609
   355799   249593   450473   249503   450557   249419   450677   249287   450899   249089   451097   248903   451397   248483   452009   247847   452393   247553   452597   247193   453107   246809   453293   246689   453797   246173   454109   245759   454253   245627   454823   245087   454967   245033   455219   244667   455513   244403   455627   244217   455849   243857   456167   243239   456809   242867   457277   242639   457403   239849   450257
