   245033   455219   244667   455513   244403   455627   244217   455849   243857   456167   243239   456809   242867   457277   242639   457403   242453   457559   242399   457697   242093   458027   241883   458189   241679   458363   241463   458663   241337   458747   241127   458957   241013   459047   240893   459209   240623   459749   240203   460073   239879   460157   239633   460409   239543   460589   239387   460673   239297   461297   347057
   460919   163859   536273   163307   537413   162419   537743   162257   538049   161879   538199   161639   538553   161309   538739   160997   539039   160877   539267   160697   539507   160373   539639   160343   539687   160169   539843   159857   540167   159833   540233   159737   540377   159623   540389   159569   540599   159293   540773   159227   540989   158909   541349   158567   541469   158429   541613   158243   547097   341729   239087
   239069   541817    22349   677813    22079   678077    21803   678407    21569   678599    21347   678779    21017   679067    20879   679157    20543   679607    20297   679823    20177   679859    20123   680027    19793   680297    19553   680633    19013   681047    18917   681137    18839   681257    18713   681419    18443   681677    18287   681773    17957   682259    17729   682337    17579   682673    17327   684857   345227   158189   460937
   460979   157889   683303   139109   560939   138959   561083   138647   561377   138617   561419   138407   561767   138209   561809   138059   562007   137723   562307   137597   562439   137399   562613   137303   563117   136649   563447   136463   563663   136193   564359   135599   564617   135353   564797   135089   564989   134669   565517   134417   565637   134339   565787   134213   565919   134033   567257   346223    16703   542117   239027
   238859   542183    16649   566057   201203   499139   200723   499349   200609   499493   200483   499649   200153   499943   200033   500153   199673   500369   199523   500519   199403   500693   199049   501029   198929   501173   198719   501317   198623   501503   198413   501659   198179   502043   197927   502247   197597   502499   197453   502847   197123   502973   197003   503207   196739   509429   341339   133949   683357   157823   461147
   461333   157799   683453   133733   503297   192887   507329   192407   507743   192053   508037   191903   508223   191747   508349   191507   508559   191297   508817   191033   509027   190709   509393   190529   509603   190313   509723   190097   510077   189437   510767   189017   511163   188519   511523   188303   511757   188147   512537   187463   512573   187409   512657   187163   514187   346139   196709   566273    16553   542207   238673
   238499   542237    16529   566567   196583   513047   100403   599663   100313   600167    99767   600293    99689   600659    99317   600833    99149   600983    98963   601067    98927   601379    98519   601883    98057   602033    97967   602087    97673   602453    97463   602627    97367   602999    96959   603149    96797   603227    96749   603563    96059   603989    95783   605393   345749   186959   503423   133439   683477   157769   461507
   461609   157559   683513   133283   503483   186947   604259   325607   374687   325217   374819   325019   375029   324893   375233   324647   375413   324557   375509   324473   375569   324299   376049   323879   376307   323537   376757   322877   377147   322709   377393   322463   377687   321983   378593   321323   378779   321077   378953   320843   379307   320687   317453   409337    95747   513059   196523   566723    16493   542447   238397
   238313   542483    16319   567053   196187   513137    95393   379397    82619   617447    82469   617657    82307   617843    81953   618257    81737   618329    81629   618437    81299   618833    81077   619187    80039   620033    79907   620117    79847   620183    79769   620393    79427   620639    79349   620777    79193   621017    78977   621113    78779   625103   344363   320609   604613   186869   503819   132953   683687   157523   461693
   461843   157427   683777   132947   503963   186653   604727   320339   621353   145433   554699   145259   554753   145037   555119   144839   555287   144413   555683   144299   556007   143519   556763   143063   557027   142973   557057   142733   557309   142469   557573   142217   557987   141803   558287   141509   558563   141179   559067   140729   559367   348077    78653   379667    95279   513353   196043   567059    16229   542579   238163
   237857   542747    16223   567143   195863   513419    95273   379703    78479   559343   127037   573179   126743   573647   126143   573899   125897   574289   125639   574619   125339   574703   125207   574913   124979   575087   124853   575213   124577   575513   124433   575579   124337   575867   123887   576203   123719   576299   123323   577937   347033   140663   621527   320303   604733   186587   504143   132863   683783   157259   462149
   462239   157133   683789   132623   504197   186239   604787   320219   621833   140477   577043    54869   645233    54623   645443    54539   645503    54377   645683    54293   645737    54167   646013    53939   646157    53813   646307    53609   646859    53117   646913    53069   647033    52967   647069    52889   647147    52817   647693   348209   122963   559529    78173   379787    95219   513767   195809   567383    16217   542873   237767
   237563   542987    16187   567569   195737   513899    95177   379853    78137   559583   122939   647333   282833   417239   282713   417617   282383   417719   282167   417863   282059   417953   281933   418079   281849   418169   281807   418259   281717   418337   281663   418427   281339   418709   281243   418799   281117   279329   488759    52673   577067   140423   621869   320153   604829   186107   504269   132437   683819   157019   462443
   462719   157007   683909   132347   504479   185993   604997   320027   622073   140339   577397    52553   419057    42227   657809    42179   657983    41927   658127    41759   658277    41687   658379    41603   658487    41399   658649    41189   659159    40829   659423    40493   659723    40163   660053    39887   660137   348527   280949   647453   122609   559667    77933   379979    95009   514013   195527   567659    16097   542999   237287
   237233   543287    16073   567719   195479   514049    94889   379997    77849   559673   122579   647477   280859   660167   101879   598379   101363   598727   101207   599069   100853   599273   100703   599513   100469   608429    91397   608633    91019   609143    90833   609359    90473   609599    90263   610817   338669    39839   419147    52529   577427   140333   622157   320009   605117   185957   504527   132287   683933   156719   462773
   462827   156707   683939   132059   504563   185903   605477   319817   622493   140297   577517    52517   419189    39779   609779    88169   611927    88037   611999    87869   612173    87743   612377    87623   612713    87083   613013    86843   613169    86753   613427    86399   613637    86243   615767   347099    90227   660227   280817   647489   122489   559709    77513   380189    94529   514103   195443   567947    16067   543299   237179
   237143   543383    15887   568097   195413   514313    94463   380327    77477   559799   122477   647627   280703   660347    90203   613889    24077   675977    23789   676253    23747   676337    23633   676589    23357   676679    23279   676919    23063   676967    23027   677147    22697   687107   339413    86117   609803    39659   419303    52379   577529   140207   622529   319679   605543   185693   504593   131909   684119   156623   462863
   462953   156467   684239   131639   504599   185483   605573   319673   622637   140123   577613    52259   419417    39503   609809    85853   677387   258449   441563   258437   441887   257987   442139   257687   442367   257519   442517   257273   442817   257177   443039   256889   444347   347957    22619   614153    90197   660503   280589   647747   122393   559883    77369   380333    94433   514523   195407   568367    15767   543539   237053
   236723   543659    15737   568643   195389   514529    94397   380417    77213   560039   122267   647753   280583   660563    90017   614177    22367   443129     8009   692249     7673   692399     7583   692459     7253   692927     7043   693089     6869   693149     6827   693689   348827   256877   677639    85829   609989    39443   419423    52253   577739   139967   622793   319589   605609   185477   504617   131363   684269   156347   463283
   463433   156119   684647   131297   504677   185369   605837   319547   623003   139883   577799    52223   419459    39323   610157    85619   687317   256757   693317    66173   633923    65993   634079    65837   634307    65633   634397    65357   634679    65213   641789   342659     6689   443249    12689   614387    89849   660683   280547   647783   122207   560123    77003   380459    94169   514637   195329   568709    15359   543887   236573
   236549   544223    15233   568877   195077   514643    93923   380837    76949   560297   122027   648029   280409   660887    89819   614483    12647   443363     6653   634859    64157   635939    64037   636263    63719   636359    63599   636473    63473   651767   334247    65147   693353   256643   687359    85523   610187    39119   419597    51977   577979   139709   623057   319169   606083   185363   504929   131129   684773   155783   463457
   463787   155747   684869   130817   504953   185267   606113   319127   623327   139547   578117    51899   419753    39113   610409    85313   687437   256517   693437    65063   636539      389   699767       59   699953        5   350039   349919   350453   699443    63467   634943     6569   443489    12569   614693    89597   660893   280253   648107   121889   560459    76679   380879    93893   514739   195053   569189    15137   544259   236219
   236087   544919    15083   569237   195023   514823    93683   380909    76289   560597   121697   648239   280229   660899    89567   614759    12413   443837     6473   634979    63353   350093   229409   470663   229223   470867   228869   474437   346553   349913   636653    65027   693533   256169   687593    85247   610439    39107   419777    51767   578309   139409   623717   319097   606323   185183   504983   130769   684923   155087   463919
   464129   155069   684989   130589   505073   185153   606443   319049   623723   139367   578399    51749   420029    39089   610619    84869   687683   256133   693677    65003   636809   349793   471209   346259   353819   346043   340877   363017   228797   350213    63197   635003     6329   443873    12323   615137    89387   660917   279977   648257   121607   560639    76283   380957    93563   514853   194933   569417    15017   544937   235877
   235793   544979    14897   569663   194867   514949    93557   381323    75797   560837   121553   648293   279857   660983    89303   615269    12269   443987     6323   635087    62939   350219   228707   354317    59417   688889   301703   345689   471299   349787   637067    64919   693683   256019   687737    84737   610703    39023   420149    51713   578453   139169   624209   318683   606449   185057   505139   130343   685109   155027   464213
   464327   154943   685247   130259   505187   184727   606503   318629   624233   139133   578483    51329   420317    38903   610733    84533   687767   255977   693743    64667   637079   349343   471389   341777   592289   350003   107717   358229   228617   350663    62927   635339     6263   444029    12239   615473    89273   661103   279689   648677   121523   560873    75773   381377    93503   515279   194819   569747    14759   545063   235679
   235559   545387    14669   569927   194729   515357    93479   381533    75659   571973   121469   648719   279413   661139    89087   615497    12227   444089     6197   635507    62723   351563   227207   370673   398303    11117   640589   329333   472799   348443   637283    64499   693809   255917   687779    84509   610919    38867   420593    51287   578537   128033   624347   318473   606527   184649   505277   130079   685337   154619   464447
   464483   154523   685367   129959   505283   184577   606587   318377   624467   127979   578603    51203   420599    38747   611069    84467   687809   255839   694019    64439   637319   698507   468647   336989   346187   353963   359129   353747   231359     1499    62687   635567     5987   444167    12197   615539    88937   661259   279407   648803   121403   572027    75539   381629    93419   515429   194723   570047    14639   545483   235523
   235307   545759    14369   570113   194687   515519    93263   381659    75527   572093   121313   649157   279269   661439    88817   615557    12113   444293     5927   635603   638999   699557   353453   229343   470783   229139   471137   225569   470597      449    61007    64403   694079   255713   687893    84449   611189    38567   420737    50849   578693   127913   624479   318347   606743   184487   505319   129893   685637   154247   464699
   464963   154073   685679   129593   505523   184409   606959   318299   624599   127703   578777    50789   420803    38459   611207    84407   688067   255467   694193   636149    44357      563      239   699947       53   700001   349967   350087   349553   699617   655649    63857     5813   444539    11939   615599    88799   661547   279203   649217   121229   572303    75407   381707    93047   515597   194483   570413    14327   545933   235043
   235013   545939    14033   570419   194087   515873    92957   382037    75323   572357   121007   649283   279029   661553    88793   615617    11933   444623   694349    55163   365759    64067   635969    63743   636287    63647   636407    63533   636533    48239   635849   644843     5657   255383   688073    84389   611213    38453   420977    50723   578999   127649   624683   317969   607049   184133   505919   129587   685973   154067   464993
   464999   153953   686009   129539   505949   184013   607157   317903   624737   127607   579107    50627   421103    38393   611459    84263   688097   444869     2549   357347    66083   634013    65927   634169    65699   634373    65609   634649    65327   634793    58217   633833   697457   255137    11909   615743    88547   661613   278903   649379   120899   572399    75269   382103    92849   515993   194057   570467    13997   546053   235007
   234917   546263    13967   570497   194027   516209    92753   382229    75209   572423   120767   649457   278843   661673    88523   615827     7907   250673   351179     7757   692333     7607   692423     7547   692753     7079   692963     6917   693137     6857   693179     6317   691997   449333   692099    84179   611483    38333   421163    50549   579239   127583   624797   317777   607253   183797   505979   129509   686039   153743   465089
   465173   153689   686099   129497   506147   183713   607307   317363   624839   127487   579503    50387   421397    38327   611543   631529   669947   352049   258443   441569   258119   442019   257867   442319   257639   442487   257489   442733   257189   442829   256967   443117   255659   441557    30059    68477    88463   661679   278609   649619   120503   572519    75167   382643    92699   516293   193859   570509    13907   546317   234833
   234713   546569    13829   570587   193793   516323    92669   382727    75029   572633   120473   649643   278489   661769   612497    63059   360593    24029   676217    23753   676259    23669   676373    23417   676649    23327   676727    23087   676943    23039   676979    22859   677309    12899   675929   636947    87509    38237   421517    50363   579533   127373   624977   317279   607337   183683   506213   129419   686177   153437   465293
   465407   153407   686453   129347   506327   183569   607349   317159   625109   127163   579707    50207   421643   671777    63443   352907    88079   611969    88007   612137    87833   612263    87629   612383    87293   612923    86993   613163    86837   613253    86579   613607    86369   613763    84239   611837   636563    28229   278363   649799   120299   572843    74897   382847    92657   516437   193679   570659    13553   546599   234599
   234587   546719    13487   570719   193649   516617    92489   382883    74873   572867   120293   649829   425309    23537   361337   101627   598643   101279   598799   100937   599153   100733   599303   100493   599537    91577   608609    91373   608987    90863   609173    90647   609533    90407   609743    89189   598127   676469   274697    50177   579713   127139   625133   317123   607517   183389   506357   129287   686519   153287   465419
   465809   153137   686639   129263   506537   183383   607619   317087   625307   127103   579773   649877   410243   351479    42197   657827    42023   658079    41879   658247    41729   658319    41627   658403    41519   658607    41357   658817    40847   659177    40583   659513    40283   659843    39953   660119    39869   657779   289763    50129   120233   572903    74699   382919    92387   516623   193469   570743    13367   546869   234197
   234089   546893    13337   570887   193433   516689    92237   383069    74687   572927   582887    44963   211247   282767   417293   282389   417623   282287   417839   282143   417947   282053   418073   281927   418157   281837   418199   281747   418289   281669   418343   281579   418667   281297   418763   281207   418889   420677   417173   655043   117119   127079   625319   316937   607769   183317   506573   129119   686669   153113   465917
   465977   153059   686789   128987   506843   183167   608273   316907   625397   590489   108497   351797    54773   645383    54563   645467    54503   645629    54323   645713    54269   645839    53993   646067    53849   646193    53699   646397    53147   646889    53093   646937    52973   647039    52937   647117    52859   647189    52313   645137   591509   109517    74609   383099    91733   516839   193163   571019    13217   546947   234029
   233759   547223    13163   571037   193133   516947    91703   383147   628217    90599   352973   126827   573263   126359   573863   126107   574109   125717   574367   125387   574667   125303   574799   125093   575027   124919   575153   124793   575429   124493   575573   124427   575669   124139   576119   123803   576287   123707   576683   122069   572969   609407    71789   316859   608303   183059   506873   128969   686843   152783   466247
   466517   152777   686879   128873   506963   183047   608423   316703    59999   351929   145307   554747   145253   554969   144887   555167   144719   555593   144323   555707   143999   556487   143243   556943   142979   557033   142949   557273   142697   557537   142433   557789   142019   558203   141719   558497   141443   558827   140939   559277   140639   554573   640007   383303    91583   516959   193043   571133    13127   547229   233489
   233357   547487    13109   571679   193013   517073    91163   435563   355643    82559   617537    82349   617699    82163   618053    81749   618269    81677   618377    81569   618707    81173   618929    80819   619967    79973   620099    79889   620159    79823   620237    79613   620579    79367   620657    79229   620813    78989   621029    78893   621227    74903   617387   264443   608843   182933   506993   128327   686897   152519   466649
   467183   152429   686963   128159   507029   520313   597599   290669   325319   374789   325187   374987   324977   375113   324773   375359   324593   375449   324497   375533   324437   375707   323957   376127   323699   376469   323249   377129   322859   377297   322613   377543   322319   378023   321413   378683   321227   378929   321053   379163   320699   379319   382553   374399   102407   179693   192977   571847    13043   547577   232823
   232709   547583    13037   571853   189389   168029   354257   100343   599693    99839   600239    99713   600317    99347   600689    99173   600857    99023   601043    98939   601079    98627   601487    98123   601949    97973   602039    97919   602333    97553   602543    97379   602639    97007   603047    96857   603209    96779   603257    96443   603947    96017   604223    94613   599603   531977   510617   128153   686969   152423   467297
   467399   152363   687023   575303   495629   353867   192677   507599   192263   507953   191969   508103   191783   508259   191657   508499   191447   508709   191189   508973   190979   509297   190613   509477   190403   509693   190283   509909   189929   510569   189239   510989   188843   511487   188483   511703   188249   511859   187469   512543   187433   512597   187349   512843   185819   507119   204377   124703    12983   547643   232607
   232499   547709    12923   112787   358667   200867   499283   200657   499397   200513   499523   200357   499853   200063   499973   199853   500333   199637   500483   199487   500603   199313   500957   198977   501077   198833   501287   198689   501383   198503   501593   198347   501827   197963   502079   197759   502409   197507   502553   197159   502883   197033   503003   196799   503267   190577   498803   587219   687083   152297   467507
   467549   152003   674699   353783   139067   561047   138923   561359   138629   561389   138587   561599   138239   561797   138197   561947   137999   562283   137699   562409   137567   562607   137393   562703   136889   563357   136559   563543   136343   563813   135647   564407   135389   564653   135209   564917   135017   565337   134489   565589   134369   565667   134219   565793   134087   565973   132749   560897    25307   548003   232457
   472859   530297   354779    22193   677927    21929   678203    21599   678437    21407   678659    21227   678989    20939   679127    20849   679463    20399   679709    20183   679829    20147   679883    19979   680213    19709   680453    19373   680993    18959   681089    18869   681167    18749   681293    18587   681563    18329   681719    18233   682049    17747   682277    17669   682427    17333   682679    15149   677657   169709   227147
   214559   358277   163733   536699   162593   537587   162263   537749   161957   538127   161807   538367   161453   538697   161267   539009   160967   539129   160739   539309   160499   539633   160367   539663   160319   539837   160163   540149   159839   540173   159773   540269   159629   540383   159617   540437   159407   540713   159233   540779   159017   541097   158657   541439   158537   541577   158393   541763   152909   536147   485447
   352949   244787   455339   244493   455603   244379   455789   244157   456149   243839   456767   243197   457139   242729   457367   242603   457553   242447   457607   242309   457913   241979   458123   241817   458327   241643   458543   241343   458669   241259   458879   241049   458993   240959   459113   240797   459383   240257   459803   239933   460127   239849   460373   239597   460463   239417   460619   239333   460709   238709   454973
