   250307   449807   250043   450083   249797   450227   249749   450413   249533   450503   249449   450587   249329   450719   249107   450917   248909   451103   248609   451523   247997   452159   247613   452453   247409   452813   246899   453197   246713   453317   246209   453833   245897   454247   245753   454379   245183   454919   245039   454973   244787   455339   244493   455603   244379   455789   244157   456149   243839   457553   346349
   456767   169409   530693   169199   531143   168803   531263   168719   531863   168029   531983   167729   532373   167627   532523   167267   532757   167099   532919   166973   533303   166679   533363   166457   533747   166169   533963   166013   534059   165833   534473   165083   535019   164837   535529   164309   535727   164249   535859   164039   536147   163733   536699   162593   537587   162263   537749   161957   538199   346139   243239
   243197   538127    25847   674273    25643   674483    25469   674699    25247   674837    25127   675029    24923   675197    24767   675347    24593   675593    24179   675923    24077   675977    23789   676253    23747   676337    23633   676469    23417   676649    23327   676727    23087   676943    23039   676979    22859   677309    22619   677639    22349   677813    22079   678077    21803   678407    21569   682679   343313   161879   456809
   457139   161639   678599   144299   556007   143519   556763   143063   557027   142973   557057   142733   557309   142469   557573   142217   557987   141803   558287   141509   558563   141179   559067   140729   559343   140639   559529   140423   559667   140333   559709   140207   559883   139967   560123   139709   560459   139409   560837   139133   560897   139067   561047   138923   561359   138629   563447   345263    21407   538367   242867
   242729   538553    21347   561389   205397   494687   205307   494783   205157   494873   205103   494987   204887   495149   204557   495563   204437   495629   204359   495707   204233   495899   204059   495959   204023   496007   203843   496343   203579   496889   203057   497117   202667   497597   202403   497663   202277   497957   201953   498209   201449   498647   201203   499139   200723   198623   648029   138617   678659   161453   457277
   457367   161309   678779   138587   499349   196523   503819   196043   504143   195809   504269   195527   504527   195443   504593   195407   504617   195329   504929   195053   504983   194933   505187   194729   505283   194687   505523   194087   505949   194027   506147   193793   506327   193649   506537   193433   506843   193133   506963   193013   507029   192887   507329   192407   509027   346187   200657   561419    21227   538697   242639
   242603   538739    21017   561599   200609   507743   104729   595313   104459   595613   104297   596009   103979   596093   103889   596363   103583   596789   103079   596963   102953   597209   102653   597419   102533   597599   102329   597689   102203   597899   102077   598007   101957   598127   101627   598643   101279   598799   100937   599153   100733   599303   100493   600239   347099   192263   499397   138407   678989   161267   457403
   457559   160997   679067   138239   499493   192053   599537   330047   370133   329789   370613   329387   370673   329123   371087   328829   371339   328619   371417   328379   371633   328343   371897   328067   371999   327983   372137   327839   372179   327737   372299   327629   372689   327209   372803   326999   373343   326657   373859   326063   374063   325889   324647   396713   100469   507953   200513   561767    20939   539009   242447
   242399   539039    20879   561797   200483   508037   100403   374123    86753   613427    86399   613637    86243   613889    85853   614177    85619   614483    85313   614759    84869   615269    84533   615497    84467   615557    84407   615617    84263   615767    84179   615869    83933   616103    83777   616289    83639   616409    83477   616547    83417   628679   336989   325883   599603   191969   499523   138209   679127   160967   457607
   457697   160877   679157   138197   499649   191903   599663   325673   616787   150287   549767   149867   550169   149717   550379   149579   550607   149249   550937   149033   551093   148667   551489   148457   551813   148157   551927   148073   552029   147827   552263   147689   552659   147299   552809   147107   552917   146933   553229   146477   605477   296117    83219   374333   100343   508103   200357   561809    20849   539129   242309
   242093   539267    20543   561947   200153   508223   100313   374399    83207   553583   130817   569237   130343   569747   130079   570047   129893   570413   129587   570467   129509   570509   129419   570659   129287   570743   129119   571019   128969   571133   128327   571847   128153   571973   127979   572093   127703   572357   127607   574619   346439   146423   616799   325607   599693   191783   499853   138059   679463   160739   457913
   458027   160697   679607   137999   499943   191747   600167   325319   616829   146417   572423    59273   640847    59063   641093    58727   641327    58427   641639    58217   641813    58109   642197    57773   642419    57383   642737    57173   642899    57059   643043    56807   643373    56543   643553    56417   643883    56087   648293   343913   127583   553589    83177   374687    99839   508259   200063   562007    20399   539309   241979
   241883   539507    20297   562283   200033   508349    99713   374789    83063   553733   127487   644009   288773   411479   288389   411779   287939   412073   287873   412157   287813   412457   287387   412949   286973   413243   286589   413537   286427   413807   285953   414179   285539   414629   285227   414893   284897   415187   347933    55997   572519   146273   616943   325217   600293   191657   499973   137723   679709   160499   458123
   458189   160373   679823   137699   500153   191507   600317   325187   616997   146249   572633    55949   415517    46499   653777    46187   653903    45959   654053    45497   654593    45377   654743    45179   654923    44963   655229    44633   655649    44279   655757    44159   655883    43943   656153    43577   658127   347033   284489   644057   127373   553757    83009   374819    99689   508499   199853   562307    20183   539633   241817
   241679   539639    20177   562409   199673   508559    99347   374987    82757   554207   127163   644117   284483   656603   106373   593903   106019   593993   105983   594107   105557   594569   105389   594899   104933   595157   104759   603989    95783   604259    95393   604727    95273   604787    95177   609407   335633    43403   415523    55889   572843   145799   617249   325019   600659   191447   500333   137597   679829   160367   458327
   458363   160343   679859   137567   500369   191297   600689   324977   617387   145703   572867    55487   415559    43397   604997    92753   607307    92669   607349    92387   607769    91733   608303    91583   608429    91397   608633    91163   608987    90863   609173    90473   609599    90263   610187   349043    95009   656609   284447   644519   127139   554303    82619   375029    99317   508709   199637   562439    20147   539663   241643
   241463   539687    20123   562607   199523   508817    99173   375113    82559   554417   127103   644549   284429   656687    94889   609779    27779   672317    27449   672767    27179   672863    26987   673157    26813   673223    26759   673313    26393   673619    26357   673667    26237   358499   664679    90227   605117    43319   415577    55457   572903   145589   617447   324893   600833   191189   500483   137399   679883   160319   458543
   458663   160169   680027   137393   500519   191033   600857   324773   617537   145433   572927    55337   415949    43223   605393    90203   673817   263399   436739   262853   437273   262649   437363   262313   437753   262187   437867   261977   438047   261773   438419   261563   260753   527123    26189   609803    94613   656783   284057   644669   127079   554573    82469   375233    99149   508973   199487   562613    19979   539837   241343
   241337   539843    19793   562703   199403   509297    99023   375413    82349   554699   127037   644747   283859   656939    94463   609809    25889   438989    11939   688073    11909   688139    11789   688223    11369   688733    11243   688889    11027   689033    10739   690533   348407   261017   674117    90197   605543    43067   416147    55259   572969   145307   617657   324593   600983   190709   500603   137303   680213   160163   458669
   458747   159857   680297   136889   500693   190613   601043   324557   617699   145259   573179    55217   416243    43013   605573    90017   683777   260999   689393    70079   629939    70019   630107    69809   630353    69539   630689    69203   630863    68993   636407   344039    10613   439007    16229   609989    94433   656993   283763   644789   126827   554747    82307   375449    98963   509393   199313   563117    19709   540149   241259
   241127   540167    19553   563357   199049   509429    98939   375509    82163   554753   126743   644843   283607   657017    94397   610157    16223   439133    10313   631187    67733   632327    67559   632459    67523   632699    67289   633197    66797   633623   348827    68819   689693   260873   683783    89849   605609    42989   416399    55163   573263   145253   617843   324497   601067   190577   500957   136649   680453   159839   458879
   458957   159833   680633   136463   501029   190529   601079   324473   618053   145037   573647    55073   416543    42773   605837    89597   683789   260849   689867    68777   633257     2927   697217     2633   697397     2549   697583     2333   355679   691709    66749   631229    10139   439157    16217   610409    94169   657233   283463   644933   126359   554969    81953   375533    98927   509477   198977   563543    19373   540173   241049
   241013   540233    19013   563663   198929   509603    98627   375569    81737   555119   126143   645023   283133   657269    93923   610439    16097   439199    10133   631307    66629   697733   234197   465917   234029   466247   233489   467699   348443     2273   633377    68699   689873   260807   683909    89567   606083    42737   416873    54983   573863   144887   618269   324437   601379   190403   501077   136343   680993   159773   458993
   459047   159737   681047   136193   501173   190313   601487   324299   618329   144839   573899    54869   417089    42683   606113    89387   683933   260717   689903    68597   633473     2129   466649     1103   699053      947   699119   349793   233357   697877    66533   631409    10103   439289    16073   610619    93893   657323   282917   645137   126107   555167    81677   375707    98519   509693   198833   563813    18959   540269   240959
   240893   540377    18917   564359   198719   509723    98123   376049    81629   555287   125897   645233   282833   657473    93683   610703    16067   439463     9887   631529    66509   697937   232823   699077    63353   638303   348353      929   467183     2069   633497    68477   690119   260543   683939    89303   606323    42533   417173    54773   574109   144719   618377   323957   601883   190283   501287   135647   681089   159629   459113
   459209   159623   681137   135599   501317   190097   601949   323879   618437   144413   574289    54623   417239    42509   606443    89273   684119   260339   690419    68447   633629     2039   467297   699617   635003   350003    65003      389   232709   697967    66377   631559     9587   439667    15887   610733    93563   657497   282767   645383   125717   555593    81569   376127    98057   509909   198689   564407    18869   540383   240797
   240623   540389    18839   564617   198503   510077    97973   376307    81299   555683   125639   645443   282713   657539    93557   610817    15767   439799     9539   631859    66239   697979   232499        5   351653    61703   636653   700001   467507     2027   633767    68147   690467   260207   684239    89189   606449    42467   417293    54563   574367   144323   618707   323699   602033   189929   501503   135389   681167   159617   459383
   459749   159569   681257   135353   501593   189437   602039   323537   618833   132947   574667    54539   417617    42299   606503    89087   684269   259967   690509    67883   633833   698339   464993   350213      953   699059      887   698903   235013     1667    66173   632123     9497   440039    15737   610919    93503   657707   282389   645467   125339   567059    81173   376469    97967   510569   198413   564653    18749   540437   240257
   240203   540599    18713   564797   198347   510617    97919   376757    81077   567143   125303   645503   282383   657779    93479   611069    15359   440177     9377   632153   634079   342647   351563   234089   465977   233759   466517   232307   465809   357359    65927    67853   690629   259829   684647    88937   606527    42227   417623    54503   574703   132863   618929   323249   602087   189389   501659   135209   681293   159407   459803
   460073   159293   681419   135089   501827   189239   602333   322877   619187   132749   574799    54377   417719    42197   606587    88817   684773   259823   690869   632297    63473     8297     2789   697373     2609   697457     2423   697673   344327   697079   636533    67709     9137   440183    15233   611189    93419   657809   282287   645629   125207   567257    80819   377129    97673   510767   198179   564917    18587   540713   239933
   239879   540773    18443   564989   197963   510989    97553   377147    80039   567569   125093   645683   282167   657827    93263   611207    15149   440339   691409    59957   351179    67679   632447    67547   632483    67307   632717    66809   633209    66383   632273   640049     8597   259667   684857    88799   606743    42179   417839    54323   574913   132437   619967   322859   602453   189017   502043   135017   681563   159233   460127
   460157   159227   681677   134669   502079   188843   602543   322709   620033   132347   575027    54293   417863    42023   606959    88793   684869   440987     4889   355967    70067   629987    69899   630197    69653   630467    69317   630803    69143   631013    63599   629927   695117   259019    15137   611213    93047   657983   282143   645713   124979   567659    79973   377297    97463   511163   197927   565337    18329   540779   239849
   239633   540989    18287   565517   197759   511487    97379   377393    79907   567719   124919   645737   282059   658079    92957   611459   690377   432989   351599    11933   688097    11867   688217    11783   688637    11273   688763    11117   688979    10973   689267     9473   688067   267017     9629    88547   607049    41927   417947    54269   575087   132287   620099   322613   602627   188519   502247   134489   681719   159017   460373
   460409   158909   681773   134417   502409   188483   602639   322463   620117   132059   575153    54167   417953    41759   607157   624737   312677   172883   263267   437153   262733   437357   262643   437693   262253   437819   262139   438029   261959   438233   261587   438443   439253   436607   387329    75269    92849   658247   282053   645839   124853   567947    79889   377543    97367   511523   197597   565589    18233   541097   239597
   239543   541349    17957   565637   197507   511703    97007   377687    79847   568097   124793   646013   281933   658277   607517    70997    35327    27689   672557    27239   672827    27143   673019    26849   673193    26783   673247    26693   673613    26387   673649    26339   673769   341507   672227   629009    92489    41729   418073    53993   575213   131909   620159   322319   602999   188303   502499   134369   682049   158657   460463
   460589   158567   682259   134339   502553   188249   603047   321983   620183   131639   575303    53939   418079   664109    65633   350963    92699   607337    92657   607619    92237   608273    91703   608423    91577   608609    91373   608843    91019   609143    90833   609533    90407   609743    89819   607253   634373    35897   281927   646067   124703   568367    79823   378023    96959   511757   197453   565667    17747   541439   239417
   239387   541469    17729   565787   197159   511859    96857   378593    79769   568643   124577   646157   418337    29129   364373   106103   593987   106013   594023   105899   594449   105437   594617   105107   595073   104849   595247    96017   604223    95747   604613    95279   604733    95219   604829    90599   593633   670877   281669    53849   575429   131363   620237   321413   603149   188147   502847   134219   682277   158537   460619
   460673   158429   682337   134213   502883   187469   603209   321323   620393   131297   575513   646307   273929   352973    46229   653819    46103   654047    45953   654509    45413   654629    45263   654827    45083   655043    44777   655373    44357   655727    44249   655847    44123   656063    43853   656429    41879   653507   426077    53699   124493   568709    79613   378683    96797   512537   197123   565793    17669   541577   239333
   239297   541613    17579   565919   197033   512543    96779   378779    79427   568877   577067    43487   352073   288527   411617   288227   412067   287933   412133   287849   412193   287549   412619   287057   413033   286763   413417   286469   413579   286199   414053   285827   414467   285377   414779   285113   415109   284819   411233   656519   122939   131129   620579   321227   603227   187463   502973   134087   682427   158393   460709
   460919   158243   682673   134033   503003   187433   603257   321077   620639   569417   114419   356093    59159   640943    58913   641279    58679   641579    58367   641789    58193   641897    57809   642233    57587   642623    57269   642833    57107   642947    56963   643199    56633   643463    56453   643589    56123   643919    51713   640733   585587   130589    79367   378929    96749   512573   197003   565973    17333   541763   239087
   239069   541817    16703   566057   196799   512597    96443   378953   621113    70589   353567   130769   569663   130259   569927   129959   570113   129593   570419   129539   570497   129497   570587   129347   570719   129263   570887   128987   571037   128873   571679   128159   571853   128033   572027   127913   572303   127649   572399   125387   569189   629417    78893   321053   603563   187409   503207   133949   683303   158189   460937
   460979   157889   683357   133733   503267   187349   603947   391679    60953   403889   150239   550139   149837   550289   149627   550427   149399   550757   149069   550973   148913   551339   148517   551549   148193   551849   148079   551933   147977   552179   147743   552317   147347   552707   147197   552899   147089   553073   146777   553529    94529   549719   639053   308327    96059   512657   196739   566273    16649   542117   239027
   238859   542183    16553   566567   196709   512843   609359   348419   363017    86579   613607    86369   613763    86117   614153    85829   614387    85523   614693    85247   615137    84737   615473    84509   615539    84449   615599    84389   615743    84239   615827    84137   616073    83903   616229    83717   616367    83597   616529    83459   616589    71327   613253   351587    90647   187163   503297   133439   683453   157823   461147
   461297   157799   683477   133283   503423   515279    81749   303293   329873   370217   329393   370619   329333   370883   328919   371177   328667   371387   328589   371627   328373   371663   328109   371939   328007   372023   327869   372167   327827   372269   327707   372377   327317   372797   327203   373007   326663   373349   326147   373943   325943   374117   375359   369959   618257   184727   196583   566723    16529   542207   238709
   238673   542237    16493   567053   505139   174413   352907   104693   595547   104393   595709   103997   596027   103913   596117   103643   596423   103217   596927   103043   597053   102797   597353   102587   597473   102407   597677   102317   597803   102107   597929   101999   598049   101879   598379   101363   598727   101207   599069   100853   599273   100703   599513    99767   595277   525593   194867   132953   683513   157769   461333
   461507   157559   683687   132623   486539   353819   196187   503963   195863   504197   195737   504479   195479   504563   195413   504599   195389   504677   195077   504953   195023   505073   194819   505277   194723   505319   194483   505919   194057   505979   193859   506213   193679   506357   193469   506573   193163   506873   193043   506993   192977   507119   192677   507599   190979   503483   213467   567383    16319   542447   238499
   238397   542483   683819   553463    51977   205319   494699   205223   494849   205133   494903   205019   495119   204857   495449   204443   495569   204377   495647   204299   495773   204107   495947   204047   495983   203999   496163   203663   496427   203117   496949   202889   497339   202409   497603   202343   497729   202049   498053   201797   498557   201359   498803   200867   499283   501383   494609   146543    16187   157523   461609
   461693   547487     2879   354743   143999   556487   143243   556943   142979   557033   142949   557273   142697   557537   142433   557789   142019   558203   141719   558497   141443   558827   140939   559277   140663   559367   140477   559583   140339   559673   140297   559799   140123   560039   139883   560297   139547   560597   139169   560873   139109   560939   138959   561083   138647   561377   136559   555707   697127   152519   238313
   463787   139367   356693    25733   674363    25523   674537    25307   674759    25169   674879    24977   675083    24809   675239    24659   675413    24413   675827    24083   675929    24029   676217    23753   676259    23669   676373    23537   676589    23357   676679    23279   676919    23063   676967    23027   677147    22697   677387    22367   677657    22193   677927    21929   678203    21599   678437    17327   674159   560639   236219
   222647   353867   169313   530807   168863   531203   168743   531287   168143   531977   168023   532277   167633   532379   167483   532739   167249   532907   167087   533033   166703   533327   166643   533549   166259   533837   166043   533993   165947   534173   165533   534923   164987   535169   164477   535697   164279   535757   164147   535967   163859   536273   163307   537413   162419   537743   162257   538049   161807   530597   477359
   353657   250199   449963   249923   450209   249779   450257   249593   450473   249503   450557   249419   450677   249287   450899   249089   451097   248903   451397   248483   452009   247847   452393   247553   452597   247193   453107   246809   453293   246689   453797   246173   454109   245759   454253   245627   454823   245087   454967   245033   455219   244667   455513   244403   455627   244217   455849   243857   456167   242453   449699
