   255659   444539   255383   444677   255239   444833   255137   444929   255053   445019   254777   445307   254207   445967   254003   446087   253733   446399   253349   446759   252899   447119   252869   447179   252323   448067   251639   448397   251177   448907   251003   449117   250853   449303   250673   449363   250343   449699   250199   449963   249923   450209   249779   450257   249593   450473   249503   450557   249419   248609   549683
   450677   173969   526073   173867   526199   173783   526307   173357   526709   173273   526739   173177   527123   172877   527333   172607   527453   172517   527633   172307   527789   172097   528137   171707   528623   171299   528929   170957   529229   170369   530063   169919   530093   169823   530237   169709   530339   169493   530549   169409   530693   169199   531143   168803   531263   168719   531863   168029   533033   345329   249329
   249287   531983    29789   670343    29429   670583    29387   670673    29243   670853    29129   671189    28703   671357    28403   671717    28277   671777    27947   672227    27689   672557    27239   672827    27143   673019    26849   673193    26783   673247    26693   673613    26387   673649    26339   673769    26189   674117    25847   674273    25643   674483    25469   674699    25247   674837    25127   675929   346259   168023   450719
   450899   167729   675029   148667   551489   148457   551813   148157   551927   148073   552029   147827   552263   147689   552659   147299   552809   147107   552917   146933   553229   146543   553583   146417   553733   146249   554207   145703   554417   145433   554699   145259   554753   145037   555119   144839   555287   144413   555683   144299   556007   143519   556763   143063   557027   142973   561419   342347    24977   532277   249107
   249089   532373    24923   557057   208589   491429   208469   491627   208367   491669   208223   491789   208139   491969   207953   492059   207923   492377   207593   492563   207377   492719   207113   493013   206939   493109   206879   493193   206603   493463   206483   493607   206273   493853   206069   493967   206033   493979   205937   494093   205619   494519   205397   494687   205307   204857   638303   142949   675083   167633   450917
   451097   167627   675197   142733   494783   200513   499523   200357   499853   200063   499973   199853   500333   199637   500483   199487   500603   199313   500957   198977   501077   198833   501287   198689   501383   198503   501593   198347   501827   197963   502079   197759   502409   197507   502553   197159   502883   197033   503003   196799   503267   196709   503423   196523   195863   655727   205223   557273    24809   532379   248909
   248903   532523    24767   557309   205157   503819   109469   590573   109397   590627   109253   590867   108917   591113   108869   591509   108347   591743   108179   592133   107867   592289   107699   592649   107279   592763   107033   593183   106619   593519   106433   593633   106103   593987   106013   594023   105899   594449   105437   594617   105107   595073   104849   601949   340649   196187   494849   142697   675239   167483   451103
   451523   167267   675347   142469   494873   196043   595247   335669   364373   335507   364883   335009   365129   334793   365369   334493   365627   334247   366077   333779   366269   333719   366293   333623   366467   333323   366983   332987   367277   332699   367559   332393   367733   332183   367889   331907   368117   331553   368729   331217   369023   330887   330587   385739   104759   503963   205133   557537    24659   532739   248483
   247997   532757    24593   557573   205103   504197   104729   369353    90473   609599    90263   609779    90203   609809    90017   610157    89819   610409    89567   610619    89303   610733    89189   610919    88937   611189    88799   611213    88547   611483    88463   611837    88079   611969    88007   612137    87833   612263    87629   612383    87509   613013   347957   330653   595277   195809   494903   142433   675413   167249   452009
   452159   167099   675593   142217   494987   195737   595313   330359   612713   154067   546053   153743   546317   153437   546599   153287   546869   153113   546947   152909   547223   152777   547577   152423   547643   152297   547787   152189   547823   152003   548039   151937   548123   151817   548363   151607   548453   151517   548753   151169   550139   347099    87293   369647   104693   504269   205019   557789    24413   532907   247847
   247613   532919    24179   557987   204887   504479   104459   369659    87083   548843   136559   563543   136343   564359   135599   564617   135353   564797   135089   564989   134669   565517   134417   565637   134339   565787   134213   565919   134033   566057   133733   566567   133283   567053   132947   567143   132749   567383   132437   570419   344543   151163   612923   330347   595547   195527   495119   142019   675827   167087   452393
   452453   166703   675923   141803   495449   195479   595613   330047   613163   151049   567659    63467   636563    63353   636809    63059   637067    62927   637283    62687   637379    62597   637499    62477   637709    62219   637817    61583   638453    61547   638663    61007   639053    60923   639137    60737   639563    60317   639839   348353   132347   548957    86843   369959   104393   504527   204557   558203    24083   533303   247553
   247409   533327    24029   558287   204443   504563   104297   370133    86837   549503   132287   639713   294179   405857   294059   406403   293507   406547   293357   406859   293123   406907   292517   407579   292367   407723   292223   407969   291869   408173   291743   408437   291509   408563   291293   408719   290999   415187   342413    60293   567719   150503   613169   329873   595709   195443   495563   141719   675977   166679   452597
   452813   166643   676217   141509   495569   195413   596009   329789   613253   150497   567947    60149   409043    51767   648257    51713   648677    51287   648803    50849   649217    50723   649379    50549   649619    50363   649799    50177   649877    50069   650183    49529   650483    49463   650813    49019   651017   348443   290963   639857   132059   549509    86753   370217   103997   504593   204437   558497    23789   533363   247193
   246899   533549    23753   558563   204377   504599   103979   370613    86579   549533   131909   640007   290669   651473   111263   588779   111053   588977   110819   589409   110567   589529   110129   590123   109517   599273   100703   599513   100469   599603   100343   599693    99839   600293    99689   602453   338033    48533   409337    59999   568097   150473   613427   329393   596027   195407   495629   141443   676253   166457   453107
   453197   166259   676259   141179   495647   195389   596093   329387   613607   150383   568367    59957   409349    48497   600659    96959   603149    96797   603227    96749   603563    96059   603989    95783   604259    95393   604727    95273   604787    95177   604997    94613   605477    94463   608273   346349    99347   651509   290657   640049   131639   549623    86399   370619   103913   504617   204359   558827    23747   533747   246809
   246713   533837    23669   559067   204299   504677   103889   370673    86369   549707   131363   640127   290627   651767    99317   605573    32057   668033    31847   668609    31319   668699    31259   668813    31139   669023    30977   669113    30839   669329    30593   669659    30137   694019   324593    94433   600689    48239   409379    59879   568643   150299   613637   329333   596117   195329   495707   140939   676337   166169   453293
   453317   166043   676373   140729   495773   195077   596363   329123   613763   150287   568709    59747   409517    48197   600833    94397   669887   267569   432449   267479   432587   267017   433049   266933   433079   266687   433373   266333   433847   266129   433889   265757   439667   344207    30119   605609    99173   651809   290489   640259   131297   549719    86243   370883   103643   504929   204233   559277    23633   533963   246689
   246209   533993    23537   559343   204107   504953   103583   371087    86117   549767   131129   640307   290189   652229    99149   605837    30059   434267    15137   684923    15017   685109    14759   685337    14369   685679    14033   686009    13967   686099    13829   687359   348419   265739   669947    94169   600857    47777   409817    59699   568877   150239   613889   328919   596423   195053   495899   140663   676469   166013   453797
   453833   165947   676589   140639   495947   195023   596789   328829   614153   149837   569189    59417   409823    47513   600983    93923   670139   265709   686453    74687   625397    74597   625517    74363   625913    74027   626033    73943   626147    73847   631529   344039    13553   434297    29867   606083    99023   652493   290183   640589   130817   550169    85853   371177   103217   504983   204059   559367    23417   534059   246173
   245897   534173    23357   559529   204047   505073   103079   371339    85829   550289   130769   640613   290039   652499    98963   606113    20399   434303    13487   626333    72623   627953    71993   628097    71879   628139    71789   628373    71333   657827   320027    73673   686519   265703   679607    93893   601043    47507   409967    59393   569237   149717   614177   328667   596927   194933   495959   140477   676649   165833   454109
   454247   165533   676679   140423   495983   194867   596963   328619   614387   149627   569417    59357   410117    47339   601067    93683   679709   265619   686639    73643   628757     6329   693683     6317   693743     6197   694079     5813   694313   349553    71249   626363    13367   434387    20297   606323    98939   652667   289889   640649   130589   550379    85619   371387   103043   505139   204023   559583    23327   534473   245759
   245753   534923    23279   559667   203999   505187   102953   371417    85523   550427   130343   640733   289763   652727    98927   606443    20183   434459    13337   626393    71129   694223   239417   460619   239333   460709   239087   460937   349919     5783   628877    73613   686669   265547   679823    93563   601079    47279   410243    59273   569663   149579   614483   328589   597053   194819   496007   140339   676727   165083   454253
   454379   164987   676919   140333   496163   194723   597209   328379   614693   149399   569747    59159   410279    47093   601379    93557   679829   265193   686789    73529   628937     5657   460979     4133   695879     4079   697397   348527   239027   694349    71069   626477    13217   434813    20177   606449    98627   652913   289727   640847   130259   550607    85313   371627   102797   505283   203843   559673    23087   535019   245627
   245183   535169    23063   559709   203663   505319   102653   371633    85247   550757   130079   640943   289319   653117    98519   606503    20147   434849    13163   626489    70997   694367   238859   696077    66629   635567   347813     3929   461147     5639   629009    73517   686843   265157   679859    93503   601487    46889   410687    59063   569927   149249   614759   328373   597353   194687   496343   140297   676943   164837   454823
   454919   164477   676967   140207   496427   194483   597419   328343   615137   149069   570047    58913   410903    46853   601883    93479   679883   265079   686879    73379   629339     5519   461297   696617   631187   350003    68819     3389   238709   694487    70667   626627    13127   434927    20123   606527    98123   653153   289103   641093   129959   550937    84869   371663   102587   505523   203579   559799    23039   535529   245087
   245039   535697    23027   559883   203117   505919   102533   371897    84737   550973   129893   641279   288839   653357    97973   606587    19979   435107    13109   626963    70589   694523   462149     1709   352193    64439   633377   698297   237857     5483   629417    73043   686897   264899   680027    93419   602033    46649   411167    58727   570113   149033   615269   328109   597473   194087   496889   140123   676979   164309   454967
   454973   164279   677147   139967   496949   194057   597599   328067   615473   148913   570413    58679   411233    46643   602039    93263   680213   264827   686963    73019   629567   695999   237233   351479     4127   695927     2609   695873   462773     4007    70439   626987    13043   435179    19793   606743    97967   653363   288773   641327   129593   551093    84533   371939   102407   505949   203057   560039    22859   535727   245033
   244787   535757    22697   560123   202889   505979   102329   371999    84509   561809   129539   641579   288527   653507    97919   606959    19709   435257    13037   627083   630467     2957   350087   239387   460673   239297   460919   239069   460589   697049    69539    72923   686969   264749   680297    93047   602087    46499   411479    58427   570467   138197   615497   328007   597677   194027   497117   139883   677309   164249   455219
   455339   164147   677387   139709   497339   193859   597689   327983   615539   138059   570497    58367   411617    46229   602333    92957   680453   264743   687023    71327    37649   350453     6323   693689     6263   693809     5927   694193     5693   693677   662357   628679    12983   435263    19553   607049    97673   653777   288389   641639   129509   561947    84467   372023   102317   506147   202667   560297    22619   535859   244667
   244493   535967    22367   560459   202409   506213   102203   372137    84449   562007   129497   641789   288227   653819    97463   607157    19373   435563    12323   621227   379979    72053   628013    71909   628127    71867   628217    71633   628673    42179   627383    78779   687683   264443   680633    92849   602543    46187   411779    58217   570509   137999   615557   327869   597803   193793   497597   139547   677639   164039   455513
   455603   163859   677657   139409   497603   193679   597899   327839   615599   137723   570587    58193   412067    46103   602627    92753   680993   459209   684119   355967    74609   625409    74489   625643    74093   625979    73973   626063    73859   626159    68477   625319    15887   240797    19013   607253    97379   653903   287939   641813   129419   562283    84407   372167   102107   506327   202403   560597    22349   536147   244403
   244379   536273    22193   560639   202343   506357   102077   372179    84389   562307   129347   641897   287933   654047    97367   607307    14639   232499   351587    15083   684989    14897   685247    14669   685637    14327   685973    13997   686039    13907   686177    12647   684869   467507   685367    92699   602639    45959   412073    58109   570659   137699   615617   327827   597929   193649   497663   139367   677813   163733   455627
   455789   163307   677927   139169   497729   193469   598007   327737   615743   137597   570719    57809   412133    45953   602999   609359   656993   355799   267557   432527   267419   432989   266957   433073   266927   433319   266633   433673   266159   433877   266117   434249   260339   432437    43013    90647    97007   654053   287873   642197   129287   562409    84263   372269   101999   506537   202277   560837    22079   536699   244217
   244157   537413    21929   560873   202049   506573   101957   372299    84239   562439   129263   642233   287849   654509   605117    83597   375413    31973   668159    31397   668687    31307   668747    31193   668867    30983   669029    30893   669167    30677   669413    30347   669869     5987   667949   616409    94889    45497   412157    57773   570743   137567   615767   327707   598049   193433   497957   139133   678077   162593   455849
   456149   162419   678203   139109   498053   193163   598127   327629   615827   137399   570887    57587   412193   658817    69317   353657    96857   603209    96779   603257    96443   603947    96017   604223    95747   604613    95279   604733    95219   604829    95009   605393    94529   605543    91733   603047   630689    41189   287813   642419   129119   562607    84179   372377   101879   506843   201953   560897    21803   537587   243857
   243839   537743    21599   560939   201797   506873   101627   372689    84137   562703   128987   642623   413537    34457   361973   111227   588953   111029   589187   110597   589439   110477   589877   109883   590489   100733   599303   100493   599537   100403   599663   100313   600167    99713   600317    97553   588743   665549   286469    57383   571019   137303   615869   327317   598379   193133   498209   139067   678407   162263   456167
   456767   162257   678437   138959   498557   193043   598643   327209   616073   136889   571037   645023   274517   351563    51749   648293    51329   648719    51203   649157    50789   649283    50627   649457    50387   649643    50207   649829    50129   649937    49823   650477    49523   650543    49193   650987    48989   648239   425489    54983   128969   563117    83933   372797   101363   506963   201449   561047    21569   537749   243239
   243197   538049    21407   561083   201359   506993   101279   372803    83903   563357   575027    48767   357593   294149   405947   293603   406499   293459   406649   293147   406883   293099   407489   292427   407639   292283   407783   292037   408137   291833   408263   291569   408497   291443   408713   291287   409007   284819   405827   651239   124979   136649   616103   327203   598727   193013   498647   138923   678599   161957   456809
   457139   161879   678659   138647   498803   192977   598799   326999   616229   563813   113417   351653    63443   636653    63197   636947    62939   637079    62723   637319    62627   637409    62507   637529    62297   637787    62189   638423    61553   638459    61343   638999    60953   639083    60869   639269    60443   639689    60167   636539   586589   136193    83777   373007   101207   507029   201203   561359    21347   538127   242867
   242729   538199    21227   561377   200867   507119   100937   373343   617387   118163   355463   136463   563663   135647   564407   135389   564653   135209   564917   135017   565337   134489   565589   134369   565667   134219   565793   134087   565973   133949   566273   133439   566723   132953   567059   132863   567257   132623   567569   129587   563447   581843    82619   326663   599069   192887   499139   138629   678779   161807   457277
   457367   161639   678989   138617   499283   192677   599153   382037    74897   352907   153953   546263   153689   546569   153407   546719   153137   546893   153059   547097   152783   547229   152429   547583   152363   547709   152219   547817   152183   548003   151967   548069   151883   548189   151643   548399   151553   548489   151253   548837   149867   545939   625109   317969   100853   507329   200723   561389    21017   538367   242639
   242603   538553    20939   561599   200657   507599    99767   346547   352049    90407   609743    90227   609803    90197   609989    89849   610187    89597   610439    89387   610703    89273   610817    89087   611069    88817   611207    88793   611459    88523   611543    88169   611927    88037   611999    87869   612173    87743   612377    87623   612497    86993   609533   353459   600239   192407   499349   138407   679067   161453   457403
   457553   161309   679127   138239   499397   508349   584027   314267   335633   364499   335123   364997   334877   365213   334637   365513   334379   365759   333929   366227   333737   366287   333713   366383   333539   366683   333023   367019   332729   367307   332447   367613   332273   367823   332117   368099   331889   368453   331277   368789   330983   369119   369419   364337   115979   191657   200609   561767    20879   538697   242453
   242447   538739    20849   561797   505277   491333   359357   109433   590609   109379   590753   109139   591089   108893   591137   108497   591659   108263   591827   107873   592139   107717   592307   107357   592727   107243   592973   106823   593387   106487   593573   106373   593903   106019   593993   105983   594107   105557   594569   105389   594899   104933   595157    98057   590537   208673   194729   138209   679157   161267   457559
   457607   160997   679463   137393   477677    44279   200483   499649   200153   499943   200033   500153   199673   500369   199523   500519   199403   500693   199049   501029   198929   501173   198719   501317   198623   501503   198413   501659   198179   502043   197927   502247   197597   502499   197453   502847   197123   502973   197003   503207   196739   503297   196583   503483   504143   499493   222329   562613    20543   539009   242399
   242309   539039   681047   547487    61703   208577   491537   208379   491639   208337   491783   208217   491867   208037   492053   207947   492083   207629   492413   207443   492629   207287   492893   206993   493067   206897   493127   206813   493403   206543   493523   206399   493733   206153   493937   206039   493973   206027   494069   205913   494387   205487   494609   205319   494699   495149   491417   152519    18959   160967   457697
   457913   539663     8087   357659   148517   551549   148193   551849   148079   551933   147977   552179   147743   552317   147347   552707   147197   552899   147089   553073   146777   553463   146423   553589   146273   553757   145799   554303   145589   554573   145307   554747   145253   554969   144887   555167   144719   555593   144323   555707   143999   556487   143243   556943   142979   557033   138587   551339   691919   160343   242093
   229409   146477   353747    29663   670577    29423   670619    29333   670763    29153   670877    28817   671303    28649   671603    28289   671729    28229   672059    27779   672317    27449   672767    27179   672863    26987   673157    26813   673223    26759   673313    26393   673619    26357   673667    26237   673817    25889   674159    25733   674363    25523   674537    25307   674759    25169   674879    24077   670217   553529   470597
   660119   354677   173933   526139   173807   526223   173699   526649   173297   526733   173267   526829   172883   527129   172673   527399   172553   527489   172373   527699   172217   527909   171869   528299   171383   528707   171077   529049   170777   529637   169943   530087   169913   530183   169769   530297   169667   530513   169457   530597   169313   530807   168863   531203   168743   531287   168143   531977   166973   526037    39887
   150323   255467   444623   255329   444767   255173   444869   255077   444953   254987   445229   254699   445799   254039   446003   253919   446273   253607   446657   253247   447107   252887   447137   252827   447683   251939   448367   251609   448829   251099   449003   250889   449153   250703   449333   250643   449663   250307   449807   250043   450083   249797   450227   249749   450413   249533   450503   249449   450587   451397   444347
