   254777   445307   254207   445967   254003   446087   253733   446399   253349   446759   252899   447119   252869   447179   252323   448067   251639   448397   251177   448907   251003   449117   250853   449303   250673   449363   250343   449699   250199   449963   249923   450209   249779   450257   249593   450473   249503   450557   249419   450677   249287   450899   249089   451097   248903   451397   248483   452009   247847   452813   346259
   452393   173177   527123   172877   527333   172607   527453   172517   527633   172307   527789   172097   528137   171707   528623   171299   528929   170957   529229   170369   530063   169919   530093   169823   530237   169709   530339   169493   530549   169409   530693   169199   531143   168803   531263   168719   531863   168029   531983   167729   532373   167627   532523   167267   532757   167099   532919   166973   534059   345329   247613
   247553   533303    29153   670877    28817   671303    28649   671603    28289   671729    28229   672059    27779   672317    27449   672767    27179   672863    26987   673157    26813   673223    26759   673313    26393   673619    26357   673667    26237   673817    25889   674159    25733   674363    25523   674537    25307   674759    25169   674879    24977   675083    24809   675239    24659   675413    24413   676727   347099   166703   452453
   452597   166679   675827   147743   552317   147347   552707   147197   552899   147089   553073   146777   553463   146477   553583   146417   553733   146249   554207   145703   554417   145433   554699   145259   554753   145037   555119   144839   555287   144413   555683   144299   556007   143519   556763   143063   557027   142973   557057   142733   557309   142469   557573   142217   557987   141803   559067   346349    24179   533327   247409
   246899   533363    24083   558287   207953   492059   207923   492377   207593   492563   207377   492719   207113   493013   206939   493109   206879   493193   206603   493463   206483   493607   206273   493853   206069   493967   206033   493979   205937   494093   205619   494519   205397   494687   205307   494783   205157   494873   205103   494987   204887   495149   204557   495563   204437   501287   342647   141719   675923   166643   453107
   453197   166457   675929   141509   495629   199487   500603   199313   500957   198977   501077   198833   501317   198623   501503   198413   501659   198179   502043   197927   502247   197597   502499   197453   502847   197123   502973   197003   503207   196739   503297   196583   503483   196187   503963   195863   504197   195737   504479   195479   504563   195413   504599   195389   195023   657269   204377   558497    24077   533549   246809
   246713   533747    24029   558563   204359   504677   108497   591659   108263   591827   107873   592139   107717   592307   107357   592727   107243   592973   106823   593387   106487   593573   106373   593903   106019   593993   105983   594107   105557   594569   105389   594899   104933   595157   104759   595277   104693   595547   104393   595709   103997   596027   103913   597929   346139   195329   495647   141443   675977   166259   453293
   453317   166169   676217   141179   495707   195077   596117   334379   365759   333929   366227   333737   366287   333713   366383   333539   366683   333023   367019   332729   367307   332447   367613   332273   367823   332117   368099   331889   368453   331277   368789   330983   369119   330653   369419   330359   369659   330047   370133   329789   370613   329387   328379   390077   103889   504929   204299   558827    23789   533837   246689
   246209   533963    23753   559277   204233   504953   103643   370673    89567   610619    89303   610733    89189   610919    88937   611189    88799   611213    88547   611483    88463   611837    88079   611969    88007   612137    87833   612263    87629   612383    87509   612713    87083   613013    86843   613169    86753   613427    86399   613637    86243   616529   345689   329333   596363   195053   495773   140729   676253   166043   453797
   453833   166013   676259   140663   495899   194933   596423   329123   613889   152777   547487   152429   547583   152363   547709   152219   547817   152183   548003   151967   548069   151883   548189   151643   548399   151553   548489   151253   548837   151163   548957   150503   549509   150473   549623   150323   549707   150287   549767   149867   581099   317969    86117   370883   103583   505073   204107   559343    23747   533993   246173
   245897   534173    23669   559367   204059   505139   103217   371087    85853   550169   135353   564797   135089   564989   134669   565517   134369   565667   134219   565793   134087   565973   133949   566273   133439   566723   132953   567059   132863   567257   132623   567569   132347   567719   132059   568097   131639   568643   131129   569417   347813   149837   614153   328919   596789   194867   495947   140639   676337   165833   454109
   454247   165533   676373   140477   495959   194819   596927   328829   614177   149717   569189    62627   637409    62507   637529    62297   637787    62189   638303    61583   638453    61547   638663    61007   639053    60923   639137    60737   639563    60317   639713    60167   639857    59999   640049    59879   640259    59699   683357   305477   130817   550289    85829   371177   103079   505187   204047   559529    23633   534473   245759
   245753   534923    23537   559583   204023   505277   103043   371339    85619   550379   130769   640589   293123   406907   292517   407579   292367   407723   292223   407969   291869   408263   291569   408497   291443   408713   291287   409007   290963   409337   290657   409379   290489   409817   290183   409967   289889   412157   346187    59417   569237   149627   614387   328667   596963   194729   495983   140423   676469   165083   454253
   454379   164987   676589   140339   496007   194723   597053   328619   614483   149579   569663    59393   410243    50789   649283    50627   649457    50387   649643    50207   649829    50129   649937    49823   650477    49523   650543    49193   650987    48989   651239    48533   651509    48239   651809    47777   652727   348419   289763   640613   130343   550427    85523   371387   102953   505283   203999   559667    23417   535019   245627
   245183   535169    23357   559673   203843   505319   102797   371417    85313   550607   130259   640649   289727   652493   110129   590123   109517   590537   109433   590609   109379   590753   109139   591113   108869   600317    99347   600689    99173   600857    99023   601043    98939   601079    98627   624467   316907    47513   410279    59357   569747   149399   614693   328589   597209   194687   496163   140333   676649   164837   454823
   454919   164477   676679   140297   496343   194483   597353   328373   614759   149249   569927    59273   410687    47507   601883    95783   604259    95393   604727    95273   604787    95177   604997    94889   605393    94529   605543    94433   605609    94169   606083    93893   606323    93563   607307   347933    98123   652499   289319   640733   130079   550757    85247   371633   102653   505523   203663   559709    23327   535529   245087
   245039   535697    23087   559799   203579   505919   102587   371663    84869   550937   129959   640847   289103   652667    98057   606449    31307   668747    31193   668867    30983   669029    30893   669167    30677   669413    30347   669869    30119   669947    29867   670217    29663   681719   338033    93557   601949    47339   410903    59159   570047   149069   615137   328343   597419   194087   496427   140207   676919   164309   454967
   454973   164279   676943   140123   496889   194057   597473   328109   615269   149033   570113    59063   411167    47093   602033    93503   670577   266333   433847   266129   433889   265757   434267   265709   434303   265619   434459   265193   434849   265079   435107   264827   436157   348527    29429   606503    97973   652913   288839   640943   129893   550973    84737   371897   102533   505949   203117   559883    23063   535727   245033
   244787   535757    23039   560039   203057   505979   102407   371939    84533   551093   129593   641093   288773   653117    97967   606527    29423   435257    14327   685973    13997   686039    13907   686177    13553   686519    13367   686669    13217   686843    13127   691787   344543   264749   670583    93479   602039    46889   411233    58913   570413   148913   615473   328067   597599   194027   496949   139967   676967   164249   455219
   455339   164147   676979   139883   497117   193859   597677   328007   615497   148667   570419    58727   411479    46853   602087    93419   670619   264743   686897    73847   626333    73643   626393    73529   626489    73379   626963    73019   627083    72623   632699   344039    13109   435263    29387   606587    97919   653153   288527   641279   129587   551339    84509   371999   102329   506147   202889   560123    23027   535859   244667
   244493   535967    22859   560297   202667   506213   102317   372023    84467   551489   129539   641327   288389   653357    97673   606743    29333   435563    13043   627953    71249   628877    71069   629009    70667   629417    70439   629807    70163   636263   343073    72053   686963   264443   670673    93263   602333    46649   411617    58679   570467   148517   615539   327983   597689   193793   497339   139709   677147   164039   455513
   455603   163859   677309   139547   497597   193679   597803   327869   615557   148457   570497    58427   411779    46643   602453    93047   670763   264437   686969    71993   629927     5927   694193     5783   694313     5657   694523     5387   699287   344957    70079   628013    13037   435569    29243   606959    97553   653363   288227   641579   129509   551549    84449   372137   102203   506327   202409   560459    22697   536147   244403
   244379   536273    22619   560597   202403   506357   102107   372167    84407   551813   129497   641639   287939   653507    97463   607049    19793   435647    12983   628097    70067   694919   238163   462149   237767   462443   237287   464699   347513     5087   629939    71909   687023   264359   680213    92957   602543    46499   412067    58367   570509   148193   615599   327839   597899   193649   497603   139409   677387   163733   455627
   455789   163307   677639   139367   497663   193469   598007   327827   615617   148157   570587    58217   412073    46229   602627    92849   680297   264353   687083    71879   629987     5009   462773     3767   696413     3389   696659   349787   237233   694997    70019   628127    12923   435653    19709   607157    97379   653777   287933   641789   129419   551849    84389   372179   101999   506537   202343   560639    22367   536699   244217
   244157   537413    22349   560837   202277   506573   101957   372269    84263   551927   129347   641813   287873   653819    97367   607253    19553   435839    12899   628139    69899   695003   237179   696887    66083   633833   350093     3119   462827     5003   630107    71867   687107   264167   680453    92753   602639    46187   412133    58193   570659   148079   615743   327737   598049   193433   497729   139169   677657   162593   455849
   456149   162419   677813   139133   497957   193163   598127   327707   615767   148073   570719    58109   412193    46103   602999    92669   680633   264113   687317    71789   630197     4937   462863   697583   634013   350003    65993     2423   237143   695069    69809   628217    12689   435893    19373   607337    97007   653903   287813   641897   129287   551933    84239   372299   101879   506843   202049   560873    22193   537587   243857
   243839   537743    22079   560897   201953   506873   101627   372377    84179   552029   129263   642197   287549   654047    96959   607349    19013   435923    12647   628373    69653   695087   236087     1559   349913    66173   633923   698447   463919     4919   630353    71633   687359   264083   680993    92657   603047    45959   412457    57809   570743   147977   615827   327629   598379   193133   498053   139109   677927   162263   456167
   456767   162257   678077   139067   498209   193043   598643   327317   615869   147827   570887    57773   412619    45953   603149    92489   681047   264059   687437    71333   630467     4229   460463   350219     3593   696617     3347   696239   239543   695777    69539   628673    12569   435947    18959   607517    96857   654053   287387   642233   129119   552179    84137   372689   101363   506963   201797   560939    21929   537749   243239
   243197   538049    21803   561047   201449   506993   101279   372797    83933   562613   128987   642419   287057   654509    96797   607619    18917   436097    12413   628679   635567   689867   352493   237857   462239   237563   462719   235307   461843    10139    64439    71327   687593   263909   681089    92387   603209    45497   412949    57587   571019   137393   616073   327209   598727   193013   498557   138959   678203   161957   456809
   457139   161879   678407   138923   498647   192977   598799   327203   616103   137303   571037    57383   413033    45413   603227    92237   681137   263723   687683    65927    56087   355049     5813   694223     5693   694349     5483   694619      719   694079   643919   634079    12323   436283    18869   607769    96779   654593   286973   642623   128969   562703    83903   372803   101207   507029   201359   561083    21599   538127   242867
   242729   538199    21569   561359   201203   507119   100937   373007    83777   563117   128873   642737   286763   654629    96749   608273    18839   436439   691997   626063   356933    71129   628937    70997   629339    70589   629567    70199   629843    63743   628757    73943     8009   263567   681167    91733   603257    45377   413243    57269   571133   136889   616229   326999   599069   192887   498803   138647   678437   161807   457277
   457367   161639   678599   138629   499139   192677   599153   326663   616289   136649   571679    57173   413417    45263   603563    91703   681257   439157      887   355967    73673   626363    73613   626477    73517   626627    73043   626987    72923   627383    67307   626159   699119   260849    18749   608303    96443   654743   286589   642833   128327   563357    83717   373343   100853   507329   200867   561377    21407   538367   242639
   242603   538553    21347   561389   200723   507599   100733   373349    83639   563447   128159   642899   286469   654827    96059   608423   683303   256889   355463    14033   686009    13967   686099    13829   686453    13487   686639    13337   686789    13163   686879     8219   685679   443117    16703    91583   603947    45179   413537    57107   571847   136559   616367   326657   599273   192407   499283   138617   678659   161453   457403
   457553   161309   678779   138587   499349   192263   599303   326147   616409   136463   571853    57059   413579    45083   603989   617657     2273   351479   266159   433877   266117   434249   265739   434297   265703   434387   265547   434813   265157   434927   264899   435179   263849   433673   697733    82349    96017   654923   286427   642947   128153   563543    83597   373859   100703   507743   200657   561419    21227   538697   242453
   242447   538739    21017   561599   200609   507953   100493   373943    83459   563663   128033   643043   286199   655043   617387    76949   361973    31259   668813    31139   669023    30977   669113    30839   669329    30593   669659    30137   669887    30059   670139    29789   670343    18287   668699   623057    82619    44963   413807    56963   571973   136343   616547   326063   599513   192053   499397   138407   678989   161267   457559
   457607   160997   679067   138239   499493   191969   599537   325943   616589   136193   572027    56807   414053   656687    36353   352073    95747   604613    95279   604733    95219   604829    95009   605117    94613   605477    94463   605573    94397   605837    93923   606113    93683   606443    92699   604223   663653    43319   285953   643199   127979   563813    83417   374063   100469   508037   200513   561767    20939   539009   242399
   242309   539039    20879   561797   200483   508103   100403   374117    83219   564359   127913   643373   415517    36857   383099   109883   590489   109469   590573   109397   590627   109253   590867   108893   591137    99689   600659    99317   600833    99149   600983    98963   601067    98927   601379    75539   589877   663149   284489    56633   572093   135647   616787   325889   599603   191903   499523   138209   679127   160967   457697
   457913   160877   679157   138197   499649   191783   599663   325883   616799   135599   572303   645383   275459   351587    50723   649379    50549   649619    50363   649799    50177   649877    50069   650183    49529   650483    49463   650813    49019   651017    48767   651473    48497   651767    48197   652229    47279   649217   424547    54623   127703   564407    83207   374123   100343   508223   200357   561809    20849   539129   242093
   241979   539267    20543   561947   200153   508259   100313   374333    83177   564617   573179     5519   353819   293099   407489   292427   407639   292283   407783   292037   408137   291743   408437   291509   408563   291293   408719   290999   409043   290669   409349   290627   409517   290189   409823   290039   410117   287849   406883   694487   126827   135389   616829   325673   599693   191747   499853   138059   679463   160739   458027
   458123   160697   679607   137999   499943   191657   600167   325607   616943   131297   118277   394529    62597   637499    62477   637709    62219   637817    61703   638423    61553   638459    61343   638999    60953   639083    60869   639269    60443   639689    60293   639839    60149   640007    59957   640127    59747   640307    16649   637379   581729   568709    83063   374399    99839   508349   200063   562007    20399   539309   241883
   241817   539507    20297   562283   200033   508499    99767   374687   624209   520763   352193   135209   564917   135017   565337   134489   565637   134339   565787   134213   565919   134033   566057   133733   566567   133283   567053   132947   567143   132749   567383   132437   567659   132287   567947   131909   568367   131363   568877   130589   564653   179243    75797   325319   600239   191507   499973   137723   679709   160499   458189
   458327   160373   679823   137699   500153   191447   600293   325217    67289   382037   152519   547577   152423   547643   152297   547787   152189   547823   152003   548039   151937   548123   151817   548363   151607   548453   151517   548753   151169   548843   151049   549503   150497   549533   150383   549683   150299   549719   150239   550139   118907   547229   632717   374789    99713   508559   199853   562307    20183   539633   241679
   241643   539639    20177   562409   199673   508709    98519   408173   354317    89387   610703    89273   610817    89087   611069    88817   611207    88793   611459    88523   611543    88169   611927    88037   611999    87869   612173    87743   612377    87623   612497    87293   612923    86993   613163    86837   613253    86579   613607    86369   613763    83477   610439   291833   601487   191297   500333   137597   679829   160367   458363
   458543   160343   679859   137567   500369   511859   591089   309929   334247   366077   333779   366269   333719   366293   333623   366467   333323   366983   332987   367277   332699   367559   332393   367733   332183   367889   331907   368117   331553   368729   331217   369023   330887   369353   330587   369647   330347   369959   329873   370217   329393   370619   371627   365627   108917   188147   199637   562439    20147   539663   241463
   241343   539687    20123   562607   199523   489449   353867   108347   591743   108179   592133   107867   592289   107699   592649   107279   592763   107033   593183   106619   593519   106433   593633   106103   593987   106013   594023   105899   594449   105437   594617   105107   595073   104849   595247   104729   595313   104459   595613   104297   596009   103979   596093   102077   591509   210557   500483   137399   679883   160319   458663
   458669   160169   680027   565589   486797    42737   199403   500693   199049   501029   198929   501173   198689   501383   198503   501593   198347   501827   197963   502079   197759   502409   197507   502553   197159   502883   197033   503003   196799   503267   196709   503423   196523   503819   196043   504143   195809   504269   195527   504527   195443   504593   195407   504617   504983   500519   213209   134417    19979   539837   241337
   241259   539843   684269   122069   357359   207947   492083   207629   492413   207443   492629   207287   492893   206993   493067   206897   493127   206813   493403   206543   493523   206399   493733   206153   493937   206039   493973   206027   494069   205913   494387   205487   494609   205319   494699   205223   494849   205133   494903   205019   495119   204857   495449   204443   495569   198719   492053   577937    15737   160163   458747
   458879   159737     5639   353657   147689   552659   147299   552809   147107   552917   146933   553229   146543   553529   146423   553589   146273   553757   145799   554303   145589   554573   145307   554747   145253   554969   144887   555167   144719   555593   144323   555707   143999   556487   143243   556943   142979   557033   142949   557273   142697   557537   142433   557789   142019   558203   140939   552263   694367   540269   241127
   241013   525677   352907    29129   671189    28703   671357    28403   671717    28277   671777    27947   672227    27689   672557    27239   672827    27143   673019    26849   673193    26783   673247    26693   673613    26387   673649    26339   673769    26189   674117    25847   674273    25643   674483    25469   674699    25247   674837    25127   675029    24923   675197    24767   675347    24593   675593    23279   670853   174329   458993
   444767   354677   172883   527129   172673   527399   172553   527489   172373   527699   172217   527909   171869   528299   171383   528707   171077   529049   170777   529637   169943   530087   169913   530183   169769   530297   169667   530513   169457   530597   169313   530807   168863   531203   168743   531287   168143   531977   168023   532277   167633   532379   167483   532739   167249   532907   167087   533033   165947   526829   255239
   353747   254699   445799   254039   446003   253919   446273   253607   446657   253247   447107   252887   447137   252827   447683   251939   448367   251609   448829   251099   449003   250889   449153   250703   449333   250643   449663   250307   449807   250043   450083   249797   450227   249749   450413   249533   450503   249449   450587   249329   450719   249107   450917   248909   451103   248609   451523   247997   452159   247193   445229
