   261587   438443   261017   439007   260873   439157   260807   439253   260717   439463   260339   439799   259967   440177   259823   440339   259499   440849   259019   441029   258827   441263   258563   441479   258449   441563   258437   441887   257987   442139   257687   442367   257519   442517   257273   442817   257177   443039   256889   443129   256757   443363   256517   443837   256133   443987   255977   444089   255839   444929   346553
   444293   179813   520313   179657   520427   179573   520649   179327   520763   178853   521309   178643   521393   178559   521519   178469   521567   178403   521657   178187   521879   178103   522113   177839   522383   177383   522659   177269   522749   177167   523307   176573   523637   176333   523763   176213   523847   176129   524057   175919   524507   175067   525017   174749   525353   174413   525599   174329   173807   698903   255713
   255659   525809    35753   664403    35423   664613    35339   664679    35267   664847    34883   665267    34703   665507    34457   665603    34283   665747    34217   666143    33773   666437    33479   666647    33149   666983    32993   667019    32579   667577    32363   667697    32237   667817    32057   668033    31847   668609    31319   668699    31259   668813    31139   669023    30977   669113    30839   670343   346187   174197   444347
   444539   174137   669329   153743   546317   153437   546599   153287   546869   153113   546947   152909   547223   152777   547487   152429   547583   152363   547709   152219   547817   152183   548003   151967   548069   151883   548189   151643   548399   151553   548489   151253   548837   151163   548957   150503   549509   150473   549623   150323   549707   150287   549767   149867   550169   149717   561947   336827    30677   525869   255467
   255383   526037    30593   550379   214463   485567   213953   486119   213827   486293   213599   486449   213467   486677   213209   486833   213029   487007   212873   487427   212369   487709   212117   488009   211949   488513   211433   488603   211373   488687   211283   488759   211097   489179   210809   489407   210557   489479   210467   489659   210317   489743   210173   490019   209837   208223   629567   149627   669413   173969   444623
   444677   173933   669659   149579   490367   206033   493979   205937   494093   205619   494519   205397   494687   205307   494849   205133   494903   205019   495119   204857   495449   204443   495569   204377   495647   204299   495773   204107   495947   204047   495983   203999   496163   203663   496427   203117   496949   202889   497339   202409   497603   202343   497729   202049   200723   645629   209639   550427    30347   526073   255329
   255239   526139    30137   550607   209543   498053   115727   584393   115589   584663   115133   584879   115013   585317   114593   585587   114329   585737   114167   585863   114089   586037   113933   586349   113513   586589   113327   586793   113027   587087   112787   587417   112577   587603   112337   587753   112019   588113   111833   588239   111659   588383   111497   590123   346043   201953   490463   149399   669869   173867   444767
   444833   173783   669887   149249   490859   201797   588683   341927   358229   341729   358499   341339   358703   341273   358979   340979   359069   340877   359147   340709   359357   340169   360167   339749   360593   339257   360869   338993   361337   338573   361463   338369   361727   338237   361793   338207   361973   338027   362099   337859   362213   337697   367277   342647   111323   498209   209147   550757    30119   526223   255173
   255137   526307    30059   550937   209039   498557   111269   362657    96749   603563    96059   603989    95783   604259    95393   604727    95273   604829    95009   605117    94613   605477    94463   605573    94397   605837    93923   606113    93683   606443    93557   606503    93479   606587    93263   606959    92957   607157    92753   607307    92669   607769   347873   337349   588737   201449   490967   149069   669947   173699   444869
   444953   173357   670139   149033   491129   201359   588743   337313   607349   159833   540233   159737   540377   159623   540389   159569   540599   159293   540773   159227   540989   158909   541349   158567   541469   158429   541613   158243   541817   157889   542183   157799   542237   157559   542483   157427   542747   157133   542987   157007   545063   346547    92657   362693   111263   498647   208877   550973    29867   526649   255053
   254987   526709    29789   551093   208787   498803   111227   362723    92489   543287   142469   557573   142217   557987   141803   558287   141509   558563   141179   559067   140729   559343   140639   559529   140423   559667   140333   559709   140207   559883   139967   560123   139709   560459   139409   560639   139169   560873   139109   562007   347513   156719   607517   337283   588779   201203   491219   148913   670217   173297   445019
   445229   173273   670577   148667   491333   200867   588953   336989   607619   156707   560939    67853   632273    67709   632327    67559   632459    67523   632699    67289   633197    66797   633257    66629   633473    66509   633623    66377   633767    66173   633923    65993   634079    65837   634307    65633   634397    65357   634859   348209   139067   543299    92387   363017   111053   499139   208673   551339    29429   526733   254777
   254699   526739    29423   551489   208667   499349   111029   363119    91733   543383   138959   634679   301703   398357   301583   398543   301247   398933   300869   399149   300809   399227   300743   399689   300119   399983   300017   400199   299699   400559   299363   400859   299063   401069   298589   401957   298013   405497   344243    65327   561047   156623   608273   336887   588977   200657   491339   148517   670583   173267   445307
   445799   173177   670619   148457   491417   200609   589187   336857   608303   156467   561083    65213   402053    55949   644117    55487   644549    55337   644747    55217   644843    55073   645023    54869   645233    54623   645443    54539   645503    54323   645713    54269   645839    53993   646067    53849   647117   348353   297953   634793   138923   543539    91703   363149   110819   499397   208589   551549    29387   526829   254207
   254039   527123    29333   551813   208577   499493   110597   363317    91583   543659   138647   634943   297809   646193   116639   583469   116483   583619   116279   583733   116009   584027   115853   584183   115757   593519   106433   593633   106103   593987   106013   594023   105899   594569   105389   602333   332117    53813   402197    65063   561359   156347   608423   336689   589409   200513   491429   148193   670673   172883   445967
   446003   172877   670763   148157   491537   200483   589439   336437   608429   156119   561377    65027   402299    53699   594899   102797   597353   102587   597473   102407   597677   102317   597803   102107   597929   101999   598049   101879   598379   101363   598727   101207   599153   100733   600167   347957   105107   646307   297707   634979   138629   543887    91577   363569   110567   499523   208469   551849    29243   527129   254003
   253919   527333    29153   551927   208379   499649   110477   363767    91397   544223   138617   635003   297623   646397   104933   599303    38183   662357    37529   662513    37313   662789    37139   662957    36857   663239    36599   663539    36353   663713    36269   663797    36137   682427   330347   100703   595073    53609   402383    65003   561389   155783   608609   336239   589529   200357   491627   148079   670853   172673   446087
   446273   172607   670877   148073   491639   200153   589877   336059   608633   155747   561419    64919   402503    53147   595157   100493   664043   272759   427403   272567   427457   272477   427913   272039   427997   272003   428039   271829   428303   271637   428489   271367   270443   507329    35963   599513   104849   646859   297503   635087   138587   544259    91373   363947   110129   499853   208367   551933    29129   527399   253733
   253607   527453    28817   552029   208337   499943   109517   363977    91163   544919   138407   635339   297083   646889   104759   599537    35897   428843    20849   679463    20399   679709    20183   679829    20147   679883    19979   680213    19709   680453    19373   687359   342497   271163   664109   100469   595247    53117   402923    64667   561599   155087   608843   336029   590489   200063   491669   147977   671189   172553   446399
   446657   172517   671303   147827   491789   200033   590537   335879   608987   155069   561767    64499   403037    53093   595277   100403   674273   270923   680993    81077   619187    80039   620033    79907   620117    79847   620183    79769   620393    79367   620777   349343    19013   429083    25733   599603   104729   646913   296969   635507   138239   544937    91019   364127   109469   499973   208217   552179    28703   527489   253349
   253247   527633    28649   552263   208139   500153   109433   364193    90863   544979   138209   635567   296909   646937   104693   599663    25643   429347    18959   620657    77933   622157    77513   622529    77369   622793    77003   623057    76679   628673   344327    79349   681047   270659   674363   100343   595313    53069   403097    64439   561797   155027   609143   335813   590573   199853   491867   147743   671357   172373   446759
   447107   172307   671603   147689   491969   199673   590609   335693   609173   154619   561809    64403   403163    52973   595547   100313   674537   270593   681089    79193   623717    11273   688763    11117   688979    10973   689267    10613   693353   345689    76289   620813    18917   429413    25469   599693   104459   647033   296843   635603   138197   545387    90833   364313   109397   500333   208037   552317    28403   527699   252899
   252887   527789    28289   552659   207953   500369   109379   364337    90647   545483   137723   635849   296753   647039   104393   600239    25307   429467    18869   621017    76283   689693   245183   454919   245039   454973   244787   240203   564917    10313   623723    78989   681137   270539   674699    99767   595613    52967   403253    64157   562283   154523   609359   335669   590627   199637   492053   147347   671717   172217   447119
   447137   172097   671729   147299   492059   199523   590753   335633   609407   154247   562307    64067   403499    52937   595709    99713   674759   270509   681167    78977   624209    10139   455339     8369   691709     8243   354257   687437   244667   689867    75797   621029    18839   429497    25247   600293   104297   647069   296507   635939   137699   545759    90599   364373   109253   500483   207947   552707    28277   527909   252869
   252827   528137    28229   552809   207923   500519   109139   364499    90473   545933   137597   635969   296249   647147   103997   600317    25169   429599    18749   621113    75773   689873   244493   691787    72053   653363   324593     8219   455513    10133   624233    78893   681257   270407   674837    99689   596009    52859   403757    64037   562409   154073   609533   335507   590867   199487   492083   147197   671777   171869   447179
   447683   171707   672059   147107   492377   199403   591089   335123   609599   154067   562439    63857   403877    52817   596027    99347   674879   270329   681293    78779   624347    10103   455603   692333   602543   350003    97463     7673   244403   689903    75659   621227    18713   429677    25127   600659   103979   647189   296129   636149   137567   545939    90407   364883   108917   500603   207629   552899    27947   528299   252323
   251939   528623    27779   552917   207593   500693   108893   364997    90263   546053   137393   636263   296117   647333   103913   600689    24977   429683    18587   621353    75539   690119   235877   344957   375413    46643   627953   355049   464129     9887   624467    78653   681419   270323   675029    99317   596093    52673   403889    63743   562613   153953   609743   335009   591113   199313   492413   147089   672227   171383   448067
   448367   171299   672317   146933   492563   199049   591137   334877   609779   144719   562703    63719   403979    52553   596117    99173   675083   270287   681563    78479   624479   690377   678437    12569     8297   691763   345749   691637    21569     9629    75527   621527    18443   429719    24923   600833   103889   647453   296027   636287   137303   555287    90227   365129   108869   500957   207443   553073    27689   528707   251639
   251609   528929    27449   553229   207377   501029   108497   365213    90203   555593   136889   636359   295517   647477   103643   600857    24809   429797    18329   621833    74687     4133   135089   245087   454967   245033   455219   459803   454823   695873   625319    78173   681677   270209   675197    99149   596363    52529   404489    63647   563117   144413   609803   334793   591509   198977   492629   146777   672557   171077   448397
   448829   170957   672767   146543   492719   198929   591659   334637   609809   144323   563357    63599   404693    52517   596423    99023   675239   269987   681719   621869   617387   354317    11243   688889    11027   689033    10739   689393     6653   688733    82619    78137    18287   430019    24767   600983   103583   647489   295313   636407   136649   555683    90197   365369   108347   501077   207287   553463    27239   529049   251177
   251099   529229    27179   553529   207113   501173   108263   365513    90017   556007   136559   636473   295187   647627   103217   601043    24659   430343   681773    75029   355679    77849   622493    77477   622637    77213   623003    76949   623327    71333   622073   624977    18233   269663   675347    98963   596789    52379   404819    63533   563447   143999   609989   334493   591743   198833   492893   146477   672827   170777   448907
   449003   170369   672863   146423   493013   198719   591827   334379   610157   143519   563543    63473   404969    52313   596927    98939   675413   432149     8597   350663    80819   619967    79973   620099    79889   620159    79823   620237    79613   620639    79229   618929   691409   267857    24593   601067   103079   647693   295037   636533   136463   556487    89849   365627   108179   501287   206993   553583    27143   529637   251003
   250889   530063    26987   553589   206939   501317   107873   365759    89819   556763   136343   636539   294659   647747   103043   601079    17729   422759   357509    20543   679607    20297   679823    20177   679859    20123   680027    19793   680297    19553   680633    12647   679157   277247   682277    98927   596963    52259   405347    63467   563663   143243   610187   334247   592133   198689   493067   146417   673019   169943   449117
   449153   169919   673157   146273   493109   198623   592139   333929   610409   143063   563813    63443   405527    52253   597053   612923   649799   192677   272603   427439   272549   427529   272093   427967   272009   428003   271967   428177   271703   428369   271517   428639   429563   427247    50207    87083   102953   647753   294479   636563   136193   556943    89597   366077   107867   501383   206897   553733    26849   530087   250853
   250703   530093    26813   553757   206879   501503   107717   366227    89567   557027   135647   636653   294347   647783   100937    82163   369659    37649   662477    37493   662693    37217   662867    37049   663149    36767   663407    36467   663653    36293   663737    36209   663869    17579   661823   617843   599069    52223   405659    63353   564359   142979   610439   333779   592289   198503   493127   146249   673193   169913   449303
   449333   169823   673223   145799   493193   198413   592307   333737   610619   142973   564407    63197   405689   649643   568877   352049   102653   597419   102533   597599   102329   597689   102203   597899   102077   598007   101957   598127   101627   598643   101279   598799   100853   599273    99839   597209   131129    50363   294317   636809   135599   557033    89387   366269   107699   501593   206813   554207    26783   530183   250673
   250643   530237    26759   554303   206603   501659   107357   366287    89303   557057   135389   636947   406907    45959   367889   116537   583523   116387   583727   116273   583997   115979   584153   115823   584249   106487   593573   106373   593903   106019   593993   105983   594107   105437   594617    97673   583367   654047   293099    63059   564617   142949   610703   333719   592649   198347   493403   145703   673247   169769   449363
   449663   169709   673313   145589   493463   198179   592727   333713   610733   142733   564653   637379   282167   351653    55889   644519    55457   644669    55259   644789    55163   644933    54983   645137    54773   645383    54563   645467    54503   645683    54293   645737    54167   646013    53939   646157    52889   644057   417839    62627   135353   557273    89273   366293   107279   501827   206543   554417    26693   530297   250343
   250307   530339    26393   554573   206483   502043   107243   366383    89189   557309   565973    57059   355763   301649   398423   301463   398759   301073   399137   300857   399197   300779   399263   300317   399887   300023   399989   299807   400307   299447   400643   299147   400943   298937   401417   298049   401993   294509   398303   642947   134033   142697   610817   333623   592763   197963   493523   145433   673613   169667   449699
   449807   169493   673619   145307   493607   197927   592973   333539   610919   562607   127163   351797    67733   632297    67679   632447    67547   632483    67307   632717    66809   633209    66749   633377    66533   633497    66383   633629    66239   633833    66083   634013    65927   634169    65699   634373    65609   634649    65147   632153   572843   137399    89087   366467   107033   502079   206399   554699    26387   530513   250199
   250043   530549    26357   554747   206273   502247   106823   366683   613163   128153   352493   142433   557789   142019   558203   141719   558497   141443   558827   140939   559277   140663   559367   140477   559583   140339   559673   140297   559799   140123   560039   139883   560297   139547   560597   139367   560837   139133   560897   137999   557537   571853    86843   333323   593183   197759   493733   145259   673649   169457   449963
   450083   169409   673667   145253   493853   197597   593387   372167    79427   353459   159773   540269   159629   540383   159617   540437   159407   540713   159233   540779   159017   541097   158657   541439   158537   541577   158393   541763   158189   542117   157823   542207   157769   542447   157523   542579   157259   542873   157019   542999   154943   540173   620579   327839   106619   502409   206153   554753    26339   530597   249923
   249797   530693    26237   554969   206069   502499   594449   314213   352133    96443   603947    96017   604223    95747   604613    95279   604733    95177   604997    94889   605393    94529   605543    94433   605609    94169   606083    93893   606323    93563   606449    93503   606527    93419   606743    93047   607049    92849   607253    92699   607337    92237   603257   385793   105557   197507   493937   145037   673769   169313   450209
   450227   169199   673817   144887   493967   504593    95219   357359   341777   358277   341507   358667   341303   358733   341027   359027   340937   359129   340859   359297   340649   359837   339839   360257   339413   360749   339137   361013   338669   361433   338543   361637   338279   361769   338213   361799   338033   361979   337907   362147   337793   362309   332729   358079   604787   195413   206039   555119    26189   530807   249779
   249749   531143    25889   555167   494783   484733   353963   115613   584417   115343   584873   115127   584993   114689   585413   114419   585677   114269   585839   114143   585917   113969   586073   113657   586493   113417   586679   113213   586979   112919   587219   112589   587429   112403   587669   112253   587987   111893   588173   111767   588347   111623   588509   109883   584279   215273   205223   144839   674117   168863   450257
   450413   168803   674159   555707   477809    54377   206027   494069   205913   494387   205487   494609   205319   494699   205157   494873   205103   494987   204887   495149   204557   495563   204437   495629   204359   495707   204233   495899   204059   495959   204023   496007   203843   496343   203579   496889   203057   497117   202667   497597   202403   497663   202277   497957   499283   493973   222197   144299    25847   531203   249593
   249533   531263   674483   124577    70439   214439   486053   213887   486179   213713   486407   213557   486539   213329   486797   213173   486977   212999   487133   212579   487637   212297   487889   211997   488057   211493   488573   211403   488633   211319   488723   211247   488909   210827   489197   210599   489449   210527   489539   210347   489689   210263   489833   209987   490169   491783   485543   575429    25523   168743   450473
   450503   533963    14327   363179   153689   546569   153407   546719   153137   546893   153059   547097   152783   547229   152519   547577   152423   547643   152297   547787   152189   547823   152003   548039   151937   548123   151817   548363   151607   548453   151517   548753   151169   548843   151049   549503   150497   549533   150383   549683   150299   549719   150239   550139   149837   550289   138059   546263   685679   166043   249503
   452009   506147   353819    35603   664583    35393   664667    35327   664739    35159   665123    34739   665303    34499   665549    34403   665723    34259   665789    33863   666233    33569   666527    33359   666857    33023   667013    32987   667427    32429   667643    32309   667769    32189   667949    31973   668159    31397   668687    31307   668747    31193   668867    30983   669029    30893   669167    29663   664253   193859   247997
   234599     1103   179693   520349   179579   520433   179357   520679   179243   521153   178697   521363   178613   521447   178487   521537   178439   521603   178349   521819   178127   521903   177893   522167   177623   522623   177347   522737   177257   522839   176699   523433   176369   523673   176243   523793   176159   523877   175949   524087   175499   524939   174989   525257   174653   525593   174407   525677   526199   520193   465407
   353453   261563   438989   260999   439133   260849   439199   260753   439289   260543   439667   260207   440039   259829   440183   259667   440507   259157   440987   258977   441179   258743   441443   258527   441557   258443   441569   258119   442019   257867   442319   257639   442487   257489   442733   257189   442829   256967   443117   256877   443249   256643   443489   256169   443873   256019   444029   255917   444167   255077   438419
