   265547   434813   265157   434927   264899   435179   264749   435263   264443   435569   264359   435653   264167   435893   264083   435947   263909   436157   263723   436439   263399   436739   262853   437273   262649   437363   262313   437753   262187   437867   261977   438047   261773   438419   261563   438989   260999   439133   260849   439199   260753   439289   260543   439667   260207   440039   259829   440183   259667   258827   528929
   440507   183569   516617   183383   516689   183167   516947   183047   517073   182927   517217   182639   517403   182549   517469   182519   517553   182417   517619   182129   517949   181757   518387   181409   518729   181199   518813   180779   519257   180647   519383   180497   519587   179939   520103   179813   520313   179657   520427   179573   520649   179327   520763   178853   521309   178643   521393   178559   521567   347933   259499
   259157   521519    39089   660983    38903   661139    38747   661439    38459   661553    38393   661673    38327   661769    38183   662357    37529   662513    37313   662789    37139   662957    36857   663239    36599   663539    36353   663713    36269   663797    36137   664043    35897   664253    35603   664583    35393   664667    35327   664739    35159   665123    34739   665303    34499   665549    34403   672227   340877   178487   440849
   440987   178469   665723   158429   541613   158243   541817   157889   542183   157799   542237   157559   542483   157427   542747   157133   542987   157007   543287   156707   543383   156467   543659   156119   544223   155747   544919   155069   544979   154943   545387   154523   545759   154073   545939   153953   546263   153689   546569   153407   546719   153137   546893   153059   547097   152783   547643   346187    34283   521537   259019
   258977   521603    34259   547229   219587   480503   219437   480713   219017   481043   218873   481157   218627   481589   217907   482213   217697   482387   217499   482597   217319   482753   217169   483389   216233   483827   215939   484079   215723   484607   215393   484727   215273   484853   214943   485123   214589   485447   214463   485567   213953   486119   213827   486293   213599   486977   347099   152777   665747   178403   441029
   441263   178349   665789   152519   486449   208673   491339   208589   491429   208469   491627   208367   491669   208223   491789   208037   492053   207947   492083   207629   492413   207443   492629   207287   492893   206993   493067   206897   493127   206813   493403   206543   493523   206399   493733   206153   493937   206039   493973   206027   494069   205913   494387   205487   494609   348443   213557   547487    34217   521657   258743
   258563   521819    33863   547577   213467   494687   118457   581597   118343   581729   118253   581843   117989   582167   117833   582209   117779   582509   117443   582677   117269   582767   117119   582983   116993   583139   116639   583469   116483   583619   116279   583733   116009   584027   115853   584183   115757   584279   115613   584417   115343   584873   115127   587987   345329   205319   486539   152429   666143   178187   441443
   441479   178127   666233   152423   486677   205307   584993   346139   353963   345749   354317   345473   354743   345227   355037   344957   355463   344363   355679   344243   355799   344153   355967   343913   356219   343313   356933   343037   357107   342659   357353   342647   357437   342497   357593   342347   357767   342197   358079   341777   358277   341507   358667   347513   115013   494699   213329   547583    33773   521879   258527
   258449   521903    33569   547709   213209   494783   114689   358703   100403   599663   100313   600167    99767   600293    99689   600659    99317   600833    99149   600983    98963   601067    98627   601487    98123   601949    97973   602039    97919   602333    97553   602543    97379   602639    97007   603047    96857   603209    96779   603257    96443   615617   336059   341303   585317   205223   486797   152297   666437   178103   441557
   441563   177893   666527   152219   486833   205157   585413   341273   603947   164309   535727   164249   535859   164039   536147   163733   536699   162593   537587   162263   537749   161957   538127   161807   538367   161453   538697   161267   539009   160967   539129   160739   539309   160373   539639   160343   539687   160169   539843   159857   541349   347057    96059   358733   114593   494849   213173   547787    33479   522113   258443
   258437   522167    33359   547817   212999   494873   114419   358979    96017   540167   146933   553229   146543   553529   146423   553589   146273   553757   145799   554303   145589   554573   145307   554747   145253   554969   144887   555167   144719   555593   144323   555707   143999   556763   143063   557027   142973   557057   142733   557309   347957   159839   603989   341027   585587   205133   487007   152189   666647   177839   441569
   441887   177623   666857   152183   487133   205103   585677   340979   604223   159833   557537    71867   628217    71633   628673    71327   628757    71129   628937    70997   629339    70589   629567    70163   629927    70067   629987    69899   630197    69653   630467    69317   630803    69143   631013    68819   631229    68699   631859   347813   142469   540173    95783   359027   114329   494903   212873   547823    33149   522383   258119
   257987   522623    33023   548003   212579   494987   114269   359069    95747   540233   142433   631409   305363   394739   305219   395027   304937   395159   304763   395453   304349   396203   303767   396293   303683   396413   303497   396533   303377   396713   303287   396887   303053   397037   302747   397283   302579   299447   446273    68597   557573   159773   604259   340937   585737   205019   487427   152003   666983   177383   442019
   442139   177347   667013   151967   487637   204887   585839   340859   604613   159737   557789    68477   397433    59747   640307    59417   640613    59357   640733    59159   640943    58913   641279    58679   641579    58367   641789    58193   641897    57809   642233    57587   642623    57269   642899    57059   659177   332447   302573   631529   142217   540269    95393   359147   114167   495119   212369   548039    32993   522659   257867
   257687   522737    32987   548069   212297   495149   114143   359297    95279   540377   142019   631559   302513   643043   120503   579533   120299   579713   120233   580259   119633   580379   119429   580763   119087   581099   118673   588977   110819   589409   110567   589529   110129   590123   109517   595157   336239    56963   397493    68447   557987   159629   604727   340709   585863   204857   487709   151937   667019   177269   442319
   442367   177257   667427   151883   487889   204557   585917   340649   604733   159623   558203    67883   397547    56807   590537   107033   593183   106619   593519   106433   593633   106103   593987   106013   594023   105899   594449   105437   594899   104933   595247   104729   595313   104459   597599   346553   109469   643199   302459   632123   141803   540383    95273   359357   114089   495449   212117   548123    32579   522749   257639
   257519   522839    32429   548189   211997   495563   113969   359837    95219   540389   141719   632153   302417   643373   109433   595613    41399   658649    41189   659159    40583   659513    40283   659843    39953   660119    39869   660167    39779   660347    39503   660563    39323   677927   331889   104393   590573    56633   397589    67853   558287   159617   604787   340169   586037   204443   488009   151817   667577   177167   442487
   442517   176699   667643   151643   488057   204437   586073   339839   604829   159569   558497    67733   398063    56543   590609   104297   660887   275999   424019   275969   424169   275783   424433   275459   424559   275339   424967   275003   425189   274709   425309   274583   426353   348209    39119   595709   109397   643463   301943   632273   141509   540437    95177   360167   113933   495569   211949   548363    32363   523307   257489
   257273   523433    32309   548399   211493   495629   113657   360257    95009   540599   141443   632297   301877   643553   109379   596009    39113   425489    23789   676253    23747   676337    23633   676469    23417   676649    23327   676727    23087   676943    23039   692249   334379   274517   660893   103997   590627    56453   398129    67709   558563   159407   604997   339749   586349   204377   488513   151607   667697   176573   442733
   442817   176369   667769   151553   488573   204359   586493   339413   605117   159293   558827    67679   398213    56417   590753   103979   660899   274457   676979    84407   615743    84239   615827    84137   616073    83903   616229    83717   616367    83597   617447   348353    23027   425549    39107   596027   109253   643589   301793   632327   141179   540713    94889   360593   113513   495647   211433   548453    32237   523637   257189
   257177   523673    32189   548489   211403   495707   113417   360749    94613   540773   140939   632447   301703   643883   109139   596093    29333   425603    22859   616529    82469   617657    82307   617843    81953   618257    81737   618329    81629   638459   329393    83477   677147   274403   670673   103913   590867    56123   398303    67559   559067   159233   605393   339257   586589   204299   488603   151517   667817   176333   442829
   443039   176243   667949   151253   488633   204233   586679   339137   605477   159227   559277    67547   398357    56087   591089   103889   670763   274223   677309    83459   618437    14033   686009    13967   686099    13829   686453    13487   687107   349043    81569   616547    22697   425783    29243   596117   108917   643919   301649   632459   140729   540779    94529   360869   113327   495773   211373   548753    32057   523763   256967
   256889   523793    31973   548837   211319   495899   113213   361013    94463   540989   140663   632483   301583   644009   108893   596363    29153   425819    22619   616589    81299   686639   249797   450227   249749   450413   249533   465293   335009    13367   618707    83417   677387   274187   670853   103643   591113    55997   398423    67523   559343   159017   605543   338993   586793   204107   488687   151169   668033   176213   443117
   443129   176159   668159   151163   488723   204059   586979   338669   605573   158909   559367    67307   398543    55949   591509   103583   670877   274103   677639    83219   618833    13337   450503    12227   687809    12113   688073   349793   249503   686669    81173   616787    22367   425903    29129   596423   108497   644057   301463   632699   140639   541097    94433   361337   113027   495947   211283   548843    31847   523847   256877
   256757   523877    31397   548957   211247   495959   112919   361433    94397   541439   140477   632717   301247   644117   108347   596789    28817   425987    22349   616799    81077   686789   249449   688067    75323   639563   335123    11939   450557    13217   618929    83207   677657   274019   671189   103217   591659    55889   398759    67289   559529   158567   605609   338573   587087   204047   488759   151049   668609   176129   443249
   443363   175949   668687   150503   488909   204023   587219   338543   605837   158537   559583    66809   398933    55487   591743   103079   671303   273929   677813    83177   619187    13163   450587   693179   609803   350003    90203     6827   249419   686843    80819   616829    22193   426077    28703   596927   108263   644519   301073   633197   140423   541469    94169   361463   112787   495983   211097   549503    31319   524057   256643
   256517   524087    31307   549509   210827   496007   112589   361637    93923   551549   140339   633209   300869   644549   108179   596963    28649   426233    21929   616943    80039   686879   456149     6329   364883    60443   624683   693677   243857    13127   619967    83063   678077   273773   671357   103043   591827    55457   399137    66797   559667   148457   606083   338369   587417   203999   489179   150497   668699   175919   443489
   443837   175499   668747   150473   489197   203843   587429   338279   606113   148193   559673    66749   399149    55337   592133   102953   671603   273719   678203    83009   620033   688637   228539   350213    12197   687893    11933   687779   471467    11369    79973   616997    21803   426287    28403   597053   107873   644669   300857   633257   140333   551813    93893   361727   112577   496163   210809   549533    31259   524507   256169
   256133   524939    31193   549623   210599   496343   112403   361769    93683   551849   140297   633377   300809   644747   107867   597209    28289   426389    21599   617249    78977     9587   364997   249779   450257   249593   450473   234713   450209   690419   621029    82757   678407   273617   671717   102797   592139    55259   399197    66629   559709   148157   606323   338237   587603   203663   489407   150383   668813   175067   443873
   443987   174989   668867   150323   489449   203579   587669   338213   606443   148079   559799    66533   399227    55217   592289   102653   671729   273269   678437    82619   599069   350963    13997   686039    13907   686177    13553   686519    12899   685973   100937   617387    21569   426737    28277   597353   107717   644789   300779   633473   140207   551927    93563   361793   112337   496427   210557   549683    31139   525017   256019
   255977   525257    30983   549707   210527   496889   112253   361799    93557   551933   140123   633497   300743   644843   107699   597419    28229   426773   679127   614387   370613    82349   617699    82163   618053    81749   618269    81677   618377    61547   617537    85619    20879   273233   671777   102587   592307    55163   399263    66509   559883   148073   606449   338207   587753   203117   489479   150299   669023   174749   444029
   444089   174653   669029   150287   489539   203057   588113   338033   606503   147977   560039    66383   399689    55073   592649   102533   672059   427079     3767   351653    84263   615767    84179   615869    83933   616103    83777   616289    83639   616409    82559   615599   696239   272927    27947   597473   107357   644933   300317   633623   139967   552029    93503   361973   111893   496949   210467   549719    30977   525353   255917
   255839   525593    30893   549767   210347   497117   111833   361979    93479   552263   139883   633629   300119   645023   107279   597677    26339   269183   365627    23753   676259    23669   676373    23537   676589    23357   676679    23279   676919    23063   676967     7757   676217   430823   673667   102329   592727    54983   399887    66377   560123   147743   606527   338027   588173   202889   489659   150239   669113   174413   444167
   444293   174407   669167   149867   489689   202667   588239   337907   606587   147689   560297    66239   399983    54869   592763   615473   652499   351797   275987   424037   275837   424223   275573   424547   275447   424667   275039   425003   274817   425297   274697   425423   273653   424007    47507    84533   107243   645137   300023   633767   139709   552317    93419   362099   111767   497339   210317   550139    30839   525599   255713
   255659   525677    30677   550169   210263   497597   111659   362147    93263   552659   139547   633833   300017   645233   594617    77003   368117    41357   658817    40847   659423    40493   659723    40163   660053    39887   660137    39839   660227    39659   660503    39443   660683    22079   658607   623003   105389    54773   399989    66173   560459   147347   606743   337859   588347   202409   489743   149837   669329   174329   444347
   444539   174197   669413   149717   489833   202403   588383   337793   606959   147299   560597    66083   400199    54377    78893   353453   106823   593387   106487   593573   106373   593903   106019   593993   105983   594107   105557   594569   105107   595073   104759   595277   104693   595547   102407   592973   621113   645629   299807   633923   139409   552707    93047   362213   111623   497603   210173   550289    30593   525809   255467
   255383   525869    30347   550379   209987   497663   111497   362309    92957   552809   139367   634013   404489   624233   363767   120473   579707   120293   579773   119747   580373   119627   580577   119243   580919   118907   581333   111029   589187   110597   589439   110477   589877   109883   590489   104849   579503    75773   295517    65993   560639   147197   607049   337697   588509   202343   490019   149627   669659   174137   444623
   444677   173969   669869   149579   490169   202277   588683   337349   607157   147107   560837   636809   387263   367559    59699   640589    59393   640649    59273   640847    59063   641093    58727   641327    58427   641639    58217   641813    58109   642197    57773   642419    57383   642737    57107   642947    40829   640259   312743    63197   139169   552899    92849   362657   111323   497729   209837   550427    30137   526037   255329
   255239   526073    30119   550607   209639   497957   111269   362693    92753   552917   561947    57173   253733   305267   394787   304979   395069   304847   395243   304553   395657   303803   396239   303713   396323   303593   396509   303473   396629   303293   396719   303119   396953   302969   397259   302723   397427   400559   394643   642833   138059   147089   607253   337313   588737   202049   490367   149399   669887   173933   444767
   444833   173867   669947   149249   490463   201953   588743   337283   607307   556487   129593   352193    71789   628373    71333   628679    71249   628877    71069   629009    70667   629417    70439   629843    70079   629939    70019   630107    69809   630353    69539   630689    69203   630863    68993   631187    68777   631307    68147   628139   570413   143519    92699   362723   111263   498053   209543   550757    30059   526139   255173
   255137   526199    29867   550937   209147   498209   111227   363017   609779   124337   352049   146777   553463   146477   553583   146417   553733   146249   554207   145703   554417   145433   554699   145259   554753   145037   555119   144839   555287   144413   555683   144299   556007   143243   556943   142979   557033   142949   557273   142697   553073   575669    90227   336989   588779   201797   490859   149069   670139   173807   444869
   444929   173783   670217   149033   490967   201449   588953   336827    70199   352949   164279   535757   164147   535967   163859   536273   163307   537413   162419   537743   162257   538049   161879   538199   161639   538553   161309   538739   160997   539039   160877   539267   160697   539633   160367   539663   160319   539837   160163   540149   158657   535697   629807   363179   111053   498557   209039   550973    29789   526223   255077
   255053   526307    29663   551093   208877   498647   591137   353747   363947   100343   599693    99839   600239    99713   600317    99347   600689    99173   600857    99023   601043    98939   601379    98519   601883    98057   602033    97967   602087    97673   602453    97463   602627    97367   602999    96959   603149    96797   603227    96749   603563    84389   599603   346259   108869   201359   491129   148913   670343   173699   444953
   445019   173357   670577   148667   491219   503483    98927   352493   346043   354257   345689   354533   345263   354779   344969   355049   344543   355643   344327   355763   344207   355853   344039   356093   343787   356693   343073   356969   342899   357347   342653   357359   342569   357509   342413   357659   342239   357809   341927   358229   341729   358499   341339   353867   601079   196523   208787   551339    29429   526649   254987
   254777   526709    29423   551489   491867   189389   354677   118409   581663   118277   581753   118163   582017   117839   582173   117797   582227   117497   582563   117329   582737   117239   582887   117023   583013   116867   583367   116537   583523   116387   583727   116273   583997   115979   584153   115823   584249   115727   584393   115589   584663   115133   584879   112019   581549   510617   208139   148517   670583   173297   445229
   445307   173273   670619   552179   197507   351563   208667   491417   208577   491537   208379   491639   208337   491783   208217   491969   207953   492059   207923   492377   207593   492563   207377   492719   207113   493013   206939   493109   206879   493193   206603   493463   206483   493607   206273   493853   206069   493967   206033   493979   205937   494093   205619   494519   205397   491333   502499   147827    29387   526733   254699
   254207   526739    27179   136649   352907   219503   480569   219293   480989   218963   481133   218849   481379   218417   482099   217793   482309   217619   482507   217409   482687   217253   482837   216617   483773   216179   484067   215927   484283   215399   484613   215279   484733   215153   485063   214883   485417   214559   485543   214439   486053   213887   486179   213713   486407   213029   480419   563357   672827   173267   445799
   445967   530093   656687   353819   158393   541763   158189   542117   157823   542207   157769   542447   157523   542579   157259   542873   157019   542999   156719   543299   156623   543539   156347   543887   155783   544259   155087   544937   155027   545063   154619   545483   154247   545933   154067   546053   153743   546317   153437   546599   153287   546869   153113   546947   152909   547223   152363   541577    43319   169913   254039
   250043   160499   359129    39023   661103    38867   661259    38567   661547    38453   661613    38333   661679    38237   661823    37649   662477    37493   662693    37217   662867    37049   663149    36767   663407    36467   663653    36293   663737    36209   663869    35963   664109    35753   664403    35423   664613    35339   664679    35267   664847    34883   665267    34703   665507    34457   665603    27779   660917   539507   449963
   620159   352073   183389   516623   183317   516839   183059   516959   182933   517079   182789   517367   182603   517457   182537   517487   182453   517589   182387   517877   182057   518249   181619   518597   181277   518807   181193   519227   180749   519359   180623   519509   180419   520067   179903   520193   179693   520349   179579   520433   179357   520679   179243   521153   178697   521363   178613   521447   178439   516437    79847
   171077   265193   434849   265079   435107   264827   435257   264743   435563   264437   435647   264353   435839   264113   435923   264059   436097   263849   436283   263567   436607   263267   437153   262733   437357   262643   437693   262253   437819   262139   438029   261959   438233   261587   438443   261017   439007   260873   439157   260807   439253   260717   439463   260339   439799   259967   440177   259823   440339   441179   434459
