   269987   430343   269579   430433   269519   430769   269183   430949   268643   431369   268607   431513   268439   431603   268343   431807   268013   432143   267857   432203   267719   432359   267593   432437   267557   432527   267419   432989   266957   433073   266927   433319   266633   433673   266159   433877   266117   434249   265739   434297   265703   434387   265547   434813   265157   434927   264899   435179   264749   435647   346223
   435263   188519   511523   188303   511757   188147   512537   187463   512573   187409   512657   187163   513047   186947   513137   186653   513419   186239   513899   185993   514049   185903   514187   185693   514523   185477   514637   185363   514739   185183   514853   185057   515279   184649   515429   184487   515597   184133   515993   183797   516293   183683   516437   183389   516623   183317   516839   183059   183047   681047   264743
   264443   517073    43223   656939    43013   657017    42773   657269    42683   657473    42509   657539    42299   657779    42197   657827    42023   658079    41879   658247    41729   658319    41627   658403    41519   658607    41357   658817    40847   659177    40583   659513    40283   659843    39953   660119    39869   660167    39779   660347    39503   660563    39323   660887    39113   660899    39089   662789   346349   182933   435563
   435569   182927   660983   163307   537413   162419   537743   162257   538049   161879   538199   161639   538553   161309   538739   160997   539039   160877   539267   160697   539507   160373   539639   160343   539687   160169   539843   159857   540167   159833   540233   159737   540377   159623   540389   159569   540599   159293   540773   159227   540989   158909   541349   158567   541469   158429   543539   345263    39023   517079   264437
   264353   517217    38903   541613   224423   475679   224309   475877   224033   476087   223823   476249   223637   476429   223529   476513   223403   476639   223253   476759   222857   477293   222647   477677   222197   477857   222107   477947   222029   478157   221807   478259   221603   478679   221219   478913   221069   479147   219983   480047   219839   480209   219707   480317   219677   211247   616997   158393   661103   182789   435653
   435839   182639   661139   158243   480419   213713   486407   213557   486539   213329   486797   213173   486977   212999   487133   212579   487637   212297   487889   211997   488057   211493   488573   211403   488633   211319   488723   211097   489179   210809   489407   210557   489479   210467   489659   210317   489743   210173   490019   209837   490367   209543   490859   209039   206939   631409   219587   541763    38867   517367   264167
   264113   517403    38747   541817   219503   491129   124427   575669   124139   576119   123803   576287   123707   576683   122963   577067   122609   577427   122489   577529   122393   577739   122207   577937   122027   578117   121697   578399   121553   578483   121469   578603   121313   578777   121007   579107   120767   579503   120473   579707   120293   579773   119747   583139   344969   208877   480503   158189   661259   182603   435893
   435923   182549   661439   157889   480569   208787   580373      929   699119      809   699287      683   699437      563   699449      479   699539      449   699617      239   699947       53   700001   349967   350087   349913   350213   349787   350453   349343   350963   348827   351479   348443   351587   348407   351653   348209   351929   347957   352073   347873   338369   361979   119633   491219   219437   542117    38567   517457   264083
   264059   517469    38459   542183   219293   491333   119627   352193   105389   594899   104933   595157   104759   595277   104693   595547   104393   595709   103997   596027   103913   596117   103643   596423   103217   596927   103043   597053   102797   597353   102587   597473   102407   597677   102317   597803   102107   597929   101999   598049   101879   606443   340169   347813   580379   208673   480713   157823   661547   182537   435947
   436097   182519   661553   157799   480989   208667   580577   347513   598379   169943   530087   169913   530183   169769   530297   169667   530513   169457   530597   169313   530807   168863   531203   168743   531287   168143   531977   168023   532277   167633   532379   167483   532739   167249   532907   167087   533033   166703   533327   166643   555707   326147   101627   352493   119429   491339   219017   542207    38453   517487   263909
   263849   517553    38393   542237   218963   491417   119243   352907   101363   533549   151937   548123   151817   548363   151607   548453   151517   548753   151169   548843   151049   549503   150497   549533   150383   549683   150299   549719   150239   550139   149837   550289   149627   550427   149399   550757   149033   551093   148667   570419   328919   166457   598643   347099   580763   208589   481043   157769   661613   182453   436157
   436283   182417   661673   157559   481133   208577   580919   347057   598727   166259   551489    77003   623057    76679   623717    76283   624209    75773   624347    75539   624479    75407   624683    75269   624797    75167   624977    74903   625109    74873   625307    74687   625397    74597   625517    74363   625913    74027   634169   339839   148517   533747   101279   352949   119087   491429   218873   542447    38333   517589   263723
   263567   517619    38327   542483   218849   491537   118907   352973   101207   533837   148457   626033   310223   389819   310049   390077   309899   390209   309599   390503   309479   390647   309269   390869   308939   391073   308723   391367   308519   391679   308249   391889   307919   392423   307529   392669   307283   400199   340979    73973   551549   166169   598799   347033   581099   208469   481157   157523   661679   182387   436439
   436607   182129   661769   157427   481379   208379   581333   346553   599069   166043   551813    73943   392837    64439   635603    64157   635939    64037   636149    63743   636287    63647   636407    63533   636533    63467   636563    63353   636809    63059   637067    62927   637283    62687   637379    62597   645137   341273   307169   626063   148193   533963   100937   353453   118673   491627   218627   542579    38237   517877   263399
   263267   517949    38183   542747   218417   491639   118457   353459   100853   533993   148157   626147   307079   637499   125639   574619   125339   574703   125207   574913   124979   575087   124853   575213   124703   575429   124493   575573   115823   584249   115727   584393   115589   584663   115133   593993   339749    62507   392927    73859   551849   166013   599153   346547   581549   208367   481589   157259   661823   182057   436739
   437153   181757   662357   157133   482099   208337   581597   346439   599273   165947   551927    73847   393059    62477   584879   112589   587429   112403   587669   112253   587987   111893   588173   111767   588347   111623   588509   111323   588737   111263   588953   111029   589187   110597   602453   335879   115127   637529   306947   626159   148079   534059   100733   353567   118409   491669   217907   542873    37649   518249   262853
   262733   518387    37529   542987   217793   491783   118343   353747   100703   534173   148073   626333   306749   637709   115013   589439    45959   654053    45497   654593    45377   654743    45179   654923    44963   655229    44633   655649    44279   655757    44159   655883    43943   674879   330359   110567   584993    62297   393257    73673   551933   165833   599303   346259   581663   208223   482213   157019   662477   181619   437273
   437357   181409   662513   157007   482309   208217   581729   346187   599513   165533   552029    73643   393299    62219   585317   110477   656153   280949   419147   280817   419303   280589   419423   280547   419597   280253   419777   279977   420149   279689   420593   279407   275447   494387    43853   589529   114689   637787   306707   626363   147977   534473   100493   353819   118277   491789   217697   542999    37493   518597   262649
   262643   518729    37313   543287   217619   491867   118253   353867   100469   534923   147827   626393   306533   637817   114419   589877    43577   420677    28703   671357    28403   671717    28277   671777    27947   672227    27689   672557    27239   672827    27143   680453   341729   279329   656429   110129   585587    62189   393473    73613   552179   165083   599537   346139   581753   208139   482387   156719   662693   181277   437363
   437693   181199   662867   156707   482507   208037   581843   346043   599603   164987   552263    73529   393587    61703   585677   109883   656519   279269   673019    89189   610919    88937   611189    88799   611213    88547   611483    88463   611837    88079   619187   342197    26987   420737    43487   590123   114329   638303   306419   626477   147743   535019   100403   353963   118163   491969   217499   543299    37139   518807   262313
   262253   518813    37049   543383   217409   492053   117989   354257   100343   535169   147689   626489   306377   638423   114269   590489    43403   420803    26849   611969    87083   613013    86843   613169    86753   613427    86399   613637    86243   622529   340937    88037   673157   279203   656603   109517   585737    61583   393629    73517   552317   164837   599663   345749   582017   207953   482597   156623   662957   181193   437753
   437819   180779   663149   156347   482687   207947   582167   345689   599693   164477   552659    73379   393677    61553   585839   109469   656609   279029   673193    88007   613889    18839   681257    18713   681419    18443   681677    18287   688979   342413    86117   611999    26813   420977    43397   590537   114167   638453   306329   626627   147347   535529   100313   354317   117839   492059   217319   543659    36857   519227   262187
   262139   519257    36767   543887   217253   492083   117833   354533    99839   535697   147299   626963   306209   638459   114143   590573    34283   421103    26783   612137    85853   681773   256169   443873   256019   444089   255839   458363   335669    18233   614153    87869   673223   278903   665723   109433   585863    61547   393797    73043   552707   164309   600167   345473   582173   207923   482753   156119   663239   180749   437867
   438029   180647   663407   155783   482837   207593   582209   345329   600239   164279   552809    73019   393857    61343   585917   109397   665747   278843   673247    87833   614177    17957   444293    16097   683933    16067   357659   676259   255713   682049    85829   612173    26759   421163    34259   590609   114089   638663   306149   626987   147197   535727    99767   354677   117797   492413   217169   544223    36599   519359   261977
   261959   519383    36467   544259   216617   492563   117779   354779    99713   535757   147107   627083   306029   638999   113969   590627    34217   421397    26693   612263    85619   682259   255659   684119    82163   675977   291869    15887   444347    17747   614387    87743   673313   278609   665789   109379   586037    61007   393977    72923   552899   164249   600293   345227   582227   207443   483389   155747   663539   180623   438047
   438233   180497   663653   155087   483773   207377   582509   344957   600317   164147   552917    72623   394007    60953   586073   109253   666143   278489   673613    87629   614483    17729   444539   686639   559709   350003   140297    13367   255467   682277    85523   612377    26393   421517    33863   590753   113933   639053   305999   627383   147089   535859    99689   355049   117497   492629   216233   544919    36353   519509   261773
   261587   519587    36293   544937   216179   492719   117443   355463    99347   535967   146933   627953   305933   639083   113657   590867    33773   421643    26387   612383    85313   682337   444767   339413   408137    24029   617843   360593   255239    17669   614693    87623   673619   278363   666233   109139   586349    60923   394073    72053   553073   164039   600659   344543   582563   207287   483827   155069   663713   180419   438419
   438443   179939   663737   155027   484067   207113   582677   344363   600689   163859   553229    71993   394157    60869   586493   108917   666437   278279   673649    87509   614759    16703   240257    23747    16073   683939   342347   683909   459749   683303    85247   612497    26357   421727    33569   591089   113513   639137   305849   628013   146777   536147    99317   355643   117329   492893   215939   544979    36269   520067   261563
   261017   520103    36209   545063   215927   493013   117269   355679    99173   536273   146543   628097   305783   639269   113417   591113    33479   421943    26339   612713    84179   674837   364337   256133   443987   255917   444167   241643   443837    25169   615827    87293   673667   278063   666527   108893   586589    60737   394223    71909   553463   163733   600833   344327   582737   206993   484079   154943   663797   179903   438989
   439007   179813   663869   154619   484283   206897   582767   344243   600857   152777   553529    71879   394367    60443   586679   108869   666647   277919   673769    83639   605609   357593    18749   681293    18587   681563    18329   681719    11027   681167    94397   616367    26237   422087    33359   591137   113327   639563   305639   628127   146477   547229    99149   355763   117239   493109   215723   545387    36137   520193   260999
   260873   520313    35963   545483   215399   493127   117119   355799    99023   547487   146423   628139   305597   639689   113213   591509    33149   422249   675197   606959   359069    86993   613163    86837   613253    86579   613607    86369   613763    77477   612923    93047    24809   277757   666857   108497   586793    60317   394409    71867   553583   152519   600983   344207   582887   206879   484607   154523   664043   179693   439133
   439157   179657   664109   154247   484613   206813   582983   344153   601043   152429   553589    71789   394523    60293   586979   108347   666983   423173    14327   357809    89087   611069    88817   611207    88793   611459    88523   611543    88169   611927    80819   610817   685679   276833    33023   591659   113027   639713   305483   628217   146417   547577    98963   355853   117023   493193   215393   545759    35897   520349   260849
   260807   520427    35753   545933   215279   493403   116993   355967    98939   547583   146273   628373   305477   639839   112919   591743   667019   418667   358277    28649   671603    28289   671729    28229   672059    27779   672317    27449   672767    27179   672863    19553   671303   281339    32987   108263   587087    60167   394529    71633   553733   152423   601067   344039   583013   206603   484727   154073   664253   179579   439199
   439253   179573   664403   154067   484733   206543   583367   343913   601079   152363   553757    71333   394637    60149   587219   592649    10313   205619   280859   419189   280703   419417   280583   419459   280409   419753   280229   420029   279857   420317   279413   420599   424559   419057   689693   107357   112787   639857   305369   628673   146249   547643    98927   356093   116639   493463   215273   545939    35603   520433   260753
   260717   520649    35423   546053   215153   493523   116537   356219    98627   547787   145799   628679   305363   640007   588779    89849   369647    45953   654509    45413   654629    45263   654827    45083   655043    44777   655373    44357   655727    44249   655847    44123   656063    25127   654047   610157   111227    59999   394643    71327   554207   152219   601379   343787   583469   206483   484853   153953   664583   179357   439289
   439463   179327   664613   153743   485063   206399   583523   343313   601487   152189   554303    71249   394739   644789    89303   364127   112577   587603   112337   587753   112019   588113   111833   588239   111659   588383   111497   588683   111269   588743   111053   588977   110819   589409    97553   587417   610703    55217   305267   628757   145703   547817    98519   356693   116483   493607   214943   546263    35393   520679   260543
   260339   520763    35339   546317   214883   493733   116387   356933    98123   547823   145589   628877   303803    43319   360257   125387   574667   125303   574799   125093   575027   124919   575153   124793   575303   124577   575513   124433   584183   115757   584279   115613   584417   115343   584873   106013   574367   656687   396203    71129   554417   152183   601883   343073   583619   206273   485123   153689   664667   179243   439667
   439799   178853   664679   153437   485417   206153   583727   343037   601949   152003   554573   629009   383153   358733    64403   635849    64067   635969    63857   636263    63719   636359    63599   636473    63473   636539    63443   636653    63197   636947    62939   637079    62723   637319    62627   637409    54869   635567   316853    70997   145433   548003    98057   356969   116279   493853   214589   546569    35327   521153   260207
   259967   521309    35267   546599   214559   493937   116273   357107    97973   548039   145307    56123   359027   310187   389957   309929   390107   309797   390407   309503   390527   309359   390737   309137   391067   308933   391283   308639   391487   308327   391757   308117   392087   307583   392477   307337   392723   299807   389783   643883   554699   151967   602033   342899   583733   206069   485447   153407   664739   178697   440039
   440177   178643   664847   153287   485543   206039   583997   342659   602039   149069   528707   360167    76949   623327    76289   623723    75797   624233    75659   624467    75527   624599    75323   624737    75209   624839    75029   625103    74897   625133    74699   625319    74609   625409    74489   625643    74093   625979    65837   623003   171299   550937    97967   357347   116009   493967   214463   546719    35159   521363   259829
   259823   521393    34883   546869   214439   493973   115979   357353   606449   521879   371087   151883   548189   151643   548399   151553   548489   151253   548837   151163   548957   150503   549509   150473   549623   150323   549707   150287   549767   149867   550169   149717   550379   149579   550607   149249   550973   148913   551339   129587   548069   178127    93557   342653   584027   206033   485567   153137   665123   178613   440183
   440339   178559   665267   153113   486053   206027   584153   358079    78779   373859   169919   530093   169823   530237   169709   530339   169493   530549   169409   530693   169199   531143   168803   531263   168719   531863   168029   531983   167729   532373   167627   532523   167267   532757   167099   532919   166973   533303   166679   533363   144299   530063   621227   341927   115853   493979   213953   546893    34739   521447   259667
   259499   521519    34703   546947   213887   494069   114593   698393   359837   105107   595073   104849   595247   104729   595313   104459   595613   104297   596009   103979   596093   103889   596363   103583   596789   103079   596963   102953   597209   102653   597419   102533   597599   102329   597689   102203   597899   102077   598007   101957   598127    93563   594617     1613   585413   205937   486119   153059   665303   178487   440507
   440849   178469   665507   152909   486179   499973   573179   338027      887   699197      719   699323      569   699443      557   699527      467   699557      389   699767       59   699953        5   350039   349919   350093   349793   350219   349553   350663   349043   351179   348527   351563   348419   351599   348353   351797   348077   352049   347933   352133   361637   699077   126827   200033   213827   547097    34499   521537   259157
   259019   521567    34457   547223   492377   475037   355037   124337   575867   123887   576203   123719   576299   123323   577043   122939   577397   122579   577517   122477   577613   122267   577799   122069   577979   121889   578309   121607   578453   121523   578537   121403   578693   121229   578999   120899   579239   120503   579533   120299   579713   120233   580259   116867   575579   224969   207629   152783   665549   178439   440987
   441029   178403   665603   547709   466247    68597   213599   486449   213467   486677   213209   486833   213029   487007   212873   487427   212369   487709   212117   488009   211949   488513   211433   488603   211373   488687   211283   488909   210827   489197   210599   489449   210527   489539   210347   489689   210263   489833   209987   490169   209639   490463   209147   490967   493067   486293   233759   152297    34403   521603   258977
   258827   521657   667769   140639    83009   224327   475697   224129   475973   223919   476183   223757   476369   223577   476477   223493   476603   223367   476753   223247   477149   222713   477359   222329   477809   222149   477899   222059   477977   221849   478199   221747   478403   221327   478787   221093   478937   220859   480023   219959   480167   219797   480299   219689   480329   488759   475583   559367    32237   178349   441179
   441263   522167    21929   354743   162593   537587   162263   537749   161957   538127   161807   538367   161453   538697   161267   539009   160967   539129   160739   539309   160499   539633   160367   539663   160319   539837   160163   540149   159839   540173   159773   540269   159629   540383   159617   540437   159407   540713   159233   540779   159017   541097   158657   541439   158537   541577   156467   536699   678077   177839   258743
   444029   501659   353657    43067   656993    42989   657233    42737   657323    42533   657497    42467   657707    42227   657809    42179   657983    41927   658127    41759   658277    41687   658379    41603   658487    41399   658649    41189   659159    40829   659423    40493   659723    40163   660053    39887   660137    39839   660227    39659   660503    39443   660683    39119   660893    39107   660917    37217   656783   198347   255977
   243857    18959   188483   511703   188249   511859   187469   512543   187433   512597   187349   512843   186959   513059   186869   513353   186587   513767   186107   514013   185957   514103   185819   514313   185483   514529   185369   514643   185267   514823   185153   514949   184727   515357   184577   515519   184409   515873   184013   516209   183713   516323   183569   516617   183383   516689   183167   516947   516959   511487   456149
   353783   269663   430427   269573   430487   269237   430823   269057   431363   268637   431399   268493   431567   268403   431663   268199   431993   267863   432149   267803   432287   267647   432413   267569   432449   267479   432587   267017   433049   266933   433079   266687   433373   266333   433847   266129   433889   265757   434267   265709   434303   265619   434459   265193   434849   265079   435107   264827   435257   264359   430019
