   266333   433847   266129   433889   265757   434267   265709   434303   265619   434459   265193   434849   265079   435107   264827   435257   264743   435563   264437   435647   264353   435839   264113   435923   264059   436097   263849   436283   263567   436607   263267   437153   262733   437357   262643   437693   262253   437819   262139   438029   261959   438233   261587   438443   261017   439007   260873   439157   260807   260207   526073
   439253   184649   515429   184487   515597   184133   515993   183797   516293   183683   516437   183389   516623   183317   516839   183059   516959   182933   517079   182789   517367   182603   517457   182537   517487   182453   517589   182387   517877   182057   518249   181619   518597   181277   518807   181193   519227   180749   519359   180623   519509   180419   520067   179903   520193   179693   520349   179579   521393   346043   260753
   260717   520433    39887   660137    39839   660227    39659   660503    39443   660683    39119   660893    39107   660917    39023   661103    38867   661259    38567   661547    38453   661613    38333   661679    38237   661823    37649   662477    37493   662693    37217   662867    37049   663149    36767   663407    36467   663653    36293   663737    36209   663869    35963   664109    35753   664403    35423   666437   346139   179573   439289
   439463   179357   664613   159407   540713   159233   540779   159017   541097   158657   541439   158537   541577   158393   541763   158189   542117   157823   542207   157769   542447   157523   542579   157259   542873   157019   542999   156719   543299   156623   543539   156347   543887   155783   544259   155087   544937   155027   545063   154619   545483   154247   545933   154067   546053   153743   546947   347057    35393   520649   260543
   260339   520679    35339   546317   221069   479147   219983   480047   219839   480209   219707   480317   219677   480419   219503   480569   219293   480989   218963   481133   218849   481379   218417   482099   217793   482309   217619   482507   217409   482687   217253   482837   216617   483773   216179   484067   215927   484283   215399   484613   215279   484733   215153   485063   214883   214439   617699   153689   664667   179327   439667
   440039   179243   664679   153437   485417   210173   490019   209837   490367   209543   490859   209039   491129   208787   491333   208667   491417   208577   491537   208379   491639   208337   491783   208217   491867   208037   492053   207947   492083   207629   492413   207443   492629   207287   492893   206993   493067   206897   493127   206813   493403   206543   493523   206399   204359   637079   214589   546569    35327   520763   259967
   259829   521153    35267   546599   214559   493733   120299   579713   120233   580259   119633   580379   119429   580763   119087   581099   118673   581549   118409   581663   118277   581753   118163   582017   117839   582173   117797   582227   117497   582563   117329   582737   117239   582887   117023   583013   116867   583367   116537   583523   116387   583727   116273   595277   336437   206273   485447   153407   664739   178853   440177
   440183   178697   664847   153287   485543   206153   583997   347957   352073   347873   352193   347513   352907   347033   353453   346547   353567   346349   353747   346223   353819   345749   354317   345473   354677   345263   354779   344969   355049   344543   355643   344327   355763   344207   355853   344039   356093   343787   356693   343073   356969   342899   336239   368453   116009   493853   214463   546719    35159   521309   259823
   259667   521363    34883   546869   213953   493937   115979   357347   101363   598727   101207   599069   100853   599273   100703   599513   100469   599603   100343   599693    99839   600239    99713   600317    99347   600689    99173   600857    99023   601043    98939   601079    98627   601487    98123   601949    97973   602039    97919   602333    97553   613169   337859   342659   584027   206069   486053   153137   665123   178643   440339
   440507   178559   665267   153113   486119   206039   584153   342653   602543   166043   533993   165947   534173   165533   534923   164987   535169   164477   535697   164279   535757   164147   535967   163859   536273   163307   537413   162419   537743   162257   538049   161879   538199   161639   538553   161309   538739   160997   539039   160877   550427   336029    97463   357353   115853   493967   213887   546893    34739   521447   259499
   259157   521519    34703   547097   213827   493973   115823   357359    97379   539267   148073   552029   147827   552263   147689   552659   147299   552809   147107   552917   146933   553229   146543   553529   146423   553589   146273   553757   145799   554303   145589   554573   145307   554747   145253   554969   144887   555167   144719   567143   336689   160739   602627   342647   584183   206033   486179   152909   665303   178487   440849
   440987   178469   665507   152783   486293   206027   584249   342569   602639   160697   555593    73379   626963    73019   627083    72623   627953    71993   628097    71879   628139    71789   628373    71333   628679    71249   628877    71069   629009    70667   629417    70439   629807    70163   629927    70067   629987    69899   643199   335009   144413   539309    97367   357437   115757   493979   213713   547223    34499   521537   259019
   258977   521567    34457   547229   213599   494069   115727   357509    97007   539507   144323   630197   306209   393857   306029   394007   305933   394157   305783   394367   305597   394523   305477   394637   305363   394739   305219   395027   304937   395159   304763   395453   304349   396203   303767   396293   303683   295187   449363    69809   555683   160499   602999   342497   584279   205937   486407   152777   665549   178439   441029
   441179   178403   665603   152519   486449   205913   584393   342413   603047   160373   555707    69653   396413    60869   639269    60443   639689    60293   639839    60149   640007    59957   640127    59747   640307    59417   640613    59357   640733    59159   640943    58913   641279    58679   641579    58367   641813   348527   303593   630353   144299   539633    96959   357593   115613   494093   213557   547487    34403   521603   258827
   258743   521657    34283   547577   213467   494387   115589   357659    96857   539639   143999   630467   303497   641789   121889   578309   121607   578453   121523   578537   121403   578693   121229   579107   120767   579503   120473   587987   111833   588347   111623   588509   111323   588737   111263   597677   331277    58217   396509    69539   556007   160367   603149   342347   584417   205619   486539   152429   665723   178349   441263
   441443   178187   665747   152423   486677   205487   584663   342239   603209   160343   556487    69317   396533    58109   588779   108347   591743   108179   592133   107867   592289   107699   592649   107279   592763   107033   593183   106619   593519   106433   593633   106103   593987   106013   606959   335633   111227   641897   303473   630689   143519   539663    96797   357767   115343   494519   213329   547583    34259   521819   258563
   258527   521879    34217   547643   213209   494609   115133   357809    96779   539687   143243   630803   303377   642197   111053   594023    42179   657983    41927   658127    41759   658277    41687   658379    41603   658487    41399   658649    41189   659159    40829   659423    40493   687809   320699   105983   588953    57809   396629    69203   556763   160319   603227   342197   584873   205397   486797   152363   665789   178127   441479
   441557   178103   666143   152297   486833   205319   584879   341927   603257   160169   556943    69143   396713    57773   588977   105899   659723   276953   423173   276827   423299   276593   423503   276449   423617   276293   423749   276137   424007   275987   424037   275837   424547   349043    40283   594107   111029   642233   303293   630863   143063   539837    96749   358079   115127   494687   213173   547709    33863   521903   258449
   258443   522113    33773   547787   213029   494699   115013   358229    96443   539843   142979   631013   303287   642419   110819   594449    40163   424223    25127   675029    24923   675197    24767   675347    24593   675593    24179   675923    24077   675977    23789   687317   338207   275783   659843   105557   589187    57587   396719    68993   557027   160163   603563   341777   584993   205307   486977   152219   666233   177893   441563
   441569   177839   666527   152189   487007   205223   585317   341729   603947   159857   557033    68819   396887    57383   589409   105437   660053   275573   676253    85523   614693    85247   615137    84533   615497    84467   615557    84407   615617    84263   633209   331889    23753   424433    39953   594569   110597   642623   303119   631187   142973   540149    96059   358277   114689   494783   212999   547817    33479   522167   258437
   258119   522383    33359   547823   212873   494849   114593   358499    96017   540167   142949   631229   303053   642737   110567   594617    30347   424559    23747   615767    83477   616547    83417   616799    83177   616943    83009   617249    82619   618377   348419    84239   676259   275447   669659   105389   589439    57269   396953    68777   557057   159839   603989   341507   585413   205157   487133   152183   666647   177623   441887
   442019   177383   666857   152003   487427   205133   585587   341339   604223   159833   557273    68699   397037    57173   589529   105107   669869   275339   676337    84179   617447    15137   684923    15017   685109    14759   685337    14639   686897   348209    82559   615827    23669   424667    30137   594899   110477   642833   302969   631307   142733   540173    95783   358667   114419   494873   212579   548003    33149   522623   257987
   257867   522659    33023   548039   212369   494903   114329   358703    95747   540233   142697   631409   302747   642899   110129   595073    30119   424967    23633   615869    82469   685637   251003   449117   250853   449303   250673   450719   348353    14369   617537    84137   676373   275039   669887   104933   589877    57107   397259    68597   557309   159773   604259   341303   585677   205103   487637   151967   666983   177347   442139
   442319   177269   667013   151937   487709   205019   585737   341273   604613   159737   557537    68477   397283    57059   590123   104849   669947   275003   676469    83933   617657    14327   449663    12899   687359    12569   350219   686969   250343   685679    82349   616073    23537   425003    30059   595157   109883   642947   302723   631529   142469   540269    95393   358733   114269   494987   212297   548069    32993   522737   257687
   257639   522749    32987   548123   212117   495119   114167   358979    95279   540377   142217   631559   302579   643043   109517   595247    29867   425189    23417   616103    82163   685973   250307   687593    77213   639083   333713    12413   449699    14033   617843    83903   676589   274817   670139   104759   590489    56963   397427    68447   557789   159629   604727   341027   585839   204887   487889   151883   667019   177257   442367
   442487   177167   667427   151817   488009   204857   585863   340979   604733   159623   557987    68147   397433    56633   590537   104693   670343   274709   676649    83777   618053    13997   449807   698273   606503   350003    93503     1733   250199   686009    81953   616229    23357   425297    29663   595313   109469   643373   302573   631859   142019   540383    95273   359027   114143   495149   211997   548189    32579   522839   257519
   257489   523307    32429   548363   211949   495449   114089   359069    95219   540389   141803   632123   302513   643463   109433   595547    29429   425309    23327   616289    81749   686039   450899   338213   366293    60923   622793   361793   249107    13967   618257    83717   676679   274697   670577   104459   590573    56543   397493    67883   558203   159617   604787   340937   585917   204557   488057   151643   667577   176699   442517
   442733   176573   667643   151607   488513   204443   586037   340877   604829   159569   558287    67853   397547    56453   590609   104393   670583   274583   676727    83639   618269    13337   246689    13037    12647   687437   349787   687107   453317   686669    81737   616367    23279   425423    29423   595613   109397   643553   302459   632153   141719   540437    95177   359129   113969   495563   211493   548399    32363   523433   257273
   257189   523637    32309   548453   211433   495569   113933   359147    95009   550607   141509   632273   302417   643589   109379   595709    29387   425489    23087   616409   620159   683783   351653   250889   449153   250703   449333   249287   449003    16223    79847    83597   676919   274517   670619   104297   590627    56417   397589    67733   558497   149399   604997   340859   586073   204437   488573   151553   667697   176369   442817
   442829   176333   667769   151517   488603   204377   586349   340709   605117   149249   558563    67709   398063    56123   590753   103997   670673   274457   676943   616787    77003   351797    15083   684989    14897   685247    14669   685367    13109   684869   623003    83219    23063   425549    29333   596009   109253   643883   301943   632297   141443   550757    94889   359297   113657   495629   211403   548489    32237   523673   257177
   256967   523763    32189   548753   211373   495707   113513   359357    94613   550937   141179   632327   301877   643919   109139   596027    29243   425603   680213    63647   351587    83459   616589    83207   616829    83063   616997    82757   617387    81629   616529   636359    19793   274403   670763   103979   590867    56087   398129    67679   558827   149069   605393   340649   586493   204299   488633   151253   667817   176243   443039
   443117   176213   667949   151169   488687   204233   586589   340169   605477   149033   559067    67559   398213    55997   591089   103913   670853   428489     6317   368117    85313   614759    84869   615473    84509   615539    84449   615599    84389   615743    66797   614483   693689   271517    29153   596093   108917   644009   301793   632447   140939   550973    94529   359837   113417   495773   211319   548837    32057   523793   256889
   256877   523847    31973   548843   211283   495899   113327   360167    94463   551093   140729   632459   301703   644057   108893   596117    23039   268643   361799    24977   675083    24809   675239    24659   675413    24413   675827    24083   675929    24029   676217    12689   674879   431363   676967   103889   591113    55949   398303    67547   559277   148913   605543   339839   586679   204107   488723   151163   668033   176159   443129
   443249   176129   668159   151049   488759   204059   586793   339749   605573   148667   559343    67523   398357    55889   591137   606449   644933   350963   276833   423179   276707   423413   276503   423557   276389   423713   276257   423869   275999   424019   275969   424169   275459   423053    55073    93557   108869   644117   301649   632483   140663   551339    94433   360257   113213   495947   211247   548957    31847   523877   256757
   256643   524057    31397   549503   211097   495959   113027   360593    94397   551489   140639   632699   301583   644519   108497    75797   379307    42023   658079    41879   658247    41729   658319    41627   658403    41519   658607    41357   658817    40847   659177    40583   659513    12197   657827   624209   591509    55487   398423    67307   559367   148517   605609   339413   586979   204047   488909   150503   668609   175949   443363
   443489   175919   668687   150497   489179   204023   587087   339257   605837   148457   559529    67289   398543   645737   561083   364373   108263   591827   107873   592139   107717   592307   107357   592727   107243   592973   106823   593387   106487   593573   106373   593903   106019   593993    93047   591659   138923    54269   301463   632717   140477   551549    94169   360749   112919   495983   210827   549509    31319   524087   256517
   256169   524507    31307   549533   210809   496007   112787   360869    93923   551813   140423   633197   403097    48767   368729   121697   578399   121553   578483   121469   578603   121313   578777   120899   579239   120503   579533   112019   588173   111659   588383   111497   588683   111269   588743   102329   578117   651239   296909    66809   559583   148193   606083   339137   587219   203999   489197   150473   668699   175499   443837
   443873   175067   668747   150383   489407   203843   587417   338993   606113   148157   559667    64499   392477   351479    60737   639563    60317   639713    60167   639857    59999   640049    59879   640259    59699   640589    59393   640649    59273   640847    59063   641093    58727   641327    58427   641639    58193   639137   307529   635507   140339   551849    93893   361013   112589   496163   210599   549623    31259   524939   256133
   256019   525017    31193   549683   210557   496343   112577   361337    93683   551927   578999   615269   250643   306149   393977   305999   394073   305849   394223   305639   394409   305483   394529   305369   394643   305267   394787   304979   395069   304847   395243   304553   395657   303803   396239   303713   396323   404819   393797    84737   121007   148079   606323   338669   587429   203663   489449   150323   668813   174989   443987
   444029   174749   668867   150299   489479   203579   587603   338573   606443   557573   101999   364997    73043   626987    72923   627383    72053   628013    71909   628127    71867   628217    71633   628673    71327   628757    71129   628937    70997   629339    70589   629567    70199   629843    70079   629939    70019   630107    56807   626627   598007   142433    93563   361433   112403   496427   210527   549707    31139   525257   255977
   255917   525353    30983   549719   210467   496889   112337   361463   607307   111767   363317   147977   552179   147743   552317   147347   552707   147197   552899   147089   553073   146777   553463   146477   553583   146417   553733   146249   554207   145703   554417   145433   554699   145259   554753   145037   555119   144839   555287   132863   551933   588239    92699   338543   587669   203117   489539   150287   669023   174653   444089
   444167   174413   669029   150239   489659   203057   587753   338369    74873   363977   166013   534059   165833   534473   165083   535019   164837   535529   164309   535727   164249   535859   164039   536147   163733   536699   162593   537587   162263   537749   161957   538127   161807   538367   161453   538697   161267   539009   160967   539129   149579   533963   625133   361637   112253   496949   210347   549767    30977   525593   255839
   255713   525599    30893   550139   210317   497117   111893   372689   362147   101279   598799   100937   599153   100733   599303   100493   599537   100403   599663   100313   600167    99767   600293    99689   600659    99317   600833    99149   600983    98963   601067    98927   601379    98519   601883    98057   602033    97967   602087    97673   602453    86837   598643   327317   588113   202889   489689   149867   669113   174407   444293
   444347   174329   669167   149837   489743   504269   567947   331553   347933   352133   347813   352493   347099   352973   346553   353459   346439   353657   346259   353783   346187   354257   345689   354533   345329   354743   345227   355037   344957   355463   344363   355679   344243   355799   344153   355967   343913   356219   343313   356933   343037   357107   363767   352049   132059   195737   210263   550169    30839   525677   255659
   255467   525809    30677   550289   506357   476753   363569   120293   579773   119747   580373   119627   580577   119243   580919   118907   581333   118457   581597   118343   581729   118253   581843   117989   582167   117833   582209   117779   582509   117443   582677   117269   582767   117119   582983   116993   583139   116639   583469   116483   583619   116279   583733   104729   579707   223253   193649   149717   669329   174197   444539
   444623   174137   669413   550379   452597    62927   209987   490169   209639   490463   209147   490967   208877   491219   208673   491339   208589   491429   208469   491627   208367   491669   208223   491789   208139   491969   207953   492059   207923   492377   207593   492563   207377   492719   207113   493013   206939   493109   206879   493193   206603   493463   206483   493607   495647   489833   247409   149627    30593   525869   255383
   255329   526037   670217   138617    82307   220859   480023   219959   480167   219797   480299   219689   480329   219587   480503   219437   480713   219017   481043   218873   481157   218627   481589   217907   482213   217697   482387   217499   482597   217319   482753   217169   483389   216233   483827   215939   484079   215723   484607   215393   484727   215273   484853   214943   485123   485567   478937   561389    29789   173969   444677
   444767   173807    18869   352949   159293   540773   159227   540989   158909   541349   158567   541469   158429   541613   158243   541817   157889   542183   157799   542237   157559   542483   157427   542747   157133   542987   157007   543287   156707   543383   156467   543659   156119   544223   155747   544919   155069   544979   154943   545387   154523   545759   154073   545939   153953   546263   153059   540599   681137   526199   255239
   447119   514103   353867    39869   660167    39779   660347    39503   660563    39323   660887    39113   660899    39089   660983    38903   661139    38747   661439    38459   661553    38393   661673    38327   661769    38183   662357    37529   662513    37313   662789    37139   662957    36857   663239    36599   663539    36353   663713    36269   663797    36137   664043    35897   664253    35603   664583    33569   660119   185903   252887
   420737   353963   184577   515519   184409   515873   184013   516209   183713   516323   183569   516617   183383   516689   183167   516947   183047   517073   182927   517217   182639   517403   182549   517469   182519   517553   182417   517619   182129   517949   181757   518387   181409   518729   181199   518813   180779   519257   180647   519383   180497   519587   179939   520103   179813   520313   179657   520427   178613   515357   279269
   173933   266159   433877   266117   434249   265739   434297   265703   434387   265547   434813   265157   434927   264899   435179   264749   435263   264443   435569   264359   435653   264167   435893   264083   435947   263909   436157   263723   436439   263399   436739   262853   437273   262649   437363   262313   437753   262187   437867   261977   438047   261773   438419   261563   438989   260999   439133   260849   439199   439799   433673
