   269519   430769   269183   430949   268643   431369   268607   431513   268439   431603   268343   431807   268013   432143   267857   432203   267719   432359   267593   432437   267557   432527   267419   432989   266957   433073   266927   433319   266633   433673   266159   433877   266117   434249   265739   434297   265703   434387   265547   434813   265157   434927   264899   435179   264749   435263   264443   435569   264359   263849   518729
   435653   188249   511859   187469   512543   187433   512597   187349   512843   186959   513059   186869   513353   186587   513767   186107   514013   185957   514103   185819   514313   185483   514529   185369   514643   185267   514823   185153   514949   184727   515357   184577   515519   184409   515873   184013   516209   183713   516323   183569   516617   183383   516689   183167   516947   183047   517073   182927   517487   347057   264353
   264167   517217    42683   657473    42509   657539    42299   657779    42197   657827    42023   658079    41879   658247    41729   658319    41627   658403    41519   658607    41357   658817    40847   659177    40583   659513    40283   659843    39953   660119    39869   660167    39779   660347    39503   660563    39323   660887    39113   660899    39089   660983    38903   661139    38747   661439    38459   661769   347933   182789   435839
   435893   182639   661553   162257   538049   161879   538199   161639   538553   161309   538739   160997   539039   160877   539267   160697   539507   160373   539639   160343   539687   160169   539843   159857   540167   159833   540233   159737   540377   159623   540389   159569   540599   159293   540773   159017   541097   158657   541439   158537   541577   158393   541763   158189   542117   157823   547817   342197    38453   517367   264113
   264083   517403    38393   542207   224033   476087   223823   476249   223637   476429   223529   476513   223403   476639   223253   476759   222857   477293   222647   477677   222197   477857   222107   477947   222029   478157   221807   478259   221603   478679   221219   478913   221069   479147   219983   480047   219839   480209   219707   480317   219677   480419   219503   480569   219293   482309   346439   157799   661613   182603   435923
   435947   182549   661673   157769   480989   213209   486833   213029   487007   212873   487427   212369   487709   212117   488009   211949   488513   211433   488603   211373   488687   211283   488759   211097   489179   210809   489407   210557   489479   210467   489659   210317   489743   210173   490019   209837   490367   209543   490859   209039   491129   208787   491333   208667   208367   630107   219017   542237    38333   517457   264059
   263909   517469    38327   542447   218963   491417   123707   576683   122963   577067   122609   577427   122489   577529   122393   577739   122207   577937   122027   578117   121697   578399   121553   578483   121469   578603   121313   578777   121007   579107   120767   579503   120473   579707   120293   579773   119747   580373   119627   580577   119243   580919   118907   582767   346139   208589   481043   157559   661679   182537   436097
   436283   182453   661823   157523   481133   208577   581333      569   699443      557   699527      467   699557      389   699767       59   699953        5   350039   349919   350093   349793   350219   349553   350663   349043   351179   348527   351563   348419   351599   348353   351797   348077   352049   347873   352193   347513   352907   347033   353453   346547   358277   693137   118673   491429   218873   542483    38183   517553   263723
   263567   517589    37649   542579   218849   491537   118457   353657   104759   595277   104693   595547   104393   595709   103997   596027   103913   596117   103643   596423   103217   596927   103043   597053   102797   597353   102587   597473   102407   597677   102317   597803   102107   597929   101999   598049   101879   598379   101363   598727   101207   609407   337907   346349   581549   208469   481157   157427   662357   182417   436439
   436607   182387   662477   157259   481379   208379   581597   346259   599069   169913   530183   169709   530339   169493   530549   169409   530693   169199   531143   168803   531263   168719   531863   168029   531983   167729   532373   167627   532523   167267   532757   167099   532919   166973   533303   166679   533363   166457   533747   166169   548837   332987   100937   353747   118409   491627   218627   542747    37529   517619   263399
   263267   517877    37493   542873   218417   491669   118343   353783   100853   533963   151607   548453   151517   548753   151163   548957   150503   549509   150473   549623   150323   549707   150287   549767   149867   550169   149717   550379   149579   550607   149249   550937   149033   551093   148667   551489   148457   551813   148157   559529   340709   166043   599153   346223   581663   208337   481589   157133   662513   182129   436739
   437153   182057   662693   157019   482099   208223   581729   346187   599273   166013   551927    75773   624347    75539   624479    75407   624683    75269   624797    75167   624977    74903   625109    74873   625307    74687   625397    74597   625517    74363   625913    74027   626033    73943   626147    73847   626333    73643   642737   332273   148079   533993   100733   353819   118277   491783   217907   542987    37313   517949   262853
   262733   518249    37217   542999   217793   491789   118253   353963   100703   534059   148073   626393   309797   390407   309503   390527   309359   390737   309137   391067   308933   391283   308639   391487   308327   391757   308117   392087   307583   392477   307337   392723   307169   392927   306947   393257   306707   297953   443837    73613   551933   165947   599303   346043   581753   208217   482213   157007   662789   181757   437273
   437357   181619   662867   156719   482387   208139   581843   345749   599513   165833   552029    73529   393473    63743   636287    63647   636407    63533   636533    63467   636563    63353   636809    63059   637067    62927   637283    62687   637379    62597   637499    62477   637709    62219   637817    61703   645383   341927   306533   626477   147977   534173   100493   354257   118163   491867   217619   543287    37139   518387   262649
   262643   518597    37049   543299   217499   491969   117989   354317   100469   534473   147827   626489   306419   638423   125207   574913   124979   575087   124853   575213   124703   575429   124493   575573   124427   575669   124139   576119   123803   576287   115133   584879   115013   585317   114593   603257   330983    61583   393587    73517   552179   165533   599537   345689   582017   208037   482507   156707   662957   181409   437363
   437693   181199   663149   156623   482597   207953   582167   345473   599603   165083   552263    73379   393629    61553   585587   112019   588113   111833   588239   111659   588383   111497   588683   111269   588743   111227   588953   111029   589187   110597   589439   110477   589877   109883   603947   335009   114419   638453   306377   626627   147743   534923   100403   354533   117839   492053   217409   543383    36857   518807   262313
   262253   518813    36767   543539   217319   492059   117833   354677   100343   535019   147689   626963   306329   638459   114329   590489    45179   654923    44963   655229    44633   655649    44279   655757    44159   655883    43943   656153    43577   656519    43403   656609    43319   667643   338237   109517   585677    61547   393677    73043   552317   164987   599663   345329   582173   207947   482687   156467   663239   181193   437753
   437819   180779   663407   156347   482753   207923   582209   345263   599693   164837   552659    73019   393797    61343   585839   109469   656783   280589   419423   280547   419597   280253   419777   279977   420149   279689   420593   279407   420677   279269   420803   279029   275573   494699    43223   590537   114167   638663   306209   626987   147347   535169   100313   354743   117797   492083   217253   543659    36599   519227   262187
   262139   519257    36467   543887   217169   492377   117779   354779    99839   535529   147299   627083   306149   638999   114143   590573    43067   421103    28229   672059    27779   672317    27449   672767    27179   672863    26987   673157    26813   673223    26693   681257   341273   278903   656939   109433   585863    61007   393857    72923   552707   164477   600167   345227   582227   207629   482837   156119   663539   180749   437867
   438029   180647   663653   155783   483389   207593   582509   344969   600239   164309   552809    72623   393977    60953   585917   109397   656993   278843   673613    88547   611483    88463   611837    88079   611969    88007   612137    87833   612263    87629   620813   340979    26393   421163    43013   590609   114089   639053   306029   627383   147197   535697    99767   355037   117497   492413   216617   544223    36353   519359   261977
   261959   519383    36293   544259   216233   492563   117443   355049    99713   535727   147107   627953   305999   639083   113969   590627    42989   421397    26387   612383    86399   613637    86243   613889    85853   614177    85619   614483    85247   630863   333623    87623   673619   278609   657017   109379   586037    60923   394007    72053   552899   164279   600293   344957   582563   207443   483773   155747   663713   180623   438047
   438233   180497   663737   155087   483827   207377   582677   344543   600317   164249   552917    71993   394073    60869   586073   109253   657233   278489   673649    87509   615137    18443   681677    18287   681773    17747   682277    17669   690377   341777    84869   612497    26357   421517    42773   590753   113933   639137   305933   628013   147089   535757    99689   355463   117329   492629   216179   544919    36269   519509   261773
   261587   519587    36209   544937   215939   492719   117269   355643    99347   535859   146933   628097   305849   639269   113513   590867    42737   421643    26339   612713    84737   682427   255659   444539   255383   444677   255239   457697   336827    17579   615269    87293   673667   278363   657269   109139   586493    60737   394157    71909   553073   164147   600659   344363   582737   207287   484067   155069   663797   180419   438419
   438443   179939   663869   155027   484079   207113   582887   344327   600689   164039   553229    71879   394223    60443   586589   108917   666527   278279   673769    87083   615473    17333   444833    15737   684647    15233   697049   337349   255173   682673    84533   612923    26237   421727    33479   591089   113417   639563   305783   628127   146777   535967    99317   355679   117119   492893   215927   544979    36137   520067   261563
   261017   520103    35963   545063   215723   493013   117023   355763    99173   536147   146477   628139   305639   639689   113327   591113    33359   421943    26189   613013    84509   682679   255137   684857    81569   671357   297083    15149   444869    17327   615497    86993   673817   278063   666647   108893   586679    60317   394367    71867   553529   163859   600833   344243   582983   206993   484283   154943   664043   179903   438989
   439007   179813   664109   154619   484607   206939   583013   344207   600857   163733   553583    71789   394409    60293   586793   108869   666857   277919   674117    86843   615539    16703   444929     9377   565517   350003   134489   690629   255077   683303    84467   613163    25889   422087    33149   591137   113213   639713   305597   628217   146423   536273    99149   355799   116993   493067   215399   545387    35897   520193   260999
   260873   520313    35753   545483   215393   493109   116867   355853    99023   536699   146417   628373   305483   639839   113027   591509    33023   422249    25847   613169    84449   683357   458027   677387   402923    28649   618437    22619   241979    16649   615557    86837   674159   277757   666983   108497   586979    60167   394523    71633   553589   163307   600983   344153   583139   206897   484613   154523   664253   179693   439133
   439157   179657   664403   154247   484727   206879   583367   344039   601043   162593   553733    71333   394529    60149   587087   108263   667013   277643   674273    86753   615599    16319   228257   362657    15359   684773     2957   684269   471749   683687    84407   613253    25733   422363    32993   591743   112919   639857   305477   628673   146273   537413    98963   355967   116639   493127   215279   545759    35603   520349   260849
   260807   520427    35423   545933   215273   493193   116537   356093    98939   537587   146249   628679   305369   640007   112787   591827    32987   422369    25643   613427   635849   674537   363179   255467   444623   255329   444767   242309   444347    25469    64157    86579   674363   277637   667019   108179   587219    59999   394637    71327   553757   162419   601067   343913   583469   206813   484733   154073   664583   179579   439199
   439253   179573   664613   154067   484853   206603   583523   343787   601079   162263   554207    71249   394643    59957   587417   107873   667427   277547   674483    85313    45959   358229    18329   681719    18233   682259    17729   682337     9629   681563   654047   614693    25523   422459    32579   592133   112589   640049   305363   628757   145799   537743    98927   356219   116483   493403   215153   545939    35393   520433   260753
   260717   520649    35339   546053   214943   493463   116387   356693    98627   547709   145703   628877   305267   640127   112577   592139    32429   422759   677657   604259   366383    86369   613763    86117   614153    85829   614387    85523   614759    69143   613607    95747    22349   277247   667577   107867   587429    59879   394739    71129   554303   152297   601379   343313   583619   206543   485063   153953   664667   179357   439289
   439463   179327   664679   153743   485123   206483   583727   343073   601487   152219   554417    71069   394787    59747   587603   107717   667697   423173    11117   359027    88523   611543    88169   611927    88037   611999    87869   612173    87743   612377    79193   611459   688889   276833    32309   592289   112403   640259   305219   628937   145589   547787    98519   356933   116279   493523   214883   546263    35327   520679   260543
   260339   520763    35267   546317   214589   493607   116273   356969    98123   547823   145433   629009   304979   640307   112337   592307   667769   418799   358733    27947   672227    27689   672557    27239   672827    27143   673019    26849   673193    26783   673313    18749   671777   281207    32237   107699   587669    59699   395027    70997   554573   152183   601883   343037   583733   206399   485417   153689   664739   179243   439667
   439799   178853   664847   153437   485447   206273   583997   342899   601949   152003   554699    70667   395069    59417   587753   592649     8219   205307   280583   419459   280409   419753   280229   420029   279857   420317   279413   420599   279329   420737   279203   420977   424433   419417   691787   107357   112253   640589   304937   629339   145307   548003    98057   357107   116009   493733   214559   546569    35159   521153   260207
   259967   521309    34883   546599   214463   493853   115979   357347    97973   548039   145259   629417   304847   640613   591659    89189   361769    45083   655043    44777   655373    44357   655727    44249   655847    44123   656063    43853   656429    43487   656603    43397   656687    32363   654827   610817   108347    59393   395159    70589   554747   151967   602033   342659   584027   206153   485543   153407   665123   178697   440039
   440177   178643   665267   153287   485567   206039   584153   342653   602039   151937   554753    70439   395243    58727    77513   364997   111893   588173   111767   588347   111623   588509   111323   588737   111263   588779   111053   588977   110819   589409   110567   589529   110129   590123    96059   587987   622493   641279   304763   629567   145253   548069    97967   357353   115853   493967   214439   546719    34739   521363   259829
   259823   521393    34703   546869   213953   493973   115823   357359    97919   548123   145037   629807   401957   629987   369023   125093   575027   124919   575153   124793   575303   124577   575513   124433   575579   124337   575867   123887   576203   123719   584873   115127   584993   114689   585413    96749   574799    70019   298049    70199   554969   151883   602087   342647   584183   206033   486053   153137   665303   178613   440183
   440339   178559   665507   153113   486119   206027   584249   342569   602333   151817   555119    68147   387977   358079    63719   636359    63599   636473    63473   636539    63443   636653    63197   636947    62939   637079    62723   637319    62627   637409    62507   637529    62297   637787    62189   638303    54623   636263   312029   631859   144887   548189    97673   357437   115757   493979   213887   546893    34499   521447   259667
   259499   521519    34457   546947   213827   494069   115727   357509    97553   548363   557309   610187   256169   309599   390503   309479   390647   309269   390869   308939   391073   308723   391367   308519   391679   308249   391889   307919   392423   307529   392669   307283   392837   307079   393059   306749   393299   402053   390209    89819   142697   151643   602453   342497   584279   205937   486179   153059   665549   178487   440507
   440849   178469   665603   152909   486293   205913   584393   342413   602627   553463   128033   367733    75659   624467    75527   624599    75323   624737    75209   624839    75029   625103    74897   625133    74699   625319    74609   625409    74489   625643    74093   625979    73973   626063    73859   626159    73673   626363    57269   624233   571973   146543    97379   357593   115613   494093   213713   547097    34403   521537   259157
   259019   521567    34283   547223   213599   494387   115589   357659   603227   113657   359297   151553   548489   151253   548843   151049   549503   150497   549533   150383   549683   150299   549719   150239   550139   149837   550289   149627   550427   149399   550757   149069   550973   148913   551339   148517   551549   148193   551849   140477   548399   586349    96779   342347   584417   205619   486407   152783   665723   178439   440987
   441029   178403   665747   152777   486449   205487   584663   688073    79613   367019   169823   530297   169667   530513   169457   530597   169313   530807   168863   531203   168743   531287   168143   531977   168023   532277   167633   532379   167483   532739   167249   532907   167087   533033   166703   533327   166643   533549   166259   533837   151169   530093   620393    11933   115343   494519   213557   547229    34259   521603   258977
   258827   521657    34217   547487   213467   494609   114269   699077   362099   104729   595313   104459   595613   104297   596009   103979   596093   103889   596363   103583   596789   103079   596963   102953   597209   102653   597419   102533   597599   102329   597689   102203   597899   102077   598007   101957   598127   101627   598643   101279   598799    90599   595247      929   585737   205397   486539   152519   665789   178349   441179
   441263   178187   666143   152429   486677   498803   574667     6869      563   699449      479   699539      449   699617      239   699947       53   700001   349967   350087   349913   350213   349787   350453   349343   350963   348827   351479   348443   351587   348407   351653   348209   351929   347957   352133   347813   352493   347099   352973   346553   353459   341729   699437   125339   201203   213329   547577    33863   521819   258743
   258563   521879    33773   547583   493937   474917   353867   123323   577043   122939   577397   122579   577517   122477   577613   122267   577799   122069   577979   121889   578309   121607   578453   121523   578537   121403   578693   121229   578999   120899   579239   120503   579533   120299   579713   120233   580259   119633   580379   119429   580763   119087   581099   117239   576299   225089   206069   152423   666233   178127   441443
   441479   178103   666437   547643   194687    69899   213173   486977   212999   487133   212579   487637   212297   487889   211997   488057   211493   488573   211403   488633   211319   488723   211247   488909   210827   489197   210599   489449   210527   489539   210347   489689   210263   489833   209987   490169   209639   490463   209147   490967   208877   491219   208673   491339   491639   486797   505319   152363    33569   521903   258527
   258449   522113   673247   138059   353567   223919   476183   223757   476369   223577   476477   223493   476603   223367   476753   223247   477149   222713   477359   222329   477809   222149   477899   222059   477977   221849   478199   221747   478403   221327   478787   221093   478937   220859   480023   219959   480167   219797   480299   219689   480329   219587   480503   219437   480713   217697   475973   561947    26759   177893   441557
   441563   530237    17957   357809   161957   538127   161807   538367   161453   538697   161267   539009   160967   539129   160739   539309   160499   539633   160367   539663   160319   539837   160163   540149   159839   540173   159773   540269   159629   540383   159617   540437   159407   540713   159233   540989   158909   541349   158567   541469   158429   541613   158243   541817   157889   542183   152189   537749   682049   169769   258443
   258119   159227   352073    42533   657497    42467   657707    42227   657809    42179   657983    41927   658127    41759   658277    41687   658379    41603   658487    41399   658649    41189   659159    40829   659423    40493   659723    40163   660053    39887   660137    39839   660227    39659   660503    39443   660683    39119   660893    39107   660917    39023   661103    38867   661259    38567   661547    38237   657323   540779   441887
   602543   352949   188147   512537   187463   512573   187409   512657   187163   513047   186947   513137   186653   513419   186239   513899   185993   514049   185903   514187   185693   514523   185477   514637   185363   514739   185183   514853   185057   515279   184649   515429   184487   515597   184133   515993   183797   516293   183683   516437   183389   516623   183317   516839   183059   516959   182933   517079   182519   511757    97463
   181277   269237   430823   269057   431363   268637   431399   268493   431567   268403   431663   268199   431993   267863   432149   267803   432287   267647   432413   267569   432449   267479   432587   267017   433049   266933   433079   266687   433373   266333   433847   266129   433889   265757   434267   265709   434303   265619   434459   265193   434849   265079   435107   264827   435257   264743   435563   264437   435647   436157   430487
