    27689   672557    27239   672827    27143   673019    26849   673193    26783   673247    26693   673613    26387   673649    26339   673769    26189   674117    25847   674273    25643   674483    25469   674699    25247   674837    25127   675029    24923   675197    24767   675347    24593   675593    24179   675923    24077   675977    23789   676253    23747   676337    23633   676469    23417   676649    23327   676727    23087   677639   346547
   676943   302747   397283   302579   397433   302513   397547   302417   398063   301877   398213   301703   398357   301583   398543   301247   398933   300869   399149   300809   399227   300743   399689   300119   399983   300017   400199   299699   400559   299363   400859   299063   401069   298589   401957   298013   402053   297809   402299   297623   402503   297083   403037   296909   403163   296753   403499   296249   295187   454967    23063
    23039   403877   152297   547787   152189   547823   152003   548039   151937   548123   151817   548363   151607   548453   151517   548753   151169   548843   151049   549503   150497   549533   150383   549683   150299   549719   150239   550139   149837   550289   149627   550427   149399   550757   149069   550973   148913   551339   148517   551549   148193   551849   148079   551933   147977   552179   147743   553589   346139   296129   676967
   676979   296117   552317   276257   423869   275999   424019   275969   424169   275783   424433   275459   424559   275339   424967   275003   425189   274709   425309   274583   425489   274457   425603   274223   425819   274103   425987   273929   426233   273719   426353   273617   426737   273233   426893   272933   427079   272903   427247   272603   427439   272549   427529   272093   427967   272009   269237   506537   147689   403889    23027
    22859   403979   147347   428003   340937   359129   340859   359297   340649   359837   339839   360257   339413   360749   339137   361013   338669   361433   338543   361637   338279   361769   338213   361799   338033   361979   337907   362147   337793   362309   337349   362693   337283   363017   336887   363149   336827   363317   336437   363767   336059   363977   335879   364193   335693   335669   376307   272003   552659   296027   677147
   677309   295517   552707   271967   364373   329873   370217   329393   370619   329333   370883   328919   371177   328667   371387   328589   371627   328373   371663   328109   371939   328007   372023   327869   372167   327827   372269   327707   372377   327317   372797   327203   373007   326663   373349   326147   373943   325943   374117   325883   374333   325607   374687   325217   374819   348077   335633   428039   147299   404489    22697
    22619   404693   147197   428177   335507   375029   237857   462239   237563   462719   237233   462827   237143   462953   236723   463433   236549   463787   236087   464129   235793   464327   235559   464483   235307   464963   235013   464999   234917   465173   234713   465407   234587   465809   234089   465977   233759   466517   233357   467183   232709   467399   232499   467897   346439   324977   364499   271829   552809   295313   677387
   677657   295037   552899   271703   364883   324893   467549   101207   599069   100853   599273   100703   599513   100469   599603   100343   599693    99839   600239    99713   600317    99347   600689    99173   600857    99023   601043    98939   601079    98627   601487    98123   601949    97973   602039    97919   602333    97553   602543    97379   602639    97007   603149   348407   232457   375113   335123   428303   147107   404969    22349
    22193   405347   147089   428369   335009   375233   232307   603047   217907   482213   217697   482387   217499   482597   217319   482753   217169   483389   216233   483827   215939   484079   215723   484607   215393   484727   215273   484853   214943   485123   214589   485447   214463   485567   213953   486119   213827   486293   213599   486449   213467   213329   621353    96959   467699   324773   364997   271637   552917   294659   677813
   677927   294509   553073   271517   365129   324647   467903    96797   486797   281339   418709   281243   418799   281117   419057   280859   419189   280703   419417   280583   419459   280409   419753   280229   420029   279857   420317   279413   420599   279329   420737   279203   420977   278903   421163   278609   421517   278363   421727   278063   276449   493979   213209   603209   232103   375359   334877   428489   146933   405497    22079
    21929   405527   146777   428639   334793   375413   232079   603227   213173   422087   265739   434297   265703   434387   265547   434813   265157   434927   264899   435179   264749   435263   264443   435569   264359   435653   264167   435923   264059   436097   263849   436283   263567   436607   263267   437153   262733   437357   262643   259667   526037   277919   486833    96779   467927   324593   365213   271367   553229   294479   678077
   678203   294347   553463   271163   365369   324557   468059    96749   486977   277757   437693   190577   509477   190403   509693   190283   509909   189929   510569   189389   510767   189017   511163   188519   511523   188303   511757   188147   512537   187463   512573   187409   512657   187163   513047   186947   513137   186653   514523   346553   262313   422249   213029   603257   231947   375449   334637   428843   146543   405659    21803
    21599   405689   146477   429083   334493   375509   231893   603563   212999   422363   262253   513419    64037   636149    63743   636287    63647   636407    63533   636533    63467   636563    63353   636809    63059   637067    62927   637283    62687   637379    62597   637499    62477   637709    62219   637817    61703   640943   346187   186587   437753   277643   487007    96443   468113   324497   365513   270923   553529   294317   678407
   678437   294179   553583   270659   365627   324473   468473    96059   487133   277637   437819   186239   638423   177167   523307   176573   523637   176333   523763   176213   523847   176129   524057   175919   524507   175067   525017   174749   525353   174413   525599   174329   525809   174137   526073   173867   530297   343913    61583   513767   262187   422369   212873   603947   231533   375533   334379   429347   146423   405827    21569
    21407   405857   146273   429413   334247   375569   231479   603989   212579   422459   262139   513899    61553   526199   239333   460709   239087   460937   239027   461147   238709   461333   238499   461609   238313   461843   228113   471929   227873   472469   227363   472799   227189   472847   227147   479147   342647   173807   638453   186107   437867   277547   487427    96017   468527   324437   365759   270593   553733   294149   678599
   678659   294059   553757   270539   366077   324299   468647    95783   487637   277247   438029   185993   638459   173783   473453   225023   475037   224897   475289   224603   475583   224327   475697   224129   475973   223919   476183   223757   476369   223577   476477   223493   476603   223367   477947   347813   226553   526223    61547   514013   261977   422759   212369   604223   231359   375707   333929   429467   146249   405947    21347
    21227   406403   145799   429497   333779   376049   231323   604259   212297   422789   261959   514049    61343   526307   226487   476753   154247   545933   154067   546053   153743   546317   153437   546599   153287   546869   153113   546947   152909   547223   152777   547487   152429   577937   318683   223253   473519   173699   638663   185957   438047   277217   487709    95747   468683   323957   366227   270509   554207   293603   678779
   678989   293507   554303   270443   366269   323879   468737    95393   487889   276953   438233   185903   638999   173357   473579   223247   547583    39839   660227    39659   660503    39443   660683    39119   660893    39107   660917    39023   661103    38867   661259    38567   664583   346259   152423   476759   226427   526649    61007   514103   261773   423053   212117   604613   231269   376127   333737   429563   145703   406499    21017
    20939   406547   145589   429599   333719   376469   231107   604727   211997   423173   261587   514187    60953   526709   226409   477149   141443   661547   135089   564989   134669   565517   134417   565637   134339   565787   134213   565919   134033   566057   133733   570419   345227    38459   558563   222857   473597   173297   639053   185819   438419   276833   488009    95279   468899   323537   366287   270407   554417   293459   679067
   679127   293357   554573   270329   366293   323249   468953    95273   488057   276827   438443   185693   639083   173267   473723   222713   558827    38453   566567   202403   497663   202277   497957   201953   498209   201449   498647   201203   499139   200723   499973   348443   133439   661553   141179   477293   226283   526739    60923   514313   261563   423179   211949   604733   231053   376757   333713   429677   145433   406649    20879
    20849   406859   145307   429683   333623   377129   230969   604787   211493   423299   261017   514529    60869   526829   226217   477359   140939   661613   133283   499349   199637   500483   199487   500603   199313   500957   198977   501077   198833   502247   348419   200657   566723    38393   559067   222647   473789   173177   639137   185477   438989   276707   488513    95219   469037   322877   366383   270323   554699   293147   679157
   679463   293123   554747   270287   366467   322859   469439    95177   488573   276593   439007   185369   639269   172883   473999   222329   559277    38333   567053   200609   501287   123803   576287   123707   576683   122963   577067   122609   584249   342659   198719   499397   132953   661673   140729   477677   226007   527123    60737   514637   260999   423413   211433   604829   230567   377147   333539   429719   145259   406883    20543
    20399   406907   145253   429797   333323   377297   230393   604997   211403   423503   260873   514643    60443   527129   225989   477809   140663   661679   132947   499493   198689   577427    16097   683933    16067   684119    15767   350219   683819   122579   501317   200513   567059    38327   559343   222197   474017   172877   639563   185363   439133   276503   488603    95009   469613   322709   366683   270209   554753   293099   679607
   679709   292517   554969   269987   366983   322613   469649    94889   488633   276389   439157   185267   639689   172673   474029   222149   559529    38237   567143   200483   501383   122489   684269   120503   579533   120299   579713   349967    15737   577517   198623   499523   132863   661769   140477   477857   225977   527333    60317   514739   260849   423617   211373   605117   230357   377393   333023   430019   145037   407489    20297
    20183   407579   144887   430343   332987   377543   230213   605393   211319   423713   260807   514823    60293   527399   225809   477899   140423   661823   132749   499649   198503   577529    15359   579773   194687   663539   191783   120233   684647   122477   501503   200357   567257    38183   559583   222107   474197   172607   639713   185183   439199   276293   488687    94613   469793   322463   367019   269663   555119   292427   679823
   679829   292367   555167   269579   367277   322319   470207    94529   488723   267569   439253   185153   639839   172553   474437   222029   559667    37649   567383   200153   501593   122393   684773   582677   347099   350003   352907   117329    15233   577613   198413   499853   132623   662357   140339   477977   225569   527453    60167   514853   260753   432437   211283   605477   229799   377687   332729   430427   144839   407639    20177
    20147   407723   144719   430433   332699   378023   229763   605543   211247   432449   260717   514949    60149   527489   225527   478157   140333   662477   132437   499943   198179   577739   688073   117023   508223    36467   505319   582983    11933   122267   501827   200063   567569    37529   559673   221849   474479   172517   639857   185057   439289   267557   488759    94463   470243   321983   367307   269573   555287   292283   679859
   679883   292223   555593   269519   367559   321413   470279    94433   488909   267479   439463   184727   640007   172373   474497   221807   559709    37493   567659   199853   502043   121553   345263   350039   120473   579707   120293   579503   354743   578453   197963   500153   132347   662513   140297   478199   225509   527633    59999   515279   260543   432527   211097   605573   229727   378593   332447   430487   144413   407783    20123
    19979   407969   144323   430823   332393   378683   229703   605609   210827   432587   260339   515357    59957   527699   225503   478259   140207   662693   132287   500333   502079   569747    16187    16073   683939    15887   684239   349787   683909   130259   197927   199673   567719    37313   559799   221747   474503   172307   640049   184649   439667   267419   489179    94397   470303   321323   367613   269183   555683   292037   680027
   680213   291869   555707   269057   367733   321227   470417    94169   489197   267017   439799   184577   640127   172217   474659   221603   559883    37217   567947   577799   195053   357347   123719   576299   123323   577043   122939   577397   115757   576203   504953   122207   132059   662789   140123   478403   225347   527789    59879   515429   260207   432989   210809   605837   229589   378779   332273   430949   144299   408137    19793
    19709   408173   143999   431363   332183   378929   229553   606083   210599   433073   259967   515519    59747   527909   225299   478679   139967   662867   131639   118409   351587   199523   500519   199403   500693   199049   501029   198929   501173   197759   500369   581597   568367    37139   560039   221327   474707   172097   640259   184487   440039   266933   489407    93923   470453   321077   367823   268643   556007   291833   680297
   680453   291743   556487   268637   367889   321053   470597    93893   489449   266927   440177   184409   640307   171869   474779   221219   560123   663407   561083   351563   202343   497729   202049   498053   201797   498557   201359   498803   200867   499283   200033   497603   138923    36599   139883   478787   225227   528137    59699   515597   259829   433079   210557   606113   229409   378953   332117   431369   143519   408263    19553
    19373   408437   143243   431399   331907   379163   229343   606323   210527   433319   259823   515873    59417   528299   225167   478913   563117    30977   354779   135017   565337   134489   565589   134369   565667   134219   565793   134087   565973   133949   566273   129587   564917   669029   136889   221093   474839   171707   640589   184133   440183   266687   489479    93683   470663   320843   368099   268607   556763   291569   680633
   680993   291509   556943   268493   368117   320699   470783    93563   489539   266633   440507   184013   640613   171383   474857   496427   102797   353747    39779   660347    39503   660563    39323   660887    39113   660899    39089   660983    38903   661139    38747   661439    35423   660167   597209   203579   225149   528623    59393   515993   259499   433373   210467   606443   229223   379307   331889   431513   143063   408497    19013
    18959   408563   142979   431567   331553   379319   229139   606449   210347   433673   259157   516209    59357   528707   224579   198347   381323   154073   545939   153953   546263   153689   546569   153407   546719   153137   546893   153059   547097   152783   547229   152519   547577   122069   545759   501659   475427   171299   640649   183797   440849   266333   489659    93557   470867   320687   368453   268439   557027   291443   681047
   681089   291293   557033   268403   368729   320609   471137    93503   489689   266159   440987   183713   640733   530549   454379   352193   224969   475109   224717   475403   224423   475679   224309   475877   224033   476087   223823   476249   223637   476429   223529   476513   223403   476639   222059   474983   245627   169457    59273   516293   259019   433847   210317   606503   228869   379397   331277   431603   142973   408713    18917
    18869   408719   142949   431663   331217   379667   228797   606527   210263   433877   258977   516323   640847   159233   357359   239297   460919   239069   460979   238859   461297   238673   461507   238397   461693   238163   471893   228077   472133   227537   472643   227207   472817   227159   472859   220859   460673   540773    59159   183683   441029   266129   489743    93479   471209   320339   368789   268343   557057   291287   681137
   681167   290999   557273   268199   369023   320303   471299    93419   489833   266117   441179   517949    51749   356093   176699   523433   176369   523673   176243   523793   176159   523877   175949   524087   175499   524939   174989   525257   174653   525593   174407   525677   174197   525869   173933   526139   169709   522839   648257   182057   258827   433889   210173   606587   228707   379703   330983   431807   142733   409007    18839
    18749   409043   142697   431993   330887   379787   228617   606743   209987   434249   258527   173273   353819    63857   636263    63719   636359    63599   636473    63473   636539    63443   636653    63197   636947    62939   637079    62723   637319    62627   637409    62507   637529    62297   637787    62189   638303    59063   635969   526733   441479   265757   490019    93263   471389   320219   369119   268013   557309   290963   681257
   681293   290669   557537   267863   369353   320153   471467    93047   490169   264113   612497   353453   190529   509603   190313   509723   190097   510077   189437   510617   189239   510989   188843   511487   188483   511703   188249   511859   187469   512543   187433   512597   187349   512843   186959   513059   186869   513353   185483   509429    87509   435893   209837   606959   228539   379853   330653   432143   142469   409337    18713
    18587   409349   142433   432149   330587   379979   228257   607049   490367   574703   173969   265709   434303   265619   434459   265193   434849   265079   435107   264827   435257   264743   435563   264437   435647   264353   435839   264083   435947   263909   436157   263723   436439   263399   436739   262853   437273   262649   437363   440339   434267   125303   209639    92957   471749   320027   369419   267857   557573   290657   681419
   681563   290627   557789   267803   369647   320009   471803   614177   474917   206027   281297   418763   281207   418889   280949   419147   280817   419303   280589   419423   280547   419597   280253   419777   279977   420149   279689   420593   279407   420677   279269   420803   279029   421103   278843   421397   278489   421643   278279   421943   423557   418667   225089    85829   228203   379997   330359   432203   142217   409379    18443
    18329   409517   142019   432287   330347   380189   480023    78137    78653   217793   482309   217619   482507   217409   482687   217253   482837   216617   483773   216179   484067   215927   484283   215399   484613   215279   484733   215153   485063   214883   485417   214559   485543   214439   486053   213887   486179   213713   486407   213557   486539   486677   482099   621869   219983   319817   369659   267719   557987   290489   681677
   681719   290189   558203   267647   369959   382919   208337   351599   100937   599153   100733   599303   100493   599537   100403   599663   100313   600167    99767   600293    99689   600659    99317   600833    99149   600983    98963   601067    98927   601379    98519   601883    98057   602033    97967   602087    97673   602453    97463   602627    97367   602999    96857   598799   491669   317087   330047   432359   141803   409817    18287
    18233   409823   141719   432413   374987   307169   353567   237767   462443   237287   462773   237179   462863   237053   463283   236573   463457   236219   463919   235877   464213   235679   464447   235523   464699   235043   464993   235007   465089   234833   465293   234599   465419   234197   465917   234029   466247   233489   466649   232823   467297   232607   467507   232109   462149   392837   325019   267593   558287   290183   681773
   682049   290039   558497   433049   342497   351929   329789   370613   329387   370673   329123   371087   328829   371339   328619   371417   328379   371633   328343   371897   328067   371999   327983   372137   327839   372179   327737   372299   327629   372689   327209   372803   326999   373343   326657   373859   326063   374063   325889   374123   325673   374399   325319   374789   325187   370133   357509   266957   141509   409967    17957
    17747   410117   140639   416873   323699   340877   359147   340709   359357   340169   360167   339749   360593   339257   360869   338993   361337   338573   361463   338369   361727   338237   361793   338207   361973   338027   362099   337859   362213   337697   362657   337313   362723   336989   363119   336857   363179   336689   363569   336239   363947   336029   364127   335813   364313   364337   359069   283133   559367   289889   682259
   682277   288839   547643   193469   276137   424007   275987   424037   275837   424223   275573   424547   275447   424667   275039   425003   274817   425297   274697   425423   274517   425549   274403   425783   274187   425903   274019   426077   273773   426287   273653   426389   273269   426773   273113   427073   272927   427103   272759   427403   272567   427457   272477   427913   272039   427997   430769   423749   152363   411167    17729
   682679   507029   353867   152219   547817   152183   548003   151967   548069   151883   548189   151643   548399   151553   548489   151253   548837   151163   548957   150503   549509   150473   549623   150323   549707   150287   549767   149867   550169   149717   550379   149579   550607   149249   550937   149033   551093   148667   551489   148457   551813   148157   551927   148073   552029   147827   552263   146417   547709   192977    17327
     6473   245039   302723   397427   302573   397493   302459   397589   301943   398129   301793   398303   301649   398423   301463   398759   301073   399137   300857   399197   300779   399263   300317   399887   300023   399989   299807   400307   299447   400643   299147   400943   298937   401417   298049   401993   297953   402197   297707   402383   297503   402923   296969   403097   296843   403253   296507   403757   404819   397259   693533
   353459    27449   672767    27179   672863    26987   673157    26813   673223    26759   673313    26393   673619    26357   673667    26237   673817    25889   674159    25733   674363    25523   674537    25307   674759    25169   674879    24977   675083    24809   675239    24659   675413    24413   675827    24083   675929    24029   676217    23753   676259    23669   676373    23537   676589    23357   676679    23279   676919    22367   672317
