   270287   429797   269987   430343   269579   430433   269519   430769   269183   430949   268643   431369   268607   431513   268439   431603   268343   431807   268013   432143   267857   432203   267719   432359   267593   432437   267557   432527   267419   432989   266957   433073   266927   433319   266633   433673   266159   433877   266117   434249   265739   434297   265703   434387   265547   434813   265157   434927   264899   258977   522737
   435179   189239   510989   188843   511487   188483   511703   188249   511859   187469   512543   187433   512597   187349   512843   186959   513059   186869   513353   186587   513767   186107   514013   185957   514103   185819   514313   185483   514529   185369   514643   185267   514823   185153   514949   184727   515357   184577   515519   184409   515873   184013   516209   183713   516323   183569   516617   183383   182603   681047   264827
   264749   516689    43397   656687    43223   656939    43013   657017    42773   657269    42683   657473    42509   657539    42299   657779    42197   657827    42023   658079    41879   658247    41729   658319    41627   658403    41519   658607    41357   658817    40847   659177    40583   659513    40283   659843    39953   660119    39869   660167    39779   660347    39503   660563    39323   660887    39113   662693   346349   183317   435257
   435263   183167   660899   163859   536273   163307   537413   162419   537743   162257   538049   161879   538199   161639   538553   161309   538739   160997   539039   160877   539267   160697   539507   160373   539639   160343   539687   160169   539843   159857   540167   159833   540233   159737   540377   159623   540389   159569   540599   159293   540773   159227   540989   158909   541349   158567   541469   347099    39107   516839   264743
   264443   516947    39089   541577   224717   475403   224579   475583   224327   475697   224129   475973   223919   476183   223757   476369   223577   476477   223493   476603   223367   476753   223247   477149   222713   477359   222329   477809   222149   477899   222059   477977   221849   478199   221747   478403   221327   478787   221093   478937   220859   480023   219959   480167   219797   480329   347057   158429   660917   183059   435563
   435569   183047   660983   158393   480299   213887   486179   213713   486407   213557   486539   213329   486797   213173   486977   212999   487133   212579   487637   212297   487889   211997   488057   211493   488573   211403   488633   211319   488723   211247   488909   210827   489197   210599   489449   210527   489659   210317   489743   210173   490019   209837   490367   209543   208577   629843   219707   541613    39023   516959   264437
   264359   517073    38903   541763   219689   490859   124433   575579   124337   575867   123887   576203   123719   576299   123323   577043   122939   577397   122579   577517   122477   577613   122267   577799   122069   577979   121889   578309   121607   578453   121523   578537   121403   578693   121229   578999   120899   579239   120503   579533   120299   579713   120233   583367   344363   209147   480317   158243   661103   182933   435647
   435653   182927   661139   158189   480419   209039   580259      953   699059      929   699119      809   699287      683   699437      563   699449      479   699539      449   699617      239   699947       53   700001   349967   350087   349913   350213   349787   350453   349343   350963   348827   351479   348443   351587   348407   351653   348209   351929   347957   345749   354533   119747   490967   219587   541817    38867   517079   264353
   264167   517217    38747   542117   219503   491129   119633   352073   105437   594617   105107   595073   104849   595247   104729   595313   104459   595613   104297   596009   103979   596093   103889   596363   103583   596789   103079   596963   102953   597209   102653   597419   102533   597599   102329   597689   102203   597899   102077   598007   101957   604787   341303   347933   580373   208877   480503   157889   661259   182789   435839
   435893   182639   661439   157823   480569   208787   580379   347873   598127   170777   529637   169943   530087   169913   530183   169769   530297   169667   530513   169457   530597   169313   530807   168863   531203   168743   531287   168143   531977   168023   532277   167633   532379   167483   532739   167249   532907   167087   533033   166703   547787   333623   101879   352133   119627   491219   219437   542183    38567   517367   264113
   264083   517457    38459   542207   219293   491333   119429   352193   101627   533327   152003   548069   151883   548189   151643   548399   151517   548753   151169   548843   151049   549503   150497   549533   150383   549683   150299   549719   150239   550139   149837   550289   149627   550427   149399   550757   149069   550973   148913   556943   342347   166679   598379   347813   580577   208673   480713   157799   661547   182549   435923
   435947   182537   661553   157769   480989   208667   580763   347513   598643   166643   551339    77213   623003    76949   623327    76289   623723    75797   624233    75659   624467    75527   624599    75323   624737    75209   624839    75029   625103    74897   625133    74699   625319    74609   625409    74489   625643    74093   632123   342647   148667   533363   101363   352493   119243   491339   219017   542237    38453   517469   264059
   263909   517487    38393   542447   218963   491417   119087   352973   101279   533549   148517   625979   310283   389783   310187   389957   309929   390107   309797   390407   309503   390527   309359   390737   309137   391067   308933   391283   308639   391487   308327   391757   308117   392087   307583   392477   307337   403037   338237    74027   551489   166457   598727   347033   580919   208589   481043   157559   661613   182519   436097
   436157   182453   661673   157523   481133   208469   581099   346553   598799   166259   551549    73973   392723    64499   635567    64403   635849    64067   635969    63857   636263    63719   636359    63599   636473    63473   636539    63443   636653    63197   636947    62939   637079    62723   637319    62627   648719   337793   307283   626033   148457   533747   101207   353453   118907   491537   218873   542483    38333   517553   263849
   263723   517589    38327   542579   218849   491627   118673   353459   100937   533837   148193   626063   307169   637409   126107   574289   125639   574619   125339   574703   125207   574913   124919   575153   124793   575303   124577   575513   115853   584183   115757   584279   115613   584417   115343   591137   342413    62597   392837    73943   551813   166169   599069   346547   581333   208379   481157   157427   661679   182417   436283
   436439   182387   661769   157259   481379   208367   581549   346439   599153   166043   551849    73859   392927    62507   584873   112787   587417   112577   587603   112337   587753   112019   588113   111833   588239   111659   588383   111497   588683   111269   588743   111227   588953   111029   603149   334793   115133   637499   307079   626147   148157   533963   100853   353567   118457   491639   218627   542747    38237   517619   263567
   263399   517877    38183   542873   218417   491669   118409   353747   100733   533993   148079   626159   306947   637529   115127   589187    46103   654047    45953   654509    45413   654629    45263   654827    45083   655043    44777   655373    44357   655727    44249   655847    44123   666527   338207   110819   584879    62477   393059    73847   551927   166013   599273   346259   581597   208337   481589   157133   661823   182129   436607
   436739   182057   662357   157019   482099   208223   581663   346223   599303   165947   551933    73673   393257    62297   584993   110597   656063   281207   418889   280949   419147   280817   419303   280589   419423   280547   419597   280253   419777   279977   420149   279689   275039   494699    43943   589409   115013   637709   306749   626333   148073   534059   100703   353783   118343   491783   217907   542987    37649   517949   263267
   262853   518249    37529   542999   217793   491789   118277   353819   100493   534173   147977   626363   306707   637787   114689   589439    43853   420593    28817   671303    28649   671603    28289   671729    28229   672059    27779   672317    27449   672767    27179   681167   340709   279413   656153   110567   585317    62219   393299    73643   552029   165833   599513   346187   581729   208217   482213   157007   662477   181757   437153
   437273   181619   662513   156719   482309   208139   581753   346139   599537   165533   552179    73613   393473    62189   585413   109883   656429   279407   672863    89273   610817    89087   611069    88817   611207    88793   611459    88523   611543    88169   621113   340169    27143   420599    43577   590123   114593   637817   306533   626393   147827   534473   100469   353867   118253   491867   217697   543287    37493   518387   262733
   262649   518597    37217   543299   217619   491969   118163   353963   100403   534923   147743   626477   306419   638303   114419   590489    43487   420677    26987   611927    87293   612923    86993   613163    86837   613253    86579   613607    86369   620777   342239    88079   673019   279329   656519   109517   585587    61703   393587    73529   552263   165083   599603   346043   581843   208037   482387   156707   662789   181409   437357
   437363   181277   662867   156623   482507   207953   582017   345689   599663   164987   552317    73517   393629    61583   585677   109469   656603   279269   673157    88037   613763    19013   681089    18869   681257    18713   681419    18443   693317   337907    86243   611969    26849   420737    43403   590537   114329   638423   306377   626489   147689   535019   100343   354317   117989   492053   217499   543383    37139   518729   262643
   262313   518807    37049   543539   217409   492059   117839   354677   100313   535169   147347   626627   306329   638453   114269   590573    34457   420803    26813   611999    86117   681677   256133   443987   255977   444089   255839   454247   339749    18329   613889    88007   673193   279203   665549   109433   585737    61553   393677    73379   552659   164837   599693   345329   582167   207947   482597   156467   662957   181199   437693
   437753   181193   663149   156347   482687   207923   582173   345263   600167   164477   552707    73043   393797    61547   585839   109397   665603   279029   673223    87869   614153    18287   444293    16223   683789    16187   697127   336689   255713   681719    85853   612137    26783   420977    34403   590609   114167   638459   306209   626963   147299   535529    99839   354743   117833   492083   217319   543659    36857   518813   262253
   262187   519227    36767   543887   217253   492377   117797   354779    99767   535697   147197   626987   306149   638663   114143   590627    34283   421103    26759   612173    85829   681773   255659   683933    82163   675977   291869    16073   444347    18233   614177    87833   673247   278903   665723   109379   585863    61343   393857    73019   552809   164309   600239   345227   582209   207629   482753   156119   663239   180779   437819
   437867   180749   663407   155783   482837   207593   582227   344969   600293   164279   552899    72923   393977    61007   585917   109253   665747   278843   673313    87743   614387    17957   444539   684119   559709   350003   140297    15887   255467   682049    85619   612263    26693   421163    34259   590753   114089   638999   306029   627083   147107   535727    99713   355037   117779   492413   217169   544223    36599   519257   262139
   261977   519359    36467   544259   216617   492563   117497   355049    99689   535757   147089   627383   305999   639053   113933   590867    34217   421397    26393   612377    85523   682259   446273     2423   408137    24029   617843   697583   253733    17747   614483    87629   673613   278609   665789   109139   586073    60953   394007    72623   552917   164249   600317   344957   582509   207443   483389   155747   663539   180647   438029
   438047   180623   663653   155087   483773   207377   582563   344543   600659   164147   553073    72053   394073    60923   586349   108917   666143   278489   673619    87623   614693   684923   242867   363317    16217   683819     2879   683783   457139    15083    85313   612383    26387   421517    33863   591089   113657   639083   305933   627953   146933   535859    99347   355463   117443   492629   216233   544919    36353   519383   261959
   261773   519509    36293   544937   216179   492719   117329   355679    99317   535967   146777   628013   305849   639137   113513   591113    33773   421643    26357   612497    83459     2039   360257   256019   444029   255917   444167   245759   443873   697967   616547    87509   673649   278363   666233   108893   586493    60869   394157    71993   553229   164039   600689   344327   582677   207287   483827   155069   663713   180497   438233
   438419   180419   663737   155027   484067   207113   582737   344243   600833   152909   553463    71909   394223    60737   586589   108497   666437   278279   673667    84737   607049   362099    18917   681137    18749   681293    18587   681563     6689   680993    92957   615269    26339   421727    33569   591509   113417   639269   305783   628097   146543   547097    99173   355763   117269   492893   215939   544979    36269   519587   261587
   261563   520067    36209   545063   215927   493013   117239   355799    99149   547223   146477   628127   305639   639563   113327   591659    33359   421943   675413   603947   357767    87083   613013    86843   613169    86753   613427    86399   613637    79229   612713    96059    24593   278063   666647   108347   586679    60443   394367    71879   553529   152783   600857   344207   582767   206993   484079   154943   663797   179939   438443
   438989   179903   663869   154619   484283   206939   582887   344153   600983   152777   553583    71867   394409    60317   586793   108263   666857   423299    13367   359837    89189   610919    88937   611189    88799   611213    88547   611483    88463   611837    78893   610733   686639   276707    33149   591743   113213   639689   305597   628139   146423   547229    99023   355853   117119   493067   215723   545387    36137   520103   261017
   260999   520193    35963   545483   215399   493109   117023   355967    98963   547487   146417   628217   305483   639713   113027   591827   668747   418763   359297    28703   671357    28403   671717    28277   671777    27947   672227    27689   672557    27239   672827    18839   671189   281243    31259   108179   586979    60293   394523    71789   553589   152519   601043   344039   582983   206897   484607   154523   664043   179813   439007
   439133   179693   664109   154247   484613   206879   583013   343913   601067   152429   553733    71633   394529    60167   587087   602639    16097   205307   281117   419057   280859   419189   280703   419417   280583   419459   280409   419753   280229   420029   279857   420317   424967   418799   683909    97367   112919   639839   305477   628373   146273   547577    98939   356093   116993   493127   215393   545759    35897   520313   260873
   260849   520349    35753   545933   215279   493193   116867   356219    98927   547583   146249   628673   305369   639857   589529    79367   361799    45959   654053    45497   654593    45377   654743    45179   654923    44963   655229    44633   655649    44279   655757    44159   655883    33479   653903   620639   110477    60149   394637    71333   553757   152423   601079   343787   583139   206813   484727   154073   664253   179657   439157
   439199   179579   664403   154067   484733   206603   583469   343313   601379   152363   554207    71327   394643    54269    90863   365213   112589   587429   112403   587669   112253   587987   111893   588173   111767   588347   111623   588509   111323   588737   111263   588779   111053   588977    96857   587219   609143   645737   305363   628679   145799   547643    98627   356693   116537   493403   215273   545939    35603   520427   260807
   260753   520433    35423   546053   215153   493463   116483   356933    98519   547709   145703   628757   303473   630353   357593   125717   574367   125387   574667   125303   574799   125093   575087   124853   575213   124703   575429   124493   584153   115823   584249   115727   584393   115589   584663   108869   573899    69653   396533    71249   554303   152297   601487   343073   583523   206543   484853   153953   664583   179573   439253
   439289   179357   664613   153743   485063   206483   583619   343037   601883   152189   554417   630107   380837   362213    64439   635603    64157   635939    64037   636149    63743   636287    63647   636407    63533   636533    63467   636563    63353   636809    63059   637067    62927   637283    62687   637379    51287   635507   319169    69899   145589   547817    98123   356969   116387   493523   214943   546263    35393   520649   260717
   260543   520679    35339   546317   214883   493607   116279   357107    98057   547823   562439    58193   361769   310223   389819   310049   390077   309899   390209   309599   390503   309479   390647   309269   390869   308939   391073   308723   391367   308519   391679   308249   391889   307919   392423   307529   392669   296969   389723   641813   137567   152183   601949   342899   583727   206399   485123   153689   664667   179327   439463
   439667   179243   664679   153437   485417   206273   583733   342659   602033   548453   124979   357359    77003   623057    76679   623717    76283   624209    75773   624347    75539   624479    75407   624683    75269   624797    75167   624977    74903   625109    74873   625307    74687   625397    74597   625517    74363   625913    67883   622793   575027   151553    97973   357347   116273   493733   214589   546569    35327   520763   260339
   260207   521153    35267   546599   214559   493853   116009   357353    95393   129287   357659   151937   548123   151817   548363   151607   548489   151253   548837   151163   548957   150503   549509   150473   549623   150323   549707   150287   549767   149867   550169   149717   550379   149579   550607   149249   550937   149033   551093   143063   548003   570719   604613   342653   583997   206153   485447   153407   664739   178853   439799
   440039   178697   664847   153287   485543   206069   584027   361637   589877   366383   170369   530063   169919   530093   169823   530237   169709   530339   169493   530549   169409   530693   169199   531143   168803   531263   168719   531863   168029   531983   167729   532373   167627   532523   167267   532757   167099   532919   166973   533303   152219   529229   110129   338369   115979   493937   214463   546719    35159   521309   259967
   259829   521363    34883   546869   214439   493967   113969   687737   358703   105389   594899   104933   595157   104759   595277   104693   595547   104393   595709   103997   596027   103913   596117   103643   596423   103217   596927   103043   597053   102797   597353   102587   597473   102407   597677   102317   597803   102107   597929   101999   598049    95219   594569    12269   586037   206039   485567   153137   665123   178643   440177
   440183   178613   665267   153113   486053   498803   574109   345473      947   699077      887   699197      719   699323      569   699443      557   699527      467   699557      389   699767       59   699953        5   350039   349919   350093   349793   350219   349553   350663   349043   351179   348527   351563   348419   351599   348353   351797   348077   352049   354257   699053   125897   201203   213953   546893    34739   521393   259823
   259667   521447    34703   546947   489539   474659   355643   124427   575669   124139   576119   123803   576287   123707   576683   122963   577067   122609   577427   122489   577529   122393   577739   122207   577937   122027   578117   121697   578399   121553   578483   121469   578603   121313   578777   121007   579107   120767   579503   120473   579707   120293   579773   116639   575573   225347   210467   153059   665303   178559   440339
   440507   178487   665507   548039   198929    70163   213827   486293   213599   486449   213467   486677   213209   486833   213029   487007   212873   487427   212369   487709   212117   488009   211949   488513   211433   488603   211373   488687   211283   488759   211097   489179   210809   489407   210557   489479   210347   489689   210263   489833   209987   490169   209639   490463   491429   486119   501077   151967    34499   521519   259499
   259157   521537   668813   141509   352949   224603   475427   224423   475679   224309   475877   224033   476087   223823   476249   223637   476429   223529   476513   223403   476639   223253   476759   222857   477293   222647   477677   222197   477857   222107   477947   222029   478157   221807   478259   221603   478679   221219   478913   221069   479147   219983   480047   219839   480209   219677   475289   558497    31193   178469   440849
   440987   522839    20879   352907   163733   536699   162593   537587   162263   537749   161957   538127   161807   538367   161453   538697   161267   539009   160967   539129   160739   539309   160499   539633   160367   539663   160319   539837   160163   540149   159839   540173   159773   540269   159629   540383   159617   540437   159407   540713   159233   540779   159017   541097   158657   541439   158537   536147   679127   177167   259019
   441179   499139   353657    43319   656783    43067   656993    42989   657233    42737   657323    42533   657497    42467   657707    42227   657809    42179   657983    41927   658127    41759   658277    41687   658379    41603   658487    41399   658649    41189   659159    40829   659423    40493   659723    40163   660053    39887   660137    39839   660227    39659   660503    39443   660683    39119   660893    37313   656609   200867   258827
   423713    18959   189017   511163   188519   511523   188303   511757   188147   512537   187463   512573   187409   512657   187163   513047   186947   513137   186653   513419   186239   513899   185993   514049   185903   514187   185693   514523   185477   514637   185363   514739   185183   514853   185057   515279   184649   515429   184487   515597   184133   515993   183797   516293   183683   516437   183389   516623   517403   510767   276293
   177269   270209   430019   269663   430427   269573   430487   269237   430823   269057   431363   268637   431399   268493   431567   268403   431663   268199   431993   267863   432149   267803   432287   267647   432413   267569   432449   267479   432587   267017   433049   266933   433079   266687   433373   266333   433847   266129   433889   265757   434267   265709   434303   265619   434459   265193   434849   265079   435107   441029   429719
