   273233   426893   272933   427079   272903   427247   272603   427439   272549   427529   272093   427967   272009   428003   271967   428177   271703   428369   271517   428639   271163   429083   270659   429413   270539   429497   270443   429599   270329   429683   270287   429797   269987   430343   269579   430433   269519   430769   269183   430949   268643   431369   268607   431513   268439   431603   268343   431807   268013   264353   515357
   432143   193043   506993   192977   507119   192677   507599   192263   507953   191969   508103   191783   508259   191657   508499   191447   508709   191189   508973   190979   509297   190613   509429   190529   509603   190313   509723   190097   510077   189437   510617   189239   510989   188843   511487   188483   511703   188249   511859   187469   512543   187433   512597   187349   512843   186959   513059   186869   513899   346349   267863
   267857   513353    47093   653117    46853   653357    46643   653507    46229   653819    46103   654047    45953   654509    45413   654629    45263   654827    45083   655043    44777   655373    44357   655727    44249   655847    44123   656063    43853   656429    43487   656603    43397   656687    43223   656939    43013   657017    42773   657269    42683   657473    42509   657539    42299   657779    42197   663239   341729   186653   432149
   432203   186587   657827   168029   531983   167729   532373   167627   532523   167267   532757   167099   532919   166973   533303   166679   533363   166457   533747   166169   533963   166013   534059   165833   534473   165083   535019   164837   535529   164309   535727   164249   535859   164039   536147   163733   536699   162593   537587   162263   537749   161957   538127   161807   538367   161453   540437   345227    42179   513419   267803
   267719   513767    42023   538697   228077   472133   227537   472643   227207   472817   227159   472859   226553   473519   226427   473597   226283   473789   226007   474017   225977   474197   225569   474479   225509   474503   225347   474707   225227   474839   225149   474917   225023   475037   224897   475289   224603   475427   224423   475679   224309   475877   224033   476087   223823   476369   348209   161309   657983   186239   432287
   432359   185993   658079   161267   476249   218873   481157   218627   481589   217907   482213   217697   482387   217499   482597   217319   482753   217169   483389   216233   483827   215939   484079   215723   484607   215393   484727   215273   484853   214943   485123   214589   485447   214463   485567   213953   486119   213713   486407   213557   486539   213329   486797   213173   211247   623327   223757   538739    41927   514013   267647
   267593   514049    41879   539009   223577   486977   127703   572357   127607   572423   127487   572633   127163   572867   127103   572927   127037   573179   126743   573647   126143   573899   125897   574289   125639   574619   125339   574703   125207   574913   124979   575087   124853   575213   124703   575429   124493   575573   124427   575669   124139   576119   123803   578777   345329   213029   476429   160997   658127   185957   432413
   432437   185903   658247   160967   476477   212999   576287     3593   696617     3347   696887     2957   697079     2879   697217     2633   697397     2549   697583     2333   697733     2129   697937     2039   697979     1823   698273     1709   698339     1619   698393     1559   698483     1499   698567     1283   698729     1103   699053      947   699077      887   699437   348443   123719   487007   223529   539039    41759   514103   267569
   267557   514187    41729   539129   223493   487133   123707   699197   109397   590627   109253   590867   108917   591113   108869   591509   108347   591743   108179   592133   107867   592289   107699   592649   107279   592763   107033   593183   106619   593519   106433   593633   106103   593993   105983   594107   105557   594569   105389   594899   104933   596963   345689      809   576299   212873   476513   160877   658277   185819   432449
   432527   185693   658319   160739   476603   212579   576683      719   595157   174137   526037   173933   526139   173807   526223   173699   526649   173297   526733   173267   526829   172883   527129   172673   527399   172553   527489   172373   527699   172217   527909   171869   528299   171383   528707   171077   529049   170777   529637   169943   554747   323537   104849   699287   123323   487427   223403   539267    41687   514313   267479
   267419   514523    41627   539309   223367   487637   122963   699323   104759   530087   155087   544937   155027   545387   154523   545759   154073   545939   153953   546317   153437   546599   153287   546869   153113   546947   152909   547223   152777   547487   152429   547583   152363   547709   152219   547817   152183   548003   151967   549623   346547   169919   595247      683   577043   212369   476639   160697   658379   185483   432587
   432989   185477   658403   160499   476753   212297   577067      563   595277   169913   548069    81077   619187    80039   620033    79907   620117    79847   620183    79769   620393    79427   620639    79349   620777    79193   621017    78977   621113    78779   621353    78479   621833    78137   622073    77849   622493    77477   625307   345263   151937   530093   104729   699443   122939   487709   223253   539507    41603   514529   267017
   266957   514637    41519   539633   223247   487889   122609   699449   104693   530183   151883   622637   314213   385817   314129   385943   313889   386153   313727   386369   313517   387017   312929   387227   312743   387269   312677   387623   312089   387977   311897   388259   311687   388403   311279   388823   310949   396203   341273    77369   548123   169823   595313      557   577397   212117   476759   160373   658487   185369   433049
   433073   185363   658607   160367   477149   211997   577427      479   595547   169769   548189    77213   389117    67307   632717    66809   633209    66749   633377    66533   633497    66383   633629    66239   633833    66083   634013    65927   634169    65699   634373    65609   634649    65327   634793    65147   636947   347057   310889   622793   151817   530237   104459   699527   122579   488009   222857   539639    41399   514643   266933
   266927   514739    41357   539663   222713   488057   122489   699539   104393   530297   151643   623003   310733   634943   129419   570659   129287   570743   129119   571019   128969   571133   128327   571847   128153   571973   127979   572093   119087   581099   118673   581549   118409   581663   118277   584153   346439    65063   389273    77003   548363   169709   595613      467   577517   211949   477293   160343   658649   185267   433079
   433319   185183   658817   160319   477359   211493   577529      449   595709   169667   548399    76949   389447    65027   581753   116279   583733   116009   584027   115823   584249   115727   584393   115589   584663   115133   584879   115013   585413   114419   585677   114269   585839   114143   587753   347033   118253   634979   310559   623057   151607   530339   104297   699557   122477   488513   222647   539687    41189   514823   266687
   266633   514853    40847   539837   222329   488573   122393   699617   103997   530513   151553   623717   310439   635003   118163   585917    50207   649829    50129   649937    49823   650477    49523   650543    49193   650987    48989   651239    48533   651509    48239   651809    47777   663407   337907   114089   581843    65003   389567    76289   548453   169493   596009      389   577613   211433   477677   160169   659159   185153   433373
   433673   185057   659177   160163   477809   211403   577739      239   596027   169457   548489    76283   389723    64919   582017   113969   652493   284057   416147   283763   416399   283463   416873   282917   417173   282767   417293   282389   417623   282287   417839   282143   424019   342899    47513   586037   117989   635087   310283   623723   151517   530549   103979   699767   122267   488603   222197   539843    40829   514949   266333
   266159   515279    40583   540149   222149   488633   122207   699947   103913   530597   151253   624209   310223   635339   117839   586073    47507   417947    32189   667949    31973   668159    31397   668687    31307   668747    31193   668867    30983   669029    30893   674759   343913   282059   652499   113933   582167    64667   389783    75797   548753   169409   596093       59   577799   211373   477857   159857   659423   184727   433847
   433877   184577   659513   159839   477899   211319   577937       53   596117   169313   548837    75773   389819    64499   582173   113657   652667   282053   669167    92753   607307    92669   607349    92387   607769    91733   608303    91583   608429    91397   612173   346187    30839   417953    47339   586349   117833   635507   310187   624233   151169   530693   103889   699953   122069   488687   222107   540167    40493   515429   266129
   266117   515519    40283   540173   222059   488723   122027   700001   103643   530807   151163   624347   310049   635567   117797   586493    47279   418073    30677   608633    90227   609803    90017   610157    89819   610409    89567   610619    89303   615869   344243    91373   669329   281933   652727   113513   582209    64439   389957    75659   548843   169199   596363        5   577979   211283   477947   159833   659723   184487   433889
   434249   184409   659843   159773   477977   211097   578117   349967   596423   168863   548957    75539   390077    64403   582227   113417   662357   281927   669413    91163   610733    22619   677639    22349   677813    22079   678077    21803   682679   344969    89273   608843    30593   418079    37649   586589   117779   635603   309929   624467   151049   531143   103583   350039   121889   488909   222029   540233    40163   515597   265757
   265739   515873    39953   540269   221849   489179   121697   350087   103217   531203   150503   624479   309899   635849   117497   586679    37529   418157    30347   608987    89189   678407   259499   440849   259019   441029   258827   444539   346259    21599   610817    91019   669659   281849   662477   113327   582509    64157   390107    75527   549503   168803   596789   349919   578309   210827   478157   159737   660053   184133   434267
   434297   184013   660119   159629   478199   210809   578399   349913   596927   168743   549509    75407   390209    64067   582563   113213   662513   281837   669869    90863   610919    21569   441263    19553   680633    19013   684773   346043   258743   678437    89087   609143    30137   418169    37493   586793   117443   635939   309797   624599   150497   531263   103079   350093   121607   489197   221807   540377    39887   515993   265709
   265703   516209    39869   540383   221747   489407   121553   350213   102953   531287   150473   624683   309599   635969   117329   586979    37313   418199    30119   609173    88937   678599   258563   681047    84533   676373   289103    18959   441443    21407   611069    90833   669887   281807   662693   113027   582677    64037   390407    75323   549533   168719   597053   349793   578453   210599   478259   159623   660137   183797   434303
   434387   183713   660167   159617   478403   210557   578483   349787   597209   168143   549683    75269   390503    63857   582737   112919   662789   281747   669947    90647   611189    21347   441479   681419   554573   350003   145433    18587   258527   678659    88817   609359    30059   418259    37217   587087   117269   636149   309503   624737   150323   531863   102797   350219   121523   489449   221603   540389    39839   516293   265619
   265547   516323    39779   540599   221327   489479   121469   350453   102653   542579   150299   624797   309479   636263   117239   587219    37139   418289    29867   609533    88799   678989   444293    14033   410903    23633   615473   685973   255713    21017   611207    90473   670139   281717   662867   112787   582767    63743   390527    75209   549707   157427   597353   349553   578537   210527   478679   159407   660227   183683   434459
   434813   183569   660347   159293   478787   210467   578603   349343   597419   157259   549719    75167   390647    63719   582887   112589   662957   281669   670217    90407   611213   679463   251177   353963    19373   680993    15233   680453   448829    20543    88793   609599    29789   418337    37049   587417   117119   636287   309359   624839   150287   542747   102587   350663   121403   489539   221219   540713    39659   516437   265193
   265157   516617    39503   540773   221093   489659   121313   350963   102533   542873   150239   624977   309269   636359   117023   587429    36857   418343    29663   609743   630467    13997   353747   259157   440987   258977   441179   255467   440507   686009    69539    90263   670343   281663   663149   112577   582983    63647   390737    75029   549767   157133   597473   349043   578693   210347   478913   159233   660503   183389   434849
   434927   183383   660563   159227   478937   210317   578999   348827   597599   157019   550139    74903   390869    63599   583013   112337   663539   281579   670577   609809    62597   355037    22367   677657    22193   677927    21929   678203    17327   677387   637409    90197    29429   418427    36467   587669   116993   636407   309137   625103   149867   542987   102407   351179   121007   489689   221069   540779    39443   516623   265079
   264899   516689    39323   540989   220859   489743   120899   351479   102329   542999   149837   625109   308939   636473   116639   587987    36353   418667   670673    84509   355763    90203   609989    89849   610187    89597   610439    89387   610703    84137   609779   615497    29333   281339   663653   112019   583367    63533   391067    74897   550169   157007   597677   348527   579107   210263   479147   159017   660683   183317   435107
   435179   183167   660887   158909   480023   210173   579239   348419   597689   156719   550289    74873   391073    63473   583469   111893   663713   276593    21227   353819    92699   607337    92657   607619    92237   608273    91703   608423    91577   608609    87833   607253   678779   423413    36293   588113   116537   636533   308933   625133   149717   543287   102317   351587   120767   489833   219983   541097    39119   516839   264827
   264749   516947    39113   541349   219959   490019   120503   351599   102203   543299   149627   625319   308723   636539   116483   588173   664613   413807   356093    32057   668033    31847   668609    31319   668699    31259   668813    31139   669023    30977   669113    25247   667817   286199    35393   111833   583523    63467   391283    74687   550379   156707   597803   348407   579503   209987   480047   158657   660893   183059   435257
   435263   183047   660899   158567   480167   209837   579533   348353   597899   156623   550427    74609   391367    63443   583619   601379    10133   357107   283859   416243   283607   416543   283133   417089   282833   417239   282713   417617   282383   417719   282167   417863   275987   415949   689873    98627   116387   636563   308639   625397   149579   543383   102107   351653   120473   490169   219839   541439    39107   516959   264743
   264443   517073    39089   541469   219797   490367   120299   351929   102077   543539   149399   625409   308519   636653   114689    92489   362099    50177   649877    50069   650183    49529   650483    49463   650813    49019   651017    48767   651473    48497   651767    48197   652229    36599   649799   607517   585317    63353   391487    74597   550607   156467   597929   348077   579707   209639   480209   158537   660917   182933   435563
   435569   182927   660983   158429   480299   209543   579713   347957   598007   156347   550757    74489   391679    62627   569927   352973   116273   583997   115979   584183   115757   584279   115613   584417   115343   584873   115127   584993   114593   585587   114329   585737   114167   585863   112253   583727   130079   637379   308327   625517   149249   543659   101999   352049   120293   490463   219707   541577    39023   517079   264437
   264359   517217    38903   541613   219689   490859   120233   352073   101957   543887   149069   625643   307337   631229   353567   129347   570719   129263   570887   128987   571037   128873   571679   128159   571853   128033   572027   127913   580919   118907   581333   118457   581597   118343   581729   115853   570587    68777   392669    74363   550937   156119   598049   347933   579773   209147   480317   158393   661103   182789   435647
   435839   182639   661139   158243   480329   209039   580259   347873   598127   155783   550973    73847   379397   352949    67289   633197    66797   633257    66629   633473    66509   633623    66377   633767    66173   633923    65993   634079    65837   634307    65633   634397    65357   634679    65213   634859    63059   632699   320609   626159   149033   544223   101879   352133   119747   490967   219677   541763    38867   517367   264167
   264113   517403    38747   541817   219587   491129   119633   352193   101627   544259   553583   615617   358733   314189   385877   314063   386117   313853   386279   313637   386489   312989   387077   312779   387263   312737   387329   312383   387917   312029   388109   311747   388319   311603   388727   311183   389057   303803   385793    84389   146423   155747   598379   347813   580373   208877   480419   158189   661259   182603   435893
   435923   182549   661439   157889   480503   208787   580379   347513   598643   545063   138587   354743    80819   619967    79973   620099    79889   620159    79823   620237    79613   620579    79367   620657    79229   620813    78989   621029    78893   621227    78653   621527    78173   621869    77933   622157    77513   622529    74699   618929   561419   154943   101363   352493   119627   491219   219503   542117    38567   517457   264083
   264059   517469    38459   542183   219437   491333   119429   352907   599069   112403   353459   155069   544979   154619   545483   154247   545933   154067   546053   153689   546569   153407   546719   153137   546893   153059   547097   152783   547229   152519   547577   152423   547643   152297   547787   152189   547823   152003   548039   150383   544919   587603   100937   347099   580577   208673   480569   157823   661547   182537   435947
   436097   182519   661553   157799   480713   208667   580763   353783    90599   376469   173969   526073   173867   526199   173783   526307   173357   526709   173273   526739   173177   527123   172877   527333   172607   527453   172517   527633   172307   527789   172097   528137   171707   528623   171299   528929   170957   529229   170369   530063   145259   525869   609407   346223   119243   491339   219293   542207    38453   517487   263909
   263849   517553    38393   542237   219017   491417   583139   339749   354317   109379   590753   109139   591089   108893   591137   108497   591659   108263   591827   107873   592139   107717   592307   107357   592727   107243   592973   106823   593387   106487   593573   106373   593903   106013   594023   105899   594449   105437   594617   105107   595073   103043   590609   360257   116867   208589   480989   157769   661613   182453   436157
   436283   182417   661673   157559   481043   494699   106019   351563     3389   696659     3119   697049     2927   697127     2789   697373     2609   697457     2423   697673     2273   697877     2069   697967     2027   698183     1733   698297     1667   698387     1613   698447     1523   698507     1439   698723     1277   698903      953   699059      929   699119      569   696413   593987   205307   218963   542447    38333   517589   263723
   263567   517619    38327   542483   486179   470279   354677   127649   572399   127583   572519   127373   572843   127139   572903   127079   572969   126827   573263   126359   573863   126107   574109   125717   574367   125387   574667   125303   574799   125093   575027   124919   575153   124793   575303   124577   575513   124433   575579   124337   575867   123887   576203   121229   572303   229727   213827   157523   661679   182387   436439
   436607   182129   661769   546263   205103    76679   218849   481379   218417   482099   217793   482309   217619   482507   217409   482687   217253   482837   216617   483773   216179   484067   215927   484283   215399   484613   215279   484733   215153   485063   214883   485417   214559   485543   214439   486053   213887   486293   213599   486449   213467   486677   213209   486833   488759   481133   494903   153743    38237   517877   263399
   263267   517949    38183   140207   351797   227873   472469   227363   472799   227189   472847   227147   473453   226487   473579   226409   473723   226217   473999   225989   474029   225809   474437   225527   474497   225503   474659   225299   474779   225167   474857   225089   474983   224969   475109   224717   475403   224579   475583   224327   475697   224129   475973   223919   476183   223637   471929   559799   661823   182057   436739
   437153   180749   646913   354779   168023   532277   167633   532379   167483   532739   167249   532907   167087   533033   166703   533327   166643   533549   166259   533837   166043   533993   165947   534173   165533   534923   164987   535169   164477   535697   164279   535757   164147   535967   163859   536273   163307   537413   162419   537743   162257   538049   161879   538199   161639   538553   159569   531977    53093   519257   262853
   437273   506537   358277    46889   653153    46649   653363    46499   653777    46187   653903    45959   654053    45497   654593    45377   654743    45179   654923    44963   655229    44633   655649    44279   655757    44159   655883    43943   656153    43577   656519    43403   656609    43319   656783    43067   656993    42989   657233    42737   657323    42533   657497    42467   657707    42227   657809    36767   652913   193469   262733
   419423   353657   193013   507029   192887   507329   192407   507743   192053   508037   191903   508223   191747   508349   191507   508559   191297   508817   191033   509027   190709   509393   190577   509477   190403   509693   190283   509909   189929   510569   189389   510767   189017   511163   188519   511523   188303   511757   188147   512537   187463   512573   187409   512657   187163   513047   186947   513137   186107   506963   280583
   184649   273113   427073   272927   427103   272759   427403   272567   427457   272477   427913   272039   427997   272003   428039   271829   428303   271637   428489   271367   428843   270923   429347   270593   429467   270509   429563   270407   429677   270323   429719   270209   430019   269663   430427   269573   430487   269237   430823   269057   431363   268637   431399   268493   431567   268403   431663   268199   431993   435653   426773
