    27179   672863    26987   673157    26813   673223    26759   673313    26393   673619    26357   673667    26237   673817    25889   674159    25733   674363    25523   674537    25307   674759    25169   674879    24977   675083    24809   675239    24659   675413    24413   675827    24083   675929    24029   676217    23753   676259    23669   676373    23537   676589    23357   676679    23279   676919    23063   676967    23027   678203   347099
   677147   302573   397493   302459   397589   301943   398129   301793   398303   301649   398423   301463   398759   301073   399137   300857   399197   300779   399263   300317   399887   300023   399989   299807   400307   299447   400643   299147   400943   298937   401417   298049   401993   297953   402197   297707   402383   297503   402923   296969   403097   296843   403253   296507   403757   296129   403889   296027   406859   344363    22859
    22697   404489   152219   547817   152183   548003   151967   548069   151883   548189   151643   548399   151553   548489   151253   548837   151163   548957   150503   549509   150473   549623   150323   549707   150287   549767   149867   550169   149717   550379   149579   550607   149249   550937   149033   551093   148667   551489   148457   551813   148157   551927   148073   552029   147827   552263   147689   553757   346547   295517   677309
   677387   295313   552659   275969   424169   275783   424433   275459   424559   275339   424967   275003   425189   274709   425309   274583   425489   274457   425603   274223   425819   274103   425987   273929   426233   273719   426353   273617   426737   273233   426893   272933   427079   272903   427247   272603   427439   272549   427529   272093   427967   272009   428003   271967   428177   271703   429719   346349   147347   404693    22619
    22367   404819   147299   428369   340649   359837   339839   360257   339413   360749   339137   361013   338669   361433   338543   361637   338279   361769   338213   361799   338033   361979   337907   362147   337793   362309   337349   362693   337283   363017   336887   363149   336827   363317   336437   363767   336059   363977   335879   364193   335693   364337   335633   364499   335123   366383   346223   271637   552707   295187   677639
   677657   295037   552809   271517   364997   329333   370883   328919   371177   328667   371387   328589   371633   328343   371897   328067   371999   327983   372137   327839   372179   327737   372299   327629   372689   327209   372803   326999   373343   326657   373859   326063   374063   325889   374123   325673   374399   325319   374789   325187   374987   324977   375113   324773   376469   346043   335009   428489   147197   404969    22349
    22193   405347   147107   428639   334877   375359   237287   462773   237179   462863   237053   463283   236573   463457   236219   463919   235877   464213   235679   464447   235523   464699   235043   464993   235007   465089   234833   465293   234599   465419   234197   465917   234029   466247   233489   466649   232823   467297   232607   467507   232457   467699   232109   468737   347033   324647   365129   271367   552899   294659   677813
   677927   294509   552917   271163   365213   324593   467903   100937   599153   100733   599303   100493   599537   100403   599663   100313   600167    99767   600293    99689   600659    99317   600833    99149   600983    98963   601067    98927   601379    98519   601883    98057   602033    97967   602087    97673   602453    97463   602627    97367   602999    96959   609359   340937   232103   375413   334793   428843   147089   405497    22079
    21929   405527   146933   429083   334637   375449   232079   603149   217697   482387   217499   482597   217319   482753   216617   483773   216179   484067   215927   484283   215399   484613   215279   484733   215153   485063   214883   485417   214559   485543   214439   486053   213887   486179   213713   486407   213557   486539   213329   486797   213173   488603   345689    96857   467927   324557   365369   270923   553073   294479   678077
   678407   294347   553229   270659   365513   324497   468059    96797   486977   281207   418889   280949   419147   280817   419303   280589   419423   280547   419597   280253   419777   279977   420149   279689   420593   279407   420677   279269   420803   279029   421103   278843   421397   278489   421643   278279   421943   277919   422249   277643   267017   503483   213029   603209   231947   375509   334493   429347   146777   405659    21599
    21569   405689   146543   429413   334379   375533   231893   603227   212999   422369   265703   434813   265157   434927   264899   435179   264749   435263   264443   435569   264359   435653   264167   435893   264083   435947   263909   436157   263723   436439   263399   436739   262853   437273   262649   437363   262313   437753   262187   259823   526709   277637   487007    96779   468113   324473   365627   270593   553463   294317   678437
   678599   294179   553529   270539   365759   324437   468473    96749   487133   277547   437867   190529   509603   190313   509723   190097   510077   189437   510617   189239   510989   188843   511487   188483   511703   188249   511859   187469   512543   187433   512597   187349   512843   186959   513059   186869   513353   186587   515519   346259   262139   422459   212873   603257   231533   375569   334247   429467   146477   405827    21407
    21347   405857   146423   429497   333929   375707   231479   603563   212579   422759   261977   513767    64067   635969    63857   636263    63719   636359    63599   636473    63473   636539    63443   636653    63197   636947    62939   637079    62723   637319    62627   637409    62507   637529    62297   637787    62189   641789   345329   186239   438029   277247   487427    96443   468527   324299   366077   270509   553583   294149   678659
   678779   294059   553589   270443   366227   323957   468647    96059   487637   277217   438047   186107   638303   177167   523307   176573   523637   176333   523763   176213   523847   176129   524057   175919   524507   175067   525017   174749   525353   174413   525599   174329   525809   174137   526037   173933   526223   347957    61703   513899   261959   422789   212369   603947   231359   376049   333779   429563   146417   405947    21227
    21017   406403   146273   429599   333737   376127   231323   603989   212297   423053   261773   514013    61583   526139   239087   460937   239027   461147   238709   461333   238499   461609   238313   461843   237857   462239   237563   472643   227207   472817   227159   472859   226553   473519   226427   225503   587219   173867   638423   185993   438233   276953   487709    96017   468683   323879   366269   270407   553733   293603   678989
   679067   293507   554207   270329   366287   323699   468899    95783   487889   276833   438419   185957   638453   173807   473597   224717   475403   224579   475679   224309   475877   224033   476087   223823   476249   223637   476429   223529   476513   223403   476639   223253   476759   222857   209039   617249   226409   526199    61553   514049   261587   423173   212117   604223   231107   376307   333719   429677   145799   406499    20939
    20879   406547   145703   429683   333713   376757   231053   604259   211997   423179   261563   514103    61547   526307   226283   477293   154523   545759   154073   545939   153953   546263   153689   546569   153407   546719   153137   546893   153059   547097   152783   547229   152519   577397   319049   222713   473723   173699   638459   185903   438443   276827   488009    95747   468953   323249   366293   270323   554303   293459   679127
   679157   293357   554417   270209   366467   322877   469037    95393   488057   276707   438989   185819   638663   173357   473789   222647   547577    39887   660137    39839   660227    39659   660503    39443   660683    39119   660893    39107   660917    39023   661103    38867   666437   344207   152429   477359   226217   526649    61343   514187   261017   423299   211949   604613   230969   377129   333539   429797   145589   406649    20849
    20543   406883   145433   430019   333323   377147   230567   604727   211493   423413   260999   514313    61007   526733   226007   477677   152423   661259   135353   564797   135089   564989   134669   565517   134417   565637   134339   565787   134213   565919   134033   570743   344543    38747   547583   222329   473999   173273   638999   185693   439007   276593   488513    95279   469439   322859   366683   269987   554573   293123   679463
   679607   293099   554699   269663   366983   322709   469613    95273   488573   276503   439133   185483   639053   173267   474017   222197   547643    38567   566057   202409   497603   202343   497729   202049   498053   201797   498557   201359   498803   200867   200723   647747   133949   661439   152363   477809   225989   526739    60953   514523   260873   423503   211433   604733   230393   377297   333023   430343   145307   406907    20399
    20297   407489   145259   430427   332987   377393   230357   604787   211373   423557   260849   514529    60923   526829   225977   477857   152297   661547   133733   499349   199673   500369   199523   500603   199313   500957   198977   501077   198833   504269   346439   200657   566273    38459   547709   222149   474029   173177   639083   185477   439157   276449   488633    95219   469649   322613   367019   269579   554747   292517   679709
   679823   292427   554753   269573   367277   322463   469793    95177   488687   276389   439199   185369   639137   172883   474197   222107   558827    38453   566567   200609   501287   123887   576203   123719   576299   123323   577043   122939   578537   348077   198719   499397   133439   661553   141179   477899   225809   527123    60869   514637   260807   423617   211319   604829   230213   377543   332729   430433   145253   407579    20183
    20177   407639   145037   430487   332699   377687   229799   604997   211283   423713   260753   514643    60737   527129   225569   477947   140729   661613   133283   499493   198689   577427    16217   683819    16097   683933    16067   685679   348209   122579   501317   200513   566723    38393   559277   222059   474437   172877   639269   185363   439253   276293   488723    95009   470207   322319   367307   269519   554969   292367   679829
   679859   292283   555119   269237   367559   321983   470243    94889   488759   276257   439289   185267   639563   172607   474479   222029   559343    38333   567053   200483   501383   122489   684119   120503   579533   120299   579713   349967    15887   577517   198623   499523   132953   661673   140663   477977   225527   527399    60443   514739   260717   423749   211247   605117   229763   378023   332447   430769   144887   407723    20147
    20123   407783   144839   430823   332393   378593   229727   605393   211097   423869   260543   514823    60317   527453   225509   478157   140639   661679   132947   499649   198503   577529    15767   579773   193679   616997   239333   120233   684239   122477   501503   200357   567059    38327   559367   221849   474497   172553   639689   185183   439463   276137   488909    94613   470279   321413   367613   269183   555167   292223   679883
   680027   292037   555287   269057   367733   321323   470303    94529   489179   275999   439667   185153   639713   172517   474659   221807   559529    38237   567143   200153   501593   122393   684269   582677   395657   350003   304349   117329    15737   577613   198413   499853   132863   661769   140477   478199   225347   527489    60293   514853   260339   424007   210827   605477   229703   378683   332273   430949   144719   407969    19979
    19793   408137   144413   431363   332183   378779   229589   605543   210809   424019   260207   514949    60167   527633   225299   478259   140423   661823   132749   499943   198347   577739   684869   117023   460673    83009   506327   582983    15137   122267   501659   200063   567257    38183   559583   221747   474707   172373   639839   185057   439799   275987   489197    94463   470417   321227   367823   268643   555593   291869   680213
   680297   291833   555683   268637   367889   321077   470453    94433   489407   266957   440039   184727   639857   172307   474779   221603   559667    37649   567383   200033   501827   121607    12983   350039   120473   579707   120293   579503   687023   578399   198179   499973   132623   662357   140339   478403   225227   527699    60149   515279   259967   433049   210599   605573   229553   378929   332117   431369   144323   408173    19709
    19553   408263   144299   431399   331907   378953   229409   605609   210557   433073   259829   515357    59999   527789   225167   478679   140333   662477   132437   500153   532907   575027   351797    16187   683909    16073   683939    14327   683789   124979   167099   199853   567569    37529   559673   221327   474839   172217   640007   184649   440177   266933   489449    94397   470597   321053   368099   268607   555707   291743   680453
   680633   291569   556007   268493   368117   320843   470663    94169   489479   266927   440339   184577   640049   172097   474857   221219   559709    37493   567659   500519   162257   351929   123803   576287   123707   576683   122963   577067   121469   576119   537749   199487   132347   662513   140297   478787   225149   527909    59957   515429   259667   433079   210527   605837   229343   379163   331889   431513   143999   408437    19373
    19013   408497   143519   431567   331553   379307   229223   606083   210467   433319   259499   515597    59879   528137   225089   478913   140207   662693   575579   494987   353567   199637   500483   199403   500693   199049   501029   198929   501173   195737   500333   205019   124427    37313   559799   221093   474917   171869   640127   184409   440507   266687   489539    93923   470783   320699   368453   268439   556487   291509   680993
   681047   291443   556763   268403   368729   320687   470867    93893   489659   266633   440849   184133   640259   171707   474983   221069   559883   664253   116639    52259   202403   497663   202277   497957   201953   498209   201449   498647   201203   499139   499283   497597   583367    35753   140123   478937   225023   528299    59747   515873   259157   433373   210347   606113   229139   379319   331277   431603   143243   408563    18959
    18917   408713   143063   431663   331217   379397   228869   606323   210317   433673   259019   515993    59699   528623   224969   479147   137399    28289   355463   135209   564917   135017   565337   134489   565589   134369   565667   134219   565793   134087   565973   129263   564653   671717   562607   220859   475037   171383   640307   184013   440987   266333   489689    93683   471137   320609   368789   268343   556943   291293   681089
   681137   291287   557027   268199   369023   320339   471209    93563   489743   266159   441029   183797   640589   171299   475109   504599   517949   355799    39869   660167    39779   660347    39503   660563    39323   660887    39113   660899    39089   660983    38903   661139    33569   660119   182057   195407   224897   528707    59417   516209   258977   433847   210263   606443   228797   379667   330983   431807   142979   408719    18869
    18839   409007   142973   431993   330887   379703   228707   606449   210173   433877   258827   516293    59393   528929   224423   459383   380957   154247   545933   154067   546053   153743   546317   153437   546599   153287   546869   153113   546947   152909   547223   152777   547487   122609   545483   240623   475583   171077   640613   183713   441179   266129   489833    93557   471299   320303   369119   268013   557033   290999   681167
   681257   290963   557057   267863   369353   320219   471389    93503   490019   266117   441263   183683   640649   538367   699437    82757   224603   475427   224327   475697   224129   475973   223919   476183   223757   476369   223577   476477   223493   476603   223367   476753   223247   477149   490967   475289      569   161639    59357   516323   258743   433889   209987   606503   228617   379787   330653   432143   142949   409043    18749
    18713   409337   142733   432149   330587   379853   228539   606527   209837   434249   258563   516437    55949   154943   112787   239069   460979   238859   461297   238673   461507   238397   461693   238163   462149   237767   462443   227363   472799   227189   472847   227147   473453   226487   473579   474503   460919   545063   644057   183569   441443   265757   490169    93479   471467   320153   369419   267857   557273   290669   681293
   681419   290657   557309   267803   369647   320027   471749    93419   490367   265739   441479   518249   635849   352049   176699   523433   176369   523673   176243   523793   176159   523877   175949   524087   175499   524939   174989   525257   174653   525593   174407   525677   174197   525869   173969   526073   173783   522839    64157   181757   258527   434267   209639   606587   228257   379979   330359   432203   142697   409349    18587
    18443   409379   142469   432287   330347   379997   228203   606743   209543   434297   255467   172673   354677    64037   636149    63743   636287    63647   636407    63533   636533    63467   636563    63353   636809    63059   637067    62927   637283    62687   637379    62597   637499    62477   637709    62219   637817    58217   635939   527333   444539   265709   490463    93263   471803   320009   369659   267719   557537   290627   681563
   681677   290489   557573   267647   369959   319817   471893    93047   490859   434387   615617   353747   190403   509693   190283   509909   189929   510569   189389   510767   189017   511163   188519   511523   188303   511757   188147   512537   187463   512573   187409   512657   187163   513047   186947   513137   186653   513419   184487   509477    84389   265619   209147   606959   228113   380189   330047   432359   142433   409517    18329
    18287   409817   142217   432413   329873   380327   228077   607049   491339   413579   173297   265193   434849   265079   435107   264827   435257   264743   435563   264437   435647   264353   435839   264113   435923   264059   436097   263849   436283   263567   436607   263267   437153   262733   437357   262643   437693   262253   437819   440183   434303   286427   208667    92957   471929   319679   370133   267593   557789   290189   681719
   681773   290183   557987   267569   370217   319673   472133    91019   197507   196523   281117   419057   280859   419189   280703   419417   280583   419459   280409   419753   280229   420029   279857   420317   279413   420599   279329   420737   279203   420977   278903   421163   278609   421517   278363   421727   278063   422087   277757   422363   432989   418799   502499   608987   227873   380333   329789   432437   142019   409823    18233
    17957   409967   141803   432449   329393   380417   472469   593993   354317   217619   482507   217409   482687   217253   483389   216233   483827   215939   484079   215723   484607   215393   484727   215273   484853   214943   485123   214589   485447   214463   485567   213953   486119   213827   486293   213599   486449   213467   486677   213209   486833   211403   482309   106013   227537   319589   370613   267557   558203   290039   682049
   682259   289889   558287   267479   370619   386153   217169   359069   100853   599273   100703   599513   100469   599603   100343   599693    99839   600239    99713   600317    99347   600689    99173   600857    99023   601043    98939   601079    98627   601487    98123   601949    97973   602039    97919   602333    97553   602543    97379   602639    97007   603047    90647   599069   482837   313853   329387   432527   141719   410117    17747
    17729   410243   141509   432587   328379   302969   352973   237233   462827   237143   462953   236723   463433   236549   463787   236087   464129   235793   464327   235559   464483   235307   464963   235013   464999   234917   465173   234713   465407   234587   465809   234089   465977   233759   466517   233357   467183   232709   467399   232499   467549   232307   467897   231269   462719   397037   371627   267419   558497   289763   682277
   682337   289727   558563   434459   359129   353963   329123   371087   328829   371339   328619   371417   328373   371663   328109   371939   328007   372023   327869   372167   327827   372269   327707   372377   327317   372797   327203   373007   326663   373349   326147   373943   325943   374117   325883   374333   325607   374687   325217   374819   325019   375029   324893   375233   323537   370673   340877   265547   141443   410279    17669
    17579   410687   559067   255659   353783   340169   360167   339749   360593   339257   360869   338993   361337   338573   361463   338369   361727   338237   361793   338207   361973   338027   362099   337859   362213   337697   362657   337313   362723   336989   363119   336857   363179   336689   363569   336239   363947   336029   364127   335813   364313   335669   364373   335507   364883   333623   359357   444347   140939   289319   682427
   682673   286589   130079   353657   275837   424223   275573   424547   275447   424667   275039   425003   274817   425297   274697   425423   274517   425549   274403   425783   274187   425903   274019   426077   273773   426287   273653   426389   273269   426773   273113   427073   272927   427103   272759   427403   272567   427457   272477   427913   272039   427997   272003   428039   271829   428303   270287   424037   569927   413417    17333
   689267   396629   353459   152189   547823   152003   548039   151937   548123   151817   548363   151607   548453   151517   548753   151169   548843   151049   549503   150497   549533   150383   549683   150299   549719   150239   550139   149837   550289   149627   550427   149399   550757   149069   550973   148913   551339   148517   551549   148193   551849   148079   551933   147977   552179   147743   552317   146249   547787   303377    10739
      887   355643   302513   397547   302417   398063   301877   398213   301703   398357   301583   398543   301247   398933   300869   399149   300809   399227   300743   399689   300119   399983   300017   400199   299699   400559   299363   400859   299063   401069   298589   401957   298013   402053   297809   402299   297623   402503   297083   403037   296909   403163   296753   403499   296249   403877   296117   403979   293147   397433   699119
   352907    27143   673019    26849   673193    26783   673247    26693   673613    26387   673649    26339   673769    26189   674117    25847   674273    25643   674483    25469   674699    25247   674837    25127   675029    24923   675197    24767   675347    24593   675593    24179   675923    24077   675977    23789   676253    23747   676337    23633   676469    23417   676649    23327   676727    23087   676943    23039   676979    21803   672827
