   276833   423179   276707   423413   276503   423557   276389   423713   276257   423869   275999   424019   275969   424169   275783   424433   275459   424559   275339   424967   275003   425189   274709   425309   274583   425489   274457   425603   274223   425819   274103   425987   273929   426233   273719   426353   273617   426737   273233   426893   272933   427079   272903   427247   272603   427439   272549   427529   272093   270287   505187
   427967   196799   503267   196709   503423   196523   503819   196043   504143   195809   504269   195527   504527   195443   504593   195407   504617   195329   504929   195053   504983   194933   505139   194729   505283   194687   505523   194087   505949   194027   506147   193793   506327   193649   506537   193433   506843   193133   506963   193013   507029   192887   507329   192407   507743   192053   508037   191903   190613   664739   272039
   272009   508223    52223   648029    51899   648239    51749   648293    51329   648719    51203   649157    50789   649283    50627   649457    50387   649643    50207   649829    50129   649937    49823   650477    49523   650543    49193   650987    48989   651239    48533   651509    48239   651809    47777   652493    47507   652667    47279   652913    46889   653153    46649   653363    46499   653777    46187   658649   342347   191783   427997
   428003   191747   653903   173273   526739   173177   527123   172877   527333   172607   527453   172517   527633   172307   527789   172097   528137   171707   528623   171299   528929   170957   529229   170369   530063   169919   530093   169823   530237   169709   530339   169493   530549   169409   530693   169199   531143   168803   531263   168719   531863   168029   531983   167729   532373   167627   540233   338669    46103   508259   272003
   271967   508349    45959   532523   232607   467507   232457   467699   232109   467903   232079   468059   231893   468473   231479   468647   231323   468737   231107   468953   230969   469439   230393   469649   230213   470207   229763   470279   229703   470417   229553   470597   229343   470783   229139   471137   228797   471299   228617   471467   228257   471803   228113   471929   227873   474029   345329   167483   654047   191657   428039
   428177   191507   654053   167267   472469   223637   476429   223493   476603   223367   476753   223247   477149   222713   477359   222329   477809   222149   477899   222059   477977   221849   478199   221747   478403   221327   478787   221093   478937   220859   480023   219959   480167   219797   480299   219689   480329   219587   480503   219437   480713   219017   481043   218873   217697   610817   227537   532739    45953   508499   271829
   271703   508559    45497   532757   227363   481157   132947   567143   132749   567383   132437   567659   132287   567947   131909   568367   131363   568709   131129   569189   130769   569417   130343   569747   130079   570047   129893   570413   129587   570467   129509   570509   129419   570659   129287   570743   129119   571019   128969   571133   128327   571847   128153   577517   341927   218849   472643   167249   654509   191447   428303
   428369   191297   654593   167099   472799   218627   571973     6857   693179     6689   693353     6569   693533     6329   693683     6317   693743     6197   694019     5927   694193     5783   694313     5657   694367     5519   694523     5387   694919     5009   695003     4937   695087     4889   695207     4679   695369     4229   695867     4133   695879     4079   698339   346349   128033   481379   227207   532907    45413   508709   271637
   271517   508817    45377   532919   227189   481589   127979   695999   114167   585863   114089   586037   113933   586349   113513   586589   113327   586793   113027   587087   112787   587417   112577   587603   112337   587753   112019   588113   111833   588239   111659   588383   111497   588683   111269   588743   111227   588953   111029   589187   110597   593183   344243     4007   572027   218417   472817   167087   654629   191189   428489
   428639   191033   654743   166973   472847   217907   572093     3929   589439   179327   520763   178853   521309   178643   521393   178559   521519   178469   521567   178403   521657   178187   521879   178103   522113   177839   522383   177383   522659   177269   522749   177167   523307   176573   523637   176333   523763   176213   523847   176129   553757   318347   110567   696077   127913   482099   227159   533033    45263   508973   271367
   271163   509027    45179   533303   227147   482213   127703   696083   110477   524057   160169   539843   159857   540167   159833   540269   159623   540389   159569   540713   159233   540779   159017   541097   158657   541439   158537   541577   158393   541763   158189   542117   157823   542207   157769   542447   157523   542579   157259   543299   347957   175949   589529     3923   572303   217793   472859   166703   654827   190979   428843
   429083   190709   654923   166679   473453   217619   572357     3767   589877   175919   542873    85247   615137    84737   615473    84509   615539    84449   615599    84389   615743    84239   615827    84137   616073    83903   616229    83717   616367    83597   616529    83459   616589    83219   616799    83177   616943    83009   622793   342659   157133   524087   110129   696239   127649   482387   226553   533327    45083   509297   270923
   270659   509429    44963   533363   226487   482507   127607   696413   109883   524507   157019   617249   318473   381629   318299   382037   317903   382229   317453   382643   317279   382847   317123   382919   316937   383099   316859   383153   316703   383429   316373   383813   316097   383969   315977   384107   315893   315599   417239    82757   542987   175499   590123     3593   572399   217499   473519   166643   655043   190577   429347
   429413   190529   655229   166457   473579   217409   572423     3389   590489   175067   542999    82619   384203    71879   628139    71789   628373    71333   628679    71249   628877    71069   629009    70667   629417    70439   629807    70163   629927    70067   629987    69899   630197    69653   630467    69317   631229   348443   315803   617387   157007   524939   109517   696617   127583   482597   226427   533549    44777   509477   270593
   270539   509603    44633   533747   226409   482687   127487   696659   109469   525017   156719   617447   315779   630803   134417   565637   134339   565787   134213   565919   134033   566057   133733   566567   133283   567053   124427   575669   124139   576119   123719   576299   123323   577043   122939   584417   340937    69203   384227    82559   543287   174989   590537     3347   572519   217319   473597   166259   655373   190403   429467
   429497   190313   655649   166169   473723   217253   572633     3119   590573   174749   543383    82469   384437    69143   577397   120767   579503   120473   579707   120293   579773   119747   580373   119627   580763   119087   581099   118673   581549   118343   581753   118163   582017   117839   600167   330347   122609   630863   315569   617537   156623   525257   109433   696887   127373   482753   226283   533837    44357   509693   270509
   270443   509723    44279   533963   226217   482837   127163   697049   109397   525353   156467   617657   315527   631013   122579   582173    53849   646193    53699   646397    53147   646889    53093   646937    52973   647039    52937   647117    52859   647189    52673   647453    52529   659177   337907   117833   577427    68993   384479    82349   543539   174653   590609     2957   572843   217169   473789   166043   655727   190283   429563
   429599   190097   655757   166013   473999   216617   572867     2927   590627   174413   543659    82307   384599    68819   577529   117797   647489   290489   409817   290183   409967   289889   410243   289727   410687   289103   411167   288773   411479   288389   411779   287939   419147   341273    52517   582209   122477   631187   315407   617699   156347   525593   109379   697079   127139   483389   226007   533993    44249   509909   270407
   270329   510077    44159   534059   225989   483773   127103   697127   109253   525599   156119   617843   315269   631307   122393   582227    52379   412073    36353   663713    36269   663797    36137   664043    35897   664253    35603   664583    35393   664667    35327   665603   348407   287933   647627   117779   577613    68699   384737    82163   543887   174407   590753     2879   572903   216233   474017   165947   655847   189929   429677
   429683   189437   655883   165833   474197   216179   572927     2789   590867   174329   544223    81953   384827    68597   577739   117497   647693   287873   664847    97463   602627    97367   602999    96959   603149    96797   603257    96443   603947    96017   612137   340877    35159   412133    52313   582509   122267   631409   315179   618053   155783   525677   109139   697217   127079   483827   225809   534173    44123   510569   270323
   270209   510617    43943   534473   225569   484067   127037   697373   108917   525809   155747   618257   314927   631529   122207   582563    52259   412157    34883   604223    94613   605477    94463   605573    94397   605837    93923   606113    93683   609407   346547    95783   665123   287849   647747   117443   577799    68477   385079    81749   544259   174197   591089     2633   572969   215939   474437   165533   656063   189389   429797
   430019   189239   656153   165083   474479   215927   573179     2609   591113   174137   544919    81737   385127    68447   577937   117329   647753   287813   665267    95747   606443    26189   674117    25847   674273    25643   674483    25469   675929   348077    93563   604259    34739   412193    52253   582677   122069   631559   314879   618269   155087   525869   108893   697397   126827   484079   225527   534923    43853   510767   269987
   269663   510989    43577   535019   225509   484283   126743   697457   108869   526037   155069   618329   314813   631859   122027   582737    41687   412457    34703   604613    93557   674699   264749   435263   264443   435569   264359   439199   346439    25307   606449    95393   665303   287549   658319   117269   577979    68147   385193    81677   544937   173969   591137     2549   573263   215723   474497   164987   656429   189017   430343
   430427   188843   656519   164837   474503   215399   573647     2423   591509   173933   544979    81629   385199    67883   578117   117239   658379   287387   665507    95279   606503    25247   435653    23633   676469    23357   678203   348353   264353   674759    93503   604727    34499   412619    41627   582767   121889   632123   314807   618377   155027   526073   108497   697583   126359   484607   225503   535169    43487   511163   269579
   269573   511487    43403   535529   225347   484613   126143   697673   108347   526139   154943   618437   314627   632153   121697   582887    41519   412949    34457   604733    93479   674837   264167   676679    89597   635939   324473    23327   435839    25169   606527    95273   665549   287057   658487   117119   578309    67853   385379    81569   545063   173867   591659     2333   573863   215393   474659   164477   656603   188519   430433
   430487   188483   656609   164309   474707   215279   573899     2273   591743   173807   545387    81299   385403    67733   578399   117023   658607   286973   665723    95219   606587    25127   435893   677927   584879   350003   115127    22079   264113   674879    93419   604787    34283   413033    41399   582983   121607   632273   314603   618707   154619   526199   108263   697733   126107   484727   225299   535697    43397   511523   269519
   269237   511703    43319   535727   225227   484733   125897   697877   108179   526223   154523   618833   314513   632297   121553   583013    41189   413243    34259   604829    93263   675029   446399    20123   375533    64067   610409   679883   253607    24977   606743    95177   665747   286763   658817   116993   578453    67709   385493    81173   545483   173783   591827     2129   574109   215273   474779   164279   656687   188303   430769
   430823   188249   656783   164249   474839   215153   574289     2069   592133   173699   545759    81077   385607    67679   578483   116867   659159   286589   665789    95009   606959    24413   249593   351653    23537   676649    21803   676373   450413   675593    93047   604997    34217   413417    40847   583139   121523   632327   314399   618929   154247   526307   107873   697937   125717   484853   225167   535757    43223   511757   269183
   269057   511859    43067   535859   225149   485063   125639   697967   107867   526649   154073   619187   314267   632447   121469   583367    40583   413537    33863   605117   621227   672557   353567   264743   435563   264437   435647   260807   435257    27449    78779    94889   666143   286469   659423   116639   578537    67559   385739    80819   545933   173357   592139     2039   574367   214943   474857   164147   656939   188147   430949
   431363   187469   656993   164039   474917   214883   574619     2027   592289   173297   545939    80039   385793    67547   578603   116537   659513   286427   666233    92669    73943   351929    25889   674159    25733   674363    25523   674537    24077   673817   626063   607337    33773   413579    40493   583469   121403   632459   314213   619967   154067   526709   107717   697979   125387   485123   225089   535967    43013   512537   268643
   268637   512543    42989   536147   225023   485417   125339   698183   107699   539039   153953   620033   314189   632699   121313   583523    40283   413807    33023   596009   353459    94529   605543    94433   605609    94169   606083    93893   606323    90599   605393   103997   666983   286199   659723   116483   578693    67307   385817    79973   546053   160967   592307     1823   574667   214589   474983   163859   657017   187463   431369
   431399   187433   657233   163733   475037   214559   574703     1733   592649   160877   546263    79907   385877    67289   578777   116387   659843   284447   663539   359129    97379   602639    97007   603047    96857   603209    96749   603563    96059   603989    87869   602543    36467   415559    40163   583619   121229   632717   314129   620099   153743   539129   107357   698273   125303   485447   224969   536273    42773   512573   268607
   268493   512597    42737   536699   224897   485543   125207   698297   107279   539267   153689   620117   314063   633197   121007   583727   662357   403097   351599    36293   663737    36209   663869    35963   664109    35753   664403    35423   664613    35339   664679    34403   663653   296909    37649   116279   578999    66809   385943    79889   546317   160739   592727     1709   574799   214463   475109   163307   657269   187409   431513
   431567   187349   657323   162593   475289   214439   574913     1619   592763   160697   546569    79847   386117    66797   579107   603227    23417   358733   290189   409823   290039   410117   289763   410279   289319   410903   288839   411233   288527   411617   288227   412067   280859   409517   676589    96779   120899   633209   313889   620159   153437   539309   107243   698387   125093   485567   224717   537413    42683   512657   268439
   268403   512843    42533   537587   224603   486053   124979   698393   107033   539507   153407   620183   313853   633257   580577    73517   362099    53813   646307    53609   646859    53117   646913    53069   647033    52967   647069    52889   647147    52817   647333    52553   647477    40829   646157   626489   119429    66749   386153    79823   546599   160499   592973     1613   575027   213953   475403   162419   657473   187163   431603
   431663   186959   657497   162263   475427   213887   575087     1559   593387   160373   546719    79769   386279   634979    97673   369659   120503   579533   120299   579713   120233   580259   119633   580379   119243   580919   118907   581333   118457   581663   118253   581843   117989   582167    99839   579239   602333    65027   313727   620237   153287   539633   106619   698447   124919   486119   224579   537743    42509   513047   268343
   268199   513059    42467   537749   224423   486179   124853   698483   106487   539639   153137   620393   312989    59159   359069   134369   565667   134219   565793   134087   565973   133949   566273   133439   566723   132953   575579   124337   575867   123887   576287   123707   576683   122963   577067   115589   565589   640847   387017    79613   546869   160367   593519     1523   575153   213827   475583   162257   657539   186947   431807
   431993   186869   657707   161957   475679   213713   575213     1499   593573   160343   546893   621353   450557   351563    71867   628217    71633   628673    71327   628757    71129   628937    70997   629339    70589   629567    70199   629843    70079   629939    70019   630107    69809   630353    69539   630689    68777   628127   249449    78653   153113   539663   106433   698507   124793   486293   224327   538049    42299   513137   268013
   267863   513353    42227   538127   224309   486407   124703   698567   106373   539687   548123    67523   282767   318377   381707   317969   382103   317777   382553   317363   382727   317159   382883   317087   383069   316907   383147   316853   383303   316577   383633   316193   383909   316037   384029   315899   384113   384407   381533   632483   151883   160319   593633     1439   575303   213599   475697   161879   657779   186653   432143
   432149   186587   657809   161807   475877   213557   575429     1283   593903   159407   144323   357347    84869   615269    84533   615497    84467   615557    84407   615617    84263   615767    84179   615869    83933   616103    83777   616289    83639   616409    83477   616547    83417   616787    83207   616829    83063   616997    77213   614759   555683   540599   106103   698723   124577   486449   224129   538199    42197   513419   267857
   267803   513767    42179   538367   224033   486539   124493   698729   105983   491537   352049   160163   540149   159839   540173   159737   540383   159617   540437   159293   540773   159227   540989   158909   541349   158567   541469   158429   541613   158243   541817   157889   542183   157799   542237   157559   542483   157427   542747   156707   539837   208469   594023     1277   575513   213467   475973   161639   657827   186239   432203
   432287   186107   657983   161453   476087   213329   575573      467   581729   381659   179243   521153   178697   521363   178613   521447   178487   521537   178439   521603   178349   521819   178127   521903   177893   522167   177623   522623   177347   522737   177257   522839   176699   523433   176369   523673   176243   523793   176159   523877   146249   520679   118277   699539   124433   486677   223919   538553    42023   513899   267719
   267647   514013    41927   538697   223823   486797   123803   691787   355763   114143   585917   113969   586073   113657   586493   113417   586679   113213   586979   112919   587219   112589   587429   112403   587669   112253   587987   111893   588173   111767   588347   111623   588509   111323   588737   111263   588779   111053   588977   110819   589409   106823   585839     8219   576203   213209   476183   161309   658079   185993   432359
   432413   185957   658127   161267   476249   502847   561389   353657     6827   693317     6653   693437     6473   693677     6323   693689     6263   693809     5987   694079     5813   694223     5693   694349     5639   694487     5483   694619     5087   694997     5003   695069     4919   695117     4799   695327     4637   695777     4139   695873     4127   695927     1667   693149   138617   197159   223757   538739    41879   514049   267593
   267569   514103    41759   539009   223529   450257   358079   132863   567257   132623   567569   132347   567719   132059   568097   131639   568643   131297   568877   130817   569237   130589   569663   130259   569927   129959   570113   129593   570419   129539   570497   129497   570587   129347   570719   129263   570887   128987   571037   128873   571679   128159   571853   122489   567059   249749   476477   160997   658247   185903   432437
   432449   185819   658277   159629   464447    89189   223577   476513   223403   476639   223253   476759   222857   477293   222647   477677   222197   477857   222107   477947   222029   478157   221807   478259   221603   478679   221219   478913   221069   479147   219983   480047   219839   480209   219707   480317   219677   480419   219503   480569   219293   480989   218963   481133   482309   476369   235559   540377    41729   514187   267557
   267479   514313    41603   520193   354677   232499   467549   232307   467897   232103   467927   231947   468113   231533   468527   231359   468683   231269   468899   231053   469037   230567   469613   230357   469793   229799   470243   229727   470303   229589   470453   229409   470663   229223   470867   228869   471209   228707   471389   228539   471749   228203   471893   228077   472133   225977   467399   179813   658403   185693   432527
   432587   515357   642737   361337   173267   526829   172883   527129   172673   527399   172553   527489   172373   527699   172217   527909   171869   528299   171383   528707   171077   529049   170777   529637   169943   530087   169913   530183   169769   530297   169667   530513   169457   530597   169313   530807   168863   531203   168743   531287   168143   531977   168023   532277   167633   532379   159773   526733    57269   184649   267419
   266687   491639   357659    51977   648107    51767   648257    51713   648677    51287   648803    50849   649217    50723   649379    50549   649619    50363   649799    50177   649877    50069   650183    49529   650483    49463   650813    49019   651017    48767   651473    48497   651767    48197   652229    47513   652499    47339   652727    47093   653117    46853   653357    46643   653507    46229   653819    41357   647783   208367   433319
   581597    35267   196739   503297   196583   503483   196187   503963   195863   504197   195737   504479   195479   504563   195413   504599   195389   504677   195077   504953   195023   505073   194867   505277   194723   505319   194483   505919   194057   505979   193859   506213   193679   506357   193469   506573   193163   506873   193043   506993   192977   507119   192677   507599   192263   507953   191969   508103   509393   503207   118409
   194819   276827   423299   276593   423503   276449   423617   276293   423749   276137   424007   275987   424037   275837   424223   275573   424547   275447   424667   275039   425003   274817   425297   274697   425423   274517   425549   274403   425783   274187   425903   274019   426077   273773   426287   273653   426389   273269   426773   273113   427073   272927   427103   272759   427403   272567   427457   272477   427913   429719   423173
