   281933   418079   281849   418169   281807   418259   281717   418337   281663   418427   281339   418709   281243   418799   281117   419057   280859   419189   280703   419417   280583   419459   280409   419753   280229   420029   279857   420317   279413   420599   279329   420737   279203   420977   278903   421163   278609   421517   278363   421727   278063   422087   277757   422363   277637   422459   277247   422789   276953   275003   495947
   423173   202409   497603   202343   497729   202049   498053   201797   498557   201359   498803   200867   499283   200657   499397   200513   499523   200357   499853   200063   499973   199853   500333   199637   500483   199487   500603   199313   500957   198977   501077   198833   501287   198689   501383   198503   501593   198347   501827   197963   502079   197759   502409   197507   502553   197159   502883   197033   195389   655043   276833
   276827   503003    56453   643589    56123   643919    55997   644057    55889   644519    55457   644669    55259   644789    55163   644933    54983   645137    54773   645383    54563   645467    54503   645629    54323   645713    54269   645839    53993   646067    53849   646193    53699   646397    53147   646889    53093   646937    52973   647039    52937   647117    52859   647189    52673   647453    52529   647753   347957   197003   423179
   423299   196799   647489   178697   521363   178613   521447   178487   521537   178439   521603   178349   521819   178127   521903   177893   522167   177623   522623   177347   522737   177257   522839   176699   523433   176369   523673   176243   523793   176159   523877   175949   524087   175499   524939   174989   525257   174653   525593   174407   525677   174197   525869   173969   526073   173867   535757   338237    52517   503207   276707
   276593   503267    52379   526199   239387   460673   239297   460919   239069   460979   238859   461297   238673   461507   238397   461693   238163   462149   237767   462443   237287   462773   237179   462863   237053   463283   236573   463457   236219   463919   235877   464213   235679   464447   235523   464699   235043   464993   235007   465089   234833   465293   234599   465419   234197   467297   346043   173807   647627   196739   423413
   423503   196709   647693   173783   465917   228707   471389   228539   471749   228203   471893   228077   472133   227537   472643   227207   472817   227159   472859   226553   473519   226427   473597   226283   473789   226007   474017   225977   474197   225569   474479   225509   474503   225347   474707   225227   474839   225149   474917   225023   475037   224897   475289   224603   475877   347873   234089   526223    52313   503297   276503
   276449   503423    52259   526307   234029   475427   138959   561083   138647   561377   138617   561419   138407   561767   138209   561809   138059   562007   137723   562307   137597   562439   137399   562613   137303   563117   136649   563447   136463   563663   136193   564359   135599   564617   135353   564797   135089   564989   134669   565517   134417   565637   134339   575429   338033   224579   465977   173699   647747   196583   423557
   423617   196523   647783   173357   466247   224423   565787    11789   688223    11369   688733    11243   688889    11027   689033    10739   689393    10313   689867    10133   689903     9887   690377     9587   690467     9497   690533     9377   690869     8969   691199     8669   691343     8597   691433     8543   691583     8369   691709     8243   691787     8087   692399   347933   134219   475583   233759   526649    52223   503483   276389
   276293   503819    51977   526709   233489   475679   134213   691997   119087   581099   118673   581549   118409   581663   118277   581753   118163   582017   117839   582173   117797   582227   117497   582563   117329   582737   117239   582887   117023   583013   116867   583367   116537   583523   116387   583727   116273   583997   115979   584153   115823   584249   348209     8009   565793   224327   466517   173297   648029   196187   423713
   423749   196043   648107   173273   466649   224309   565919     7907   584279   184013   516209   183713   516323   183569   516617   183383   516689   183167   516947   183047   517079   182789   517367   182603   517457   182537   517487   182453   517589   182387   517877   182057   518249   181619   518597   181277   518807   181193   519227   180749   519509   347513   115727   692099   134087   475697   233357   526733    51899   503963   276257
   276137   504143    51767   526739   232823   475973   134033   692249   115613   519359   166457   533747   166169   533963   166013   534059   165833   534473   165083   535019   164837   535529   164309   535727   164147   535967   163859   536273   163307   537413   162419   537743   162257   538049   161879   538199   161639   538553   161309   539309   346553   180647   584393     7757   565973   224033   467183   173267   648239   195863   423869
   424007   195809   648257   173177   467399   223919   566057     7673   584417   180623   538739    90197   609989    89849   610187    89597   610439    89387   610703    89273   610817    89087   611069    88817   611207    88793   611459    88523   611543    88169   611927    88037   611999    87869   612173    87743   612377    87623   614177   347057   161267   519383   115589   692333   133949   476087   232607   526829    51749   504197   275999
   275987   504269    51713   527123   232499   476183   133733   692423   115343   519587   160997   612497   324593   375449   324497   375533   324437   375707   323957   376127   323699   376469   323249   377129   322859   377297   322613   377543   322319   378023   321413   378683   321227   378929   321053   379163   320699   311897   415517    87509   539009   180419   584663     7583   566273   223823   467507   172883   648293   195737   424019
   424037   195527   648677   172877   467549   223757   566567     7547   584873   179939   539039    87293   379319    77003   623057    76679   623717    76283   624209    75773   624347    75539   624479    75407   624683    75269   624797    75167   624977    74903   625109    74873   625307    74687   625397    74597   628127   345689   320687   612713   160967   520067   115133   692459   133439   476249   232457   527129    51329   504479   275969
   275837   504527    51287   527333   232307   476369   133283   692753   115127   520103   160877   612923   320339   625517   140123   560039   139883   560297   139547   560597   139367   560837   139133   560897   139067   570587   129287   570743   129119   571019   128969   571133   128327   571847   128153   574109   336989    74489   379667    87083   539129   179903   584879     7253   566723   223637   467699   172673   648719   195479   424169
   424223   195443   648803   172607   467897   223577   567053     7079   584993   179813   539267    86993   379703    74363   571973   125717   574367   125339   574703   125207   574913   124979   575087   124853   575213   124703   575513   124433   575579   124337   575867   123887   576203   123719   598127   327317   128033   625643   320303   613013   160739   520193   115013   692927   132953   476429   232109   527399    51203   504563   275783
   275573   504593    50849   527453   232103   476477   132947   692963   114689   520313   160499   613163   320219   625913   127979   576299    58727   641327    58427   641639    58217   641813    58109   642197    57773   642419    57383   642737    57173   642899    57059   643043    56807   656429   335879   123707   572027    74093   379787    86843   539507   179693   585317     7043   567059   223529   467903   172553   649157   195413   424433
   424547   195407   649217   172517   467927   223493   567143     6917   585413   179657   539633    86837   379853    74027   572093   123323   643373   296843   403253   296507   403757   296129   403889   296027   404489   295313   404819   295037   405347   294509   405527   294347   416399   337859    56633   576683   127913   625979   320153   613169   160373   520349   114593   693089   132863   476513   232079   527489    50789   504599   275459
   275447   504677    50723   527633   231947   476603   132749   693137   114419   520427   160367   613253   320027   626033   127703   577043    56543   405689    41519   658607    41357   658817    40847   659177    40583   659513    40283   659843    39953   660119    39869   661139   348419   294317   643463   122963   572303    73973   379979    86753   539639   179579   585587     6869   567257   223403   468059   172373   649283   195329   424559
   424667   195077   649379   172307   468113   223367   567383     6857   585677   179573   539663    86579   379997    73943   572357   122939   653153   294179   660167   102797   597419   102533   597599   102329   597689   102203   597899   102077   598007   101957   600983   346547    39839   405827    46853   577067   127649   626063   320009   613427   160343   520433   114329   693149   132623   476639   231893   527699    50627   504929   275339
   275039   504953    50549   527789   231533   476753   132437   693179   114269   520649   160319   613607   319817   626147   127607   577397    46649   405857    39779   598379   100469   599603   100343   599693    99767   600293    99689   600689    99173   601487   348827   101627   660227   294149   653357   122609   572399    73859   380189    86399   539687   179357   585737     6827   567569   223253   468473   172217   649457   195053   424967
   425189   195023   649619   172097   468527   223247   567659     6689   585839   179327   539837    86369   380327    73847   572423   122579   653363   294059   660347   101363   600857    30983   669029    30893   669167    30677   669413    30347   673769   345749    99149   598643    39659   405947    46643   577427   127583   626159   319679   613637   160169   520679   114167   693317   132347   476759   231479   527909    50387   504983   274817
   274709   505073    50363   528137   231359   477149   132287   693353   114143   520763   159857   613763   319673   626333   127487   577517    46499   406403    39503   598727    98963   669869   269183   430949   268643   431369   268607   266957   514313    30137   601043   101279   660503   293603   653507   122489   572519    73673   380333    86243   540149   179243   585863     6653   567719   222857   468647   171869   649643   194933   425297
   425309   194867   649799   171707   468683   222713   567947     6569   585917   178853   540167    86117   380417    73643   572633   122477   653777   293507   660563   101207   601067    30119   431513    28229   672059    27779   676979   344969   268493   669887    98939   598799    39443   406499    46229   577529   127373   626363   319589   613889   159839   521153   114089   693437   132059   477293   231323   528299    50207   505139   274697
   274583   505187    50177   528623   231269   477359   131909   693533   113969   531287   159833   614153   319547   626393   127163   577613    46187   406547    39323   599069    98927   669947   268439   672317    93923   699119   256967    27689   431567    30059   601079   100937   660683   293459   653819   122393   572843    73613   380459    85853   540173   168719   586037     6473   568097   222647   468737   171383   649829   194819   425423
   425489   194729   649877   171299   468899   222329   568367     6329   586073   168143   540233    85619   380837    73529   572867   122267   653903   293357   660887   100853   601379    29867   431603    27449   513047   350003   186959   672557   268403   670139    98627   599153    39119   406649    46103   577739   127139   626477   319169   614387   159773   531863   113933   693677   131639   477677   231107   528707    50129   505277   274517
   274457   505283    50069   528929   231053   477809   131363   693683   113657   531977   159737   614483   319127   626489   127103   577799    45959   406859    39113   599273    98123   670217   268343   666983   443039      887   606083    33023   431663    29789   601883   100733   660893   293147   654047   122207   572903    73517   380879    85523   540269   168029   586349     6323   568643   222197   468953   171077   649937   194723   425549
   425603   194687   650183   170957   469037   222149   568709     6317   586493   168023   540377    85313   380909    73379   572927   122069   654509   293123   660899   100703   601949   671729   595247   355037    27947   672227    23027   671777   104759    28277    98057   599303    39107   406883    45497   577937   127079   626627   319097   614693   159629   531983   113513   693689   131297   477857   230969   529049    49823   505319   274403
   274223   505523    49529   529229   230567   477899   131129   693743   113417   532277   159623   614759   319049   626963   127037   577979    45413   406907    39089   599513   603227    23039   185693   269057   431363   268637   431399   433049   430823   676967    96779   100493   660917   293099   654593   122027   572969    73043   380957    85247   540383   167729   586589     6263   568877   222107   469439   170777   650477   194483   425783
   425819   194087   650483   170369   469613   222059   569189     6197   586679   167633   540389    84869   381323    73019   573179   121889   654629   292517   660983   600167    93893   354257    30977   669113    30839   669329    30593   669659    26237   669023   606113    99839    39023   407489    45377   578117   126827   626987   318683   615137   159617   532373   113327   693809   130817   477947   230393   529637    49523   505919   274187
   274103   505949    49463   530063   230357   477977   130769   694019   113213   532379   159569   615269   318629   627083   126743   578309    45263   407579    38747    94529   351179   100403   599663   100313   600239    99713   600317    99317   600833    98519   599537   605477   661259   292427   654743   121697   573263    72923   381377    84737   540437   167627   586793     5987   569237   222029   469649   169943   650543   194057   425903
   425987   194027   650813   169919   469793   221849   569417     5927   586979   167483   540599    84533   381533    72623   573647   121607   654827   287849   657539   353459   102587   597473   102407   597677   102317   597803   102107   597929   101999   598049    99023   597209    42467   412157    45179   578399   126359   627383   318473   615473   159407   532523   113027   694079   130589   478157   230213   530087    49193   505979   274019
   273929   506147    49019   530093   229799   478199   130343   694193   112919   532757   159293   615497   318377   627953   126143   578453   654923   396629   351587    41399   658649    41189   659159    40829   659423    40493   659723    40163   660053    39887   660137    38867   658487   303377    45083   121553   573863    72053   381629    84509   540713   167249   587087     5813   569663   221807   470207   169913   650987   193859   426077
   426233   193793   651017   169823   470243   221747   569747     5783   587219   167099   540773    84467   381659    71993   573899   591089    18233   362147   296753   403499   296249   403877   296117   403979   295517   404693   295187   404969   294659   405497   294479   405659   283607   403163   681773   108917   126107   628013   318347   615539   159233   532907   112787   694223   130259   478259   229763   530183    48989   506213   273773
   273719   506327    48767   530237   229727   478403   130079   694313   112589   532919   159227   615557   318299   628097   574619    83009   364127    58679   641579    58367   641789    58193   641897    57809   642233    57587   642623    57269   642833    57107   642947    56963   643199    43577   641279   616997   125387    71909   381707    84449   540779   167087   587417     5693   569927   221603   470279   169769   651239   193679   426287
   426353   193649   651473   169709   470303   221327   570047     5657   587429   166973   540989    84407   382037    70439    99347   372689   125639   574667   125303   574799   125093   575027   124919   575153   124793   575303   124493   575573   124427   575669   124139   576119   123803   576287   101879   574289   600659   629567   317969   615599   159017   533033   112577   694349   129959   478679   229703   530297    48533   506357   273653
   273617   506537    48497   530339   229589   478787   129893   694367   112403   533303   158909   615617   316853   621029   363017   139967   560123   139709   560459   139409   560639   139169   560873   139109   560939   129419   570719   129263   570887   128987   571037   128873   571679   128159   571853   125897   559883    78977   383153    84389   541097   166703   587603     5639   570113   221219   470417   169667   651509   193469   426389
   426737   193433   651767   169493   470453   221093   570413     5519   587669   166679   541349    83597   443129   354317    76949   623327    76289   623723    75797   624233    75659   624467    75527   624599    75323   624737    75209   624839    75029   625103    74897   625133    74699   625319    74609   625409    71879   623003   256877   616409   158657   533327   112337   694487   129593   478913   229553   530513    48239   506573   273269
   273233   506843    48197   530549   229409   478937   129587   694523   112253   533363   544223   609407   284489   324557   375509   324473   375569   324299   376049   323879   376307   323537   376757   322877   377147   322709   377393   322463   377687   321983   378593   321323   378779   321077   378953   320843   379307   388109   375413    90599   155783   166643   587753     5483   570419   221069   470597   169457   651809   193163   426773
   426893   193133   652229   169409   470663   220859   570467     5387   587987   539843   145799   352949    90017   610157    89819   610409    89567   610619    89303   610733    89189   610919    88937   611189    88799   611213    88547   611483    88463   611837    88079   611969    88007   612137    87833   612263    87629   612383    85829   609809   554207   160163   112019   694619   129539   479147   229343   530597    47777   506873   273113
   272933   506963    47513   530693   229223   480047   129509   694919   590609   142469   353453   166259   533837   166043   533993   165947   534173   165533   534923   164987   535169   164477   535697   164279   535859   164039   536147   163733   536699   162593   537587   162263   537749   161957   538127   161807   538367   161453   538697   160697   533549   557537   109397     5087   570497   219959   470783   169313   652493   193043   427073
   427079   193013   652499   169199   470867   219797   570509   371939   102653   352493   183797   516293   183683   516437   183389   516623   183317   516839   183059   516959   182927   517217   182639   517403   182549   517469   182519   517553   182417   517619   182129   517949   181757   518387   181409   518729   181199   518813   180779   519257   180497   515993   597353   328067   129497   480209   229139   530807    47507   506993   272927
   272903   507029    47339   531143   228869   480299   570659   320609   351797   118907   581333   118457   581597   118343   581729   118253   581843   117989   582167   117833   582209   117779   582509   117443   582677   117269   582767   117119   582983   116993   583139   116639   583469   116483   583619   116279   583733   116009   584027   115853   584183   115757   580919   379397   129347   219707   471137   168863   652667   192977   427103
   427247   192887   652727   168803   471209   483827   109883   352073    11783   688637    11273   688763    11117   688979    10973   689267    10613   689693    10139   689873    10103   690119     9629   690419     9539   690509     9473   690629     9137   691037     8807   691337     8663   691409     8573   691463     8423   691637     8297   691763     8219   691919     7607   688217   590123   216179   228797   531203    47279   507119   272759
   272603   507329    47093   531263   480167   207113   361973   138923   561359   138629   561389   138587   561599   138239   561797   138197   561947   137999   562283   137699   562409   137567   562607   137393   562703   136889   563357   136559   563543   136343   563813   135647   564407   135389   564653   135209   564917   135017   565337   134489   565589   134369   565667   124577   561047   492893   219839   168743   652913   192677   427403
   427439   192407   653117   167267   208673   352133   228617   471467   228257   471803   228113   471929   227873   472469   227363   472799   227189   472847   227147   473453   226487   473579   226409   473723   226217   473999   225989   474029   225809   474437   225527   474497   225503   474659   225299   474779   225167   474857   225089   474983   224969   475109   224717   475403   224129   471299   491333   532739    46889   507599   272567
   272549   507743   654053   513137   353963   239333   460709   239087   460937   239027   461147   238709   461333   238499   461609   238313   461843   237857   462239   237563   462719   237233   462827   237143   462953   236723   463433   236549   463787   236087   464129   235793   464327   235559   464483   235307   464963   235013   464999   234917   465173   234713   465407   234587   465809   232709   460619   186869    45953   192263   427457
   427529   517073    37049   361769   178643   521393   178559   521519   178469   521567   178403   521657   178187   521879   178103   522113   177839   522383   177383   522659   177269   522749   177167   523307   176573   523637   176333   523763   176213   523847   176129   524057   175919   524507   175067   525017   174749   525353   174413   525599   174329   525809   174137   526037   173933   526139   164249   521309   662957   182933   272477
   428003   480023   352049    56417   643883    56087   644009    55949   644117    55487   644549    55337   644747    55217   644843    55073   645023    54869   645233    54623   645443    54539   645503    54377   645683    54293   645737    54167   646013    53939   646157    53813   646307    53609   646859    53117   646913    53069   647033    52967   647069    52889   647147    52817   647333    52553   647477    52253   643553   219983   272003
   410687    44963   202403   497663   202277   497957   201953   498209   201449   498647   201203   499139   200723   499349   200609   499493   200483   499649   200153   499943   200033   500153   199673   500369   199523   500519   199403   500693   199049   501029   198929   501173   198719   501317   198623   501503   198413   501659   198179   502043   197927   502247   197597   502499   197453   502847   197123   502973   504617   497597   289319
   204059   281927   418157   281837   418199   281747   418289   281669   418343   281579   418667   281297   418763   281207   418889   280949   419147   280817   419303   280589   419423   280547   419597   280253   419777   279977   420149   279689   420593   279407   420677   279269   420803   279029   421103   278843   421397   278489   421643   278279   421943   277919   422249   277643   422369   277547   422759   277217   423053   425003   418073
