   286973   413243   286589   413537   286427   413807   285953   414179   285539   414629   285227   414893   284897   415187   284489   415523   284447   415577   284057   416147   283763   416399   283463   416873   282917   417173   282767   417293   282389   417623   282287   417839   282143   417947   282053   418073   281927   418157   281837   418199   281747   418289   281669   418343   281579   418667   281297   418763   281207   280703   485447
   418889   206033   493979   205937   494093   205619   494519   205397   494687   205307   494783   205157   494873   205103   494987   204887   495149   204557   495563   204437   495629   204359   495707   204233   495899   204059   495959   204023   496007   203843   496343   203579   496889   203057   497117   202667   497597   202403   497663   202277   497957   201953   498209   201449   498647   201203   499139   200723   499943   346547   281117
   280949   499349    60293   639839    60149   640007    59957   640127    59747   640307    59417   640613    59357   640733    59159   640943    58913   641279    58679   641579    58367   641789    58193   641897    57809   642233    57587   642623    57269   642833    57107   642947    56963   643199    56633   643463    56453   643589    56123   643919    55997   644057    55889   644519    55457   644669    55259   646013   346187   200657   419057
   419147   200609   644789   182927   517217   182639   517403   182549   517469   182519   517553   182417   517619   182129   517949   181757   518387   181409   518729   181199   518813   180779   519257   180647   519383   180497   519587   179939   520103   179813   520313   179657   520427   179573   520649   179327   520763   178853   521309   178643   521393   178559   521519   178469   521567   178403   178103   691919    55217   499397   280859
   280817   499493    55163   521657   243197   457139   242729   457367   242603   457553   242447   457607   242309   457913   241979   458123   241817   458327   241643   458543   241343   458669   241259   458879   241049   458993   240959   459113   240797   459383   240257   459803   239933   460127   239849   460373   239597   460463   239417   460619   239333   460709   239087   460937   239027   462719   346139   178349   644843   200513   419189
   419417   200483   644933   178187   461147   232823   467297   232607   467507   232457   467699   232109   467903   232079   468059   231893   468473   231479   468647   231323   468737   231107   468953   230969   469439   230393   469649   230213   470207   229763   470279   229703   470417   229553   470597   229343   470783   229139   471137   228797   471299   228617   471467   228257   227207   591743   238859   521819    55073   499523   280589
   280583   499649    54983   521879   238709   471803   143063   557027   142973   557057   142733   557309   142469   557573   142217   557987   141803   558287   141509   558563   141179   559067   140729   559343   140639   559529   140423   559667   140333   559709   140207   559883   139967   560123   139709   560459   139409   560639   139169   560873   139109   560939   138959   582167   327317   228203   461297   178127   645023   200357   419423
   419459   200153   645137   177893   461333   228077   561083    14759   685337    14639   685637    14327   685973    13997   686039    13907   686177    13553   686519    13367   686669    13217   686843    13127   686897    13043   686969    12983   687083    12899   687317    12647   687437    12413   687683    12269   687767    12227   687809    12113   688067    11933   690119   346349   138923   471929   238673   522113    54869   499853   280547
   280409   499973    54773   522167   238499   472133   138647   688097   123887   576203   123719   576299   123323   577043   122939   577397   122579   577517   122477   577613   122267   577799   122069   577979   121889   578309   121607   578453   121523   578537   121403   578693   121229   578999   120899   579239   120503   579533   120299   579713   120233   583727   344207    11909   561359   227873   461507   177839   645233   200033   419597
   419753   199853   645383   177623   461609   227537   561377    11867   580259   189017   511163   188519   511523   188303   511757   188147   512537   187463   512573   187409   512657   187163   513047   186947   513137   186653   513419   186239   513899   185993   514049   185903   514187   185693   514523   185477   514637   185363   514739   185183   184577   678203   119747   688139   138629   472469   238397   522383    54623   500153   280253
   280229   500333    54563   522623   238313   472643   138617   688217   119633   514853   171869   528299   171383   528707   171077   529049   170777   529637   169943   530093   169823   530237   169709   530339   169493   530549   169409   530693   169199   531143   168803   531263   168719   531863   168029   531983   167729   532373   167627   533837   346439   185153   580373    11789   561389   227363   461693   177383   645443   199673   419777
   420029   199637   645467   177347   461843   227189   561419    11783   580379   185057   532523    94433   605609    94169   606083    93893   606323    93563   606449    93503   606527    93419   606743    93047   607049    92849   607253    92699   607337    92657   607517    92387   607769    91733   608303    91583   608429    91397   609407   347957   167483   514949   119627   688223   138587   472817   238163   522659    54539   500369   279977
   279857   500483    54503   522737   237857   472847   138407   688637   119429   515279   167249   608633   328919   371177   328667   371387   328589   371627   328373   371663   328109   371939   328007   372023   327869   372167   327827   372269   327707   372377   327209   372803   326999   373343   326657   373859   326063   325943   396509    91373   532757   184727   580577    11369   561599   227159   462149   177269   645503   199523   420149
   420317   199487   645629   177257   462239   227147   561767    11273   580763   184649   532907    91163   374117    82307   617843    81953   618257    81737   618329    81629   618437    81299   618833    81077   619187    80039   620033    79907   620117    79847   620183    79769   620393    79427   620639    79349   626987   342497   325889   608843   167099   515357   119243   688733   138239   472859   237767   522749    54377   500519   279689
   279413   500603    54323   522839   237563   473453   138209   688763   119087   515519   167087   608987   325883   620777   145307   554747   145253   554969   144887   555167   144719   555593   144323   555707   143999   556487   143243   565667   134219   565793   134087   565973   133949   566273   133439   586589   319679    79229   374123    91019   532919   184487   580919    11243   561797   226553   462443   177167   645683   199403   420593
   420599   199313   645713   176699   462773   226487   561809    11117   581099   184409   533033    90863   374333    79193   566723   130259   569927   129959   570113   129593   570419   129509   570509   129419   570659   129287   570743   129119   571019   128969   571133   128327   571847   128153   584663   336437   133283   620813   325673   609143   166973   515597   118907   688889   138197   473519   237233   523307    54293   500693   279407
   279329   500957    54269   523433   237179   473579   138059   688979   118673   515993   166703   609173   325607   621017   132953   571973    63197   636947    62939   637079    62723   637319    62627   637409    62477   637709    62219   638303    61583   638453    61547   638663    61007   648719   339137   128033   567053    78989   374399    90833   533303   184013   581333    11027   561947   226427   462827   176573   645737   199049   420677
   420737   198977   645839   176369   462863   226409   562007    10973   581549   183797   533327    90647   374687    78977   567059   127979   639053   302417   398063   301877   398213   301703   398357   301583   398543   301247   398933   300869   399149   300809   399227   300743   405659   342659    60953   572027   132947   621029   325319   609359   166679   516209   118457   689033   137999   473597   237143   523637    54167   501029   279269
   279203   501077    53939   523673   237053   473723   137723   689267   118409   516293   166643   609533   325217   621113   132863   572093    60923   399689    45083   655043    44777   655373    44357   655727    44249   655847    44123   656063    43853   656429    43487   667427   338207   300317   639083   127913   567143    78893   374789    90473   533363   183713   581597    10739   562283   226283   462953   176333   646067   198929   420803
   420977   198833   646157   176243   463283   226217   562307    10613   581663   183683   533549    90407   374819    78779   567257   127703   639137   300119   656603   107243   592973   106823   593387   106487   593573   106373   593903   106019   593993   105983   595073   348209    43403   399887    60869   572303   132749   621227   325187   609599   166457   516323   118343   689393   137699   473789   236723   523763    53849   501173   279029
   278903   501287    53813   523793   236573   473999   137597   689693   118277   516437   166259   609743   325019   621353   132623   572399    60737   399983    43397   594107   104459   595613   104297   596009   103913   596117   103643   596423   103217   597899   348443   105899   656609   300023   639269   127607   567383    78653   374987    90263   533747   183569   581729    10313   562409   226007   463433   176213   646193   198719   421103
   421163   198689   646307   176159   463457   225989   562439    10139   581753   183389   533963    90227   375029    78479   567569   127583   639563   300017   656687   105557   596927    35603   664583    35393   664667    35327   664739    35159   668867   345689   103079   594449    43319   399989    60443   572423   132437   621527   324977   609779   166043   516617   118253   689867   137567   474017   236549   523847    53699   501317   278843
   278609   501383    53609   523877   236219   474029   137399   689873   118163   516623   166013   609803   324893   621833   132347   572519    60317   400199    43223   594569   103043   665123   273113   427073   272927   427103   272759   272093   504953    34883   596963   105437   656783   299807   639689   127487   567659    78173   375113    90203   533993   183383   581843    10133   562607   225977   463787   176129   646397   198623   421397
   421517   198503   646859   175949   463919   225809   562613    10103   582017   183317   534059    90197   375233    78137   567719   127373   648293   299699   656939   105389   597053    34739   427403    32987   667577    32363   676919   340169   272603   665267   102953   594617    43067   400307    51713   572633   132287   621869   324773   609809   165947   516689   117989   689903   137393   474197   236087   524057    53147   501503   278489
   278363   501593    53117   524087   235877   474437   137303   690377   117833   516839   165833   609989   324647   622073   132059   572843    51203   400559    43013   594899   102797   665303   272567   667697    98963   616409   334637    32309   427439    34703   597209   105107   656993   299447   648803   127163   567947    77933   375359    90017   534173   183167   582173     9629   562703   225569   464129   175919   646889   198413   421643
   421727   198347   646913   175499   464213   225527   563117     9587   582209   183059   534473    89849   375413    77849   568097   127139   649157   299363   657017   104849   597353    34499   427457    30677   585677   350003   114329   669329   272549   665507   102653   595157    42989   400643    50849   572867   131909   622157   324593   610157   165533   516947   117797   690419   136889   474479   235793   524507    53093   501659   278279
   278063   501827    53069   524939   235679   474497   136649   690467   117779   516959   165083   610187   324557   622493   131639   572903    50789   400859    42773   595247   102587   665549   428039   658817   365369    83597   601043    41189   271967    34457   597419   104759   657233   299147   649217   127103   568367    77513   375449    89819   534923   183047   582227     9539   563357   225509   464327   175067   646937   198179   421943
   422087   197963   647033   174989   464447   225503   563447     9497   582509   182933   535019    89597   375509    77477   568643   127037   649283   299063   657269   104729   597473   671357   426389   359837    32429   667643    23087   667019   273617    28649   102533   595277    42737   400943    50723   572969   131363   622529   324497   610409   164987   517073   117497   690509   136559   474503   235559   525017    52973   502043   277919
   277757   502079    52967   525257   235523   474659   136463   690533   117443   526829   164837   610439   324473   622637   131297   573179    50627   401069    42683   595313   631859    23537   195053   272933   427079   272903   427247   427913   426893   676469    68147   104693   657323   298937   649379   126827   568709    77369   375533    89567   535169   173177   582563     9473   563543   225347   464483   174749   647039   197927   422249
   422363   197759   647069   174653   464699   225299   563663     9377   582677   172883   535529    89387   375569    77213   568877   126743   649457   298589   657473   596027    64919   354317    35423   664613    35339   664679    35267   664847    31139   664403   635087   103979    42533   401417    50549   573263   131129   622793   324437   610619   164477   527123   117329   690629   136343   474707   235307   525353    52937   502247   277643
   277637   502409    52889   525593   235043   474779   136193   690869   117269   527129   164309   610703   324299   623003   130817   573647    50387   401957   657809   100313   351563   104393   595709   103997   596093   103889   596363   103583   596789   102107   595547   599693    42197   298049   649619   126359   569189    77003   375707    89303   535697   172877   582737     9137   563813   225227   464963   174413   647117   197597   422369
   422459   197507   647147   174407   464993   225167   564359     8969   582767   172673   535727    89273   376049    76949   569237   126143   649643   294479    28277   351797   107033   593183   106619   593519   106433   593633   106103   593987   106013   594023   104933   592763   671729   405527    50363   573863   130769   623057   323957   610733   164279   527333   117239   691037   135647   474839   235013   525599    52859   502499   277547
   277247   502553    52817   525677   235007   474857   135599   691199   117119   527399   164249   610817   323879   623327   130589   573899   650183   394643   361799    44963   655229    44633   655649    44279   655757    44159   655883    43943   656153    43577   656519    32579   654923   305363    49823   126107   569417    76679   376127    89189   535757   172607   582887     8807   564407   225149   464999   174329   647189   197453   422759
   422789   197159   647333   174197   465089   225089   564617     8669   582983   172553   535859    89087   376307    76289   569663   575213    27239   357347   301943   398129   301793   398303   301649   398423   301463   398759   301073   399137   300857   399197   300779   399263   294347   397589   672767   124793   130343   623717   323699   610919   164147   527453   117023   691337   135389   474917   234917   525809    52673   502847   277217
   276953   502883    52553   525869   234833   474983   135353   691343   116993   527489   164039   611069   323537   623723   572927   107867   360869    63059   637067    62927   637283    62687   637379    62597   637529    62297   637787    61703   638423    61553   638459    61343   638999    51287   636809   592139   127079    76283   376469    88937   535967   172517   583013     8663   564653   225023   465173   174137   647453   197123   423053
   423173   197033   647477   173969   465293   224969   564797     8597   583139   172373   536147    88817   376757   637499    83477   363569   130079   570047   129893   570413   129587   570497   129497   570587   129347   570719   129263   570887   128987   571037   128873   571679   128159   571853   115343   569747   616529    62507   323249   611189   163859   527633   116867   691409   135209   475037   234713   526037    52529   502973   276833
   276827   503003    52517   526073   234599   475109   135089   691433   116639   527699   163733   611207   378683    50069   380327   145259   554753   145037   555119   144839   555287   144413   555683   144299   556007   143519   556763   134339   565787   134213   565919   134033   566057   133733   566567   113417   554699   649937   321323    88799   536273   172307   583367     8573   564917   224897   465407   173933   647489   197003   423179
   423299   196799   647627   173867   465419   224717   564989     8543   583469   172217   536699   611459   363149   357509    82163   618053    81749   618269    81677   618377    81569   618707    81173   618929    80819   619967    79973   620099    79889   620159    79823   620237    79613   620579    79367   620657    73019   617699   336857    88547   163307   527789   116537   691463   135017   475289   234587   526139    52379   503207   276707
   276593   503267    52313   526199   234197   475403   134669   691583   116483   527909   537587    82349   303497   328829   371339   328619   371417   328379   371633   328343   371897   328067   371999   327983   372137   327839   372179   327737   372299   327629   372797   327203   373007   326663   373349   326147   373943   374063   371087   617657   162419   172097   583523     8423   565337   224603   465809   173807   647693   196739   423413
   423503   196709   647747   173783   465917   224579   565517     8369   583619   532739   152219   352049    94397   605837    93923   606113    93683   606443    93557   606503    93479   606587    93263   606959    92957   607157    92753   607307    92669   607349    92489   607619    92237   608273    91703   608423    91577   608609    90599   605573   547787   167267   116387   691637   134489   475427   234089   526223    52259   503297   276503
   276449   503423    52253   526307   234029   475583   134417   691709   115979   480299   353567   171707   528623   171299   528929   170957   529229   170369   530063   169913   530183   169769   530297   169667   530513   169457   530597   169313   530807   168863   531203   168743   531287   168143   531977   168023   532277   167633   532379   166169   528137   219707   584027     8297   565589   224423   465977   173699   647753   196583   423557
   423617   196523   647783   173357   466247   224327   565637     6323   572357    21803   188843   511487   188483   511703   188249   511859   187469   512543   187433   512597   187349   512843   186959   513059   186869   513353   186587   513767   186107   514013   185957   514103   185819   514313   185483   514529   185369   514643   185267   514823   515429   510989   127649   693683   134369   475679   233759   526649    52223   503483   276389
   276293   503819    51977   526709   233489   475697   129539   684857   355799   123803   576287   123707   576683   122963   577067   122609   577427   122489   577529   122393   577739   122207   577937   122027   578117   121697   578399   121553   578483   121469   578603   121313   578777   121007   579107   120767   579503   120473   579707   120293   579773   116279   576119    15149   570467   224309   466517   173297   648029   196187   423713
   423749   196043   648107   173273   466649   478937   541469   353657    14669   685367    14369   685679    14033   686009    13967   686099    13829   686453    13487   686639    13337   686789    13163   686879    13109   686963    13037   687023    12923   687107    12689   687359    12569   687593    12323   687737    12239   687779    12197   687893    11939   688073     9887   685247   158537   221069   233357   526733    51899   503963   276257
   276137   504143    51767   526739   471893   455849   372689   142979   557033   142949   557273   142697   557537   142433   557789   142019   558203   141719   558497   141443   558827   140939   559277   140663   559367   140477   559583   140339   559673   140297   559799   140123   560039   139883   560297   139547   560597   139367   560837   139133   560897   139067   561047   117839   556943   244157   228113   173267   648239   195863   423869
   424007   195809   648257   530087   217499   108263   232709   467399   232499   467549   232307   467897   232103   467927   231947   468113   231533   468527   231359   468683   231269   468899   231053   469037   230567   469613   230357   469793   229799   470243   229727   470303   229589   470453   229409   470663   229223   470867   228869   471209   228707   471389   228539   471749   472799   467183   482507   169919    51749   504197   275999
   275987   504269    51329   505187   353867   242867   457277   242639   457403   242453   457559   242399   457697   242093   458027   241883   458189   241679   458363   241463   458663   241337   458747   241127   458957   241013   459047   240893   459209   240623   459749   240203   460073   239879   460157   239633   460409   239543   460589   239387   460673   239297   460919   239069   460979   237287   456809   194819   648677   195737   424019
   424037   504479   637817     8087   182789   517367   182603   517457   182537   517487   182453   517589   182387   517877   182057   518249   181619   518597   181277   518807   181193   519227   180749   519359   180623   519509   180419   520067   179903   520193   179693   520349   179579   520433   179357   520679   179243   521153   178697   521363   178613   521447   178487   521537   178439   521603   521903   517079    62189   195527   275969
   425003   184133   353819    60167   639857    59999   640049    59879   640259    59699   640589    59393   640649    59273   640847    59063   641093    58727   641327    58427   641639    58217   641813    58109   642197    57773   642419    57383   642737    57173   642899    57059   643043    56807   643373    56543   643553    56417   643883    56087   644009    55949   644117    55487   644549    55337   644747    53993   639713   515873   275003
   402197   353459   206027   494069   205913   494387   205487   494609   205319   494699   205223   494849   205133   494903   205019   495119   204857   495449   204443   495569   204377   495647   204299   495773   204107   495947   204047   495983   203999   496163   203663   496427   203117   496949   202889   497339   202409   497603   202343   497729   202049   498053   201797   498557   201359   498803   200867   499283   200063   493973   297809
   214559   286763   413417   286469   413579   286199   414053   285827   414467   285377   414779   285113   415109   284819   415517   284483   415559   284429   415949   283859   416243   283607   416543   283133   417089   282833   417239   282713   417617   282383   417719   282167   417863   282059   417953   281933   418079   281849   418169   281807   418259   281717   418337   281663   418427   281339   418709   281243   418799   419303   413033
