   283607   416543   283133   417089   282833   417239   282713   417617   282383   417719   282167   417863   282059   417953   281933   418079   281849   418169   281807   418259   281717   418337   281663   418427   281339   418709   281243   418799   281117   419057   280859   419189   280703   419417   280583   419459   280409   419753   280229   420029   279857   420317   279413   420599   279329   420737   279203   420977   278903   277637   491129
   421163   204299   495773   204107   495947   204047   495983   203999   496163   203663   496427   203117   496949   202889   497339   202409   497603   202343   497729   202049   498053   201797   498557   201359   498803   200867   499283   200657   499397   200513   499523   200357   499853   200063   499973   199853   500333   199637   500483   199487   500603   199313   500957   198977   501077   198833   501287   198689   508559   340169   278843
   278609   501383    58109   642197    57773   642419    57383   642737    57173   642899    57059   643043    56807   643373    56543   643553    56417   643883    56087   644009    55949   644117    55487   644549    55337   644747    55217   644843    55073   645023    54869   645233    54623   645443    54539   645503    54377   645683    54293   645737    54167   646013    53939   646157    53813   646307    53609   647477   346553   198623   421397
   421517   198503   646859   180623   519509   180419   520067   179903   520193   179693   520349   179579   520433   179357   520679   179243   521153   178697   521363   178613   521447   178487   521537   178439   521603   178349   521819   178127   521903   177893   522167   177623   522623   177347   522737   177257   522839   176699   523433   176369   523673   176243   523793   176159   523877   175949   174653   697217    53147   501503   278489
   278363   501593    53117   524087   241013   459047   240893   459209   240623   459749   240203   460073   239879   460157   239633   460409   239543   460589   239387   460673   239297   460919   239069   460979   238859   461297   238673   461507   238397   461693   238163   462149   237767   462443   237287   462773   237179   462863   237053   463283   236573   463457   236219   463919   235877   470417   340937   175919   646889   198413   421643
   421727   198347   646913   175499   464213   230393   469649   229799   470243   229727   470303   229553   470597   229343   470783   229139   471137   228797   471299   228617   471467   228257   471803   228113   471929   227873   472469   227363   472799   227189   472847   227147   473453   226487   473579   226409   473723   226217   473999   225989   474029   225809   474437   225527   223823   598007   235793   524507    53093   501659   278279
   278063   501827    53069   524939   235679   474497   140339   559673   140297   559799   140123   560123   139709   560459   139409   560639   139169   560873   139109   560939   138959   561083   138647   561377   138617   561419   138407   561767   138209   561809   138059   562007   137723   562307   137597   562439   137399   562613   137303   563117   136649   563447   136463   566567   345473   225509   464327   175067   646937   198179   421943
   422087   197963   647033   174989   464447   225503   563663    12899   687317    12647   687437    12413   687683    12269   687767    12227   687809    12113   688067    11933   688097    11867   688217    11783   688637    11273   688763    11117   688979    10973   689267    10613   689693    10139   689873    10103   690119     9629   690419     9539   690509     9473   692099   346349   136343   474503   235559   525017    52973   502043   277919
   277757   502079    52967   525257   235523   474659   136193   690629   121313   578777   121007   579107   120767   579503   120473   579707   120293   579773   119747   580373   119627   580577   119243   580919   118907   581333   118457   581597   118343   581729   118253   581843   117989   582167   117833   582209   117779   582509   117443   582677   117269   584873   345689     9377   563813   225347   464483   174749   647039   197927   422249
   422363   197759   647069   174413   464699   225299   564359     9137   582767   185819   514313   185483   514529   185369   514643   185267   514823   185153   514949   184727   515357   184577   515519   184409   515873   184013   516209   183713   516323   183569   516617   183383   516689   183167   516947   183047   517073   182927   517217   182639   517403   348353   117239   690869   135647   474707   235307   525593    52937   502247   277643
   277547   502409    52889   525599   235043   474779   135599   691037   117119   517457   168719   531863   168029   532277   167633   532379   167483   532739   167249   532907   167087   533033   166703   533327   166643   533549   166259   533837   166043   533993   165947   534173   165533   534923   164987   535169   164477   535697   164279   538199   344957   182549   582887     8969   564407   225227   464963   174407   647117   197597   422459
   422759   197507   647147   174329   464993   225167   564617     8807   582983   182537   535757    91583   608429    91397   608633    91163   608987    90863   609173    90647   609407    90473   609599    90263   609779    90203   609809    90017   610157    89819   610409    89567   610619    89303   610733    89189   610919    88937   611483   348527   164249   517469   117023   691199   135389   474839   235013   525677    52859   502499   277247
   277217   502553    52817   525809   235007   474857   135353   691337   116993   517487   164147   611189   326063   374063   325889   374123   325673   374399   325319   374789   325187   374987   324977   375113   324773   375359   324593   375449   324497   375533   324437   375707   323957   376127   323699   376469   323249   322613   403037    88817   535859   182519   583013     8669   564653   225149   464999   174197   647189   197453   422789
   423053   197159   647333   174137   465089   225089   564797     8663   583139   182453   535967    88799   377129    78989   621029    78893   621227    78653   621527    78173   621869    77933   622157    77513   622529    77369   622793    77003   623057    76679   623717    76283   624209    75773   624347    75539   624737   348077   322877   611207   164039   517553   116867   691343   135209   474917   234917   525869    52673   502847   276953
   276833   502883    52553   526037   234833   474983   135089   691409   116639   517589   163859   611213   322859   624479   141803   558287   141509   558563   141179   559067   140663   559367   140477   559583   130817   569237   130589   569663   130259   569927   129959   570113   129593   570419   129539   571037   348419    75527   377147    88793   536147   182417   583367     8597   564917   225023   465173   173969   647453   197123   423173
   423179   197033   647489   173933   465293   224969   564989     8573   583469   182387   536273    88547   377297    75407   570497   127373   572843   127139   572903   127079   572969   126827   573263   126359   573863   126107   574109   125717   574367   125387   574667   125303   574799   125093   590573   333323   129509   624599   322709   611459   163733   517619   116537   691433   135017   475037   234713   526073    52517   502973   276827
   276707   503003    52379   526139   234599   475109   134669   691463   116483   517877   163307   611543   322463   624683   129497   575027    60149   640007    59957   640127    59747   640307    59417   640613    59357   640733    59159   640943    58913   641279    58679   641579    58367   655847   334877   124979   570509    75323   377543    88463   536699   182129   583523     8543   565337   224897   465407   173867   647627   197003   423299
   423413   196799   647693   173807   465419   224717   565517     8423   583619   182057   537413    88169   377687    75209   570587   124919   641789   299363   400859   299063   401069   298589   401957   298013   402053   297809   402299   297623   402503   297083   403097   296843   405689   346139    58217   575087   129419   624797   322319   611837   162593   517949   116387   691583   134489   475289   234587   526199    52313   503207   276593
   276503   503267    52259   526223   234197   475403   134417   691637   116279   518249   162419   611927   321983   624839   129347   575153    58193   403253    42509   657539    42299   657779    42197   657827    42023   658079    41879   658247    41729   658319    41627   658649   349343   296753   641813   124853   570659    75167   378023    88079   537587   181757   583727     8369   565589   224603   465809   173783   647747   196739   423503
   423557   196709   647753   173699   465917   224579   565637     8297   583733   181619   537743    88037   378593    75029   570719   124793   651017   296507   658403   104729   595313   104459   595613   104297   596009   103979   596093   103889   596363   103583   597899   347813    41603   403499    48989   575213   129287   624977   321413   611969   162263   518387   116273   691709   134369   475427   234089   526307    52253   503297   276449
   276389   503423    52223   526649   234029   475583   134339   691763   116009   518597   162257   611999   321323   625103   129119   575303    48533   403757    41519   596789   102317   597803   102077   598049   101879   598643   101279   598799   100937   600293   347957   103217   658487   296249   651473   124703   570887    74903   378683    88007   537749   181409   583997     8243   565667   224423   465977   173357   647783   196583   423617
   423713   196523   648029   173297   466247   224327   565787     8219   584027   181277   538049    87869   378779    74897   571019   124577   651509   296129   658607   103079   599153    32429   667643    32309   667769    32189   667949    31973   673223   344543   100853   596927    41399   403877    48497   575429   128987   625109   321227   612137   161957   518729   115979   691787   134219   475679   233759   526709    51977   503483   276293
   276257   503819    51899   526733   233489   475697   134213   691919   115853   518807   161879   612173   321077   625133   128873   575513    48239   403889    41189   596963   100733   668159   270593   429467   270509   429563   270407   269573   509909    31847   599273   103043   658817   296117   651767   124493   571133    74873   378929    87833   538127   181199   584153     8087   565793   224309   466517   173273   648107   196187   423749
   423869   196043   648239   173267   466649   224129   565919     8009   584183   181193   538367    87743   378953    74699   571679   124433   651809   296027   659159   102953   599303    31397   429677    29663   670577    29423   685973   334379   270329   668609   100703   597053    40847   403979    48197   575573   128327   625307   321053   612263   161639   518813   115823   691997   134087   475877   233357   526739    51767   503963   276137
   275999   504143    51749   526829   232823   475973   134033   692249   115757   519227   161453   612377   320843   625319   128159   575579    47777   404489    40829   597209   100493   668687   270323   670619    95783   699053   255173    29387   429683    31319   599513   102797   659177   295517   652229   124427   571847    74687   379163    87629   538553   180779   584249     7757   565973   224033   467183   173177   648257   195863   424007
   424019   195809   648293   172883   467297   223919   566057     7673   584279   180749   538697    87623   379307    74609   571853   124337   652493   295313   659423   102653   599537    31307   429719   680027   509393   350003   190613    19979   270287   668699   100469   597353    40583   404693    47513   575669   128153   625397   320699   612383   161309   519257   115727   692333   133949   476087   232709   527123    51713   504197   275987
   275969   504269    51329   527129   232607   476249   133733   692399   115613   519359   161267   612497   320687   625409   128033   575867    47507   404819    40493   597419   100403   668747   267479     4079   444833      953   604223   695927   432527    31259   599603   102587   659513   295187   652499   124139   571973    74597   379319    87509   538739   180647   584393     7607   566273   223757   467399   172877   648677   195737   424037
   424169   195527   648719   172673   467507   223637   566723     7583   584417   169913   539009    87293   379397    74489   572027   123887   652667   295037   659723   102533   599663   669029   592133   365627    29429   670583    14033   670343   107873    30977   100343   597473    40283   404969    47339   576119   127979   625517   320609   612713   160997   530093   115589   692423   133283   476369   232499   527333    51287   504479   275837
   275783   504527    51203   527399   232457   476429   132953   692459   115343   530183   160877   612923   320339   625643   127913   576203    47279   405347    40163   597677   601949    24809   190097   270539   429497   270443   429599   430433   429413   675197    98057   102329   659843   294659   652727   123803   572093    74363   379667    87083   539129   169823   584663     7547   567053   223577   467549   172607   648803   195479   424223
   424433   195443   649157   172553   467699   223529   567059     7253   584879   169769   539267    86993   379703    74093   572303   123719   652913   294509   660053   598379    94433   355463    32363   667697    32237   667817    32057   668033    26783   667577   605573   101627    39953   405497    47093   576287   127703   625913   320303   613013   160739   530237   115127   692753   132947   476477   232307   527453    50849   504563   275573
   275459   504593    50789   527489   232109   476513   132863   692927   115013   530339   160697   613163   320219   625979   127649   576299    46889   405527    39839    97463   352049   102203   597929   101957   598127   101363   598727   101207   599069    99713   597689   602543   660167   294479   653117   123707   572357    74027   379787    86843   539309   169667   584993     7079   567143   223493   467897   172517   649217   195413   424547
   424559   195407   649283   172373   467903   223403   567257     7043   585317   169493   539507    86837   379853    73973   572399   123323   653153   293459   657473   352193   104693   595547   104393   595709   103997   596027   103913   596117   103643   596423   102107   595277    42533   406547    46853   576683   127607   626033   320153   613169   160499   530513   114689   692963   132749   476603   232103   527633    50723   504599   275447
   275339   504617    50627   527699   232079   476639   132623   693089   114593   530549   160373   613253   320027   626063   127583   577043    46649   398759   350663    42467   657707    42227   657809    42179   657983    41927   658127    41759   658277    41687   658379    41357   657497   301247   653357   122963   572423    73943   379979    86753   539633   169457   585413     6917   567383   223367   467927   172307   649379   195389   424667
   424967   195329   649457   172217   468059   223253   567569     6869   585587   169409   539639    86579   379997    73859   572519   586349   626363   353867   299147   400943   298937   401417   298049   401993   297953   402197   297707   402383   297503   402923   296909   403163   294317   400643    73643   113657   127487   626147   320009   613427   160367   530597   114419   693137   132437   476753   231947   527789    50549   504677   275039
   275003   504929    50387   527909   231893   476759   132347   693149   114329   530693   160343   613607   319817   626159   600167    93683   365129    59999   640049    59879   640259    59699   640589    59393   640649    59273   640847    59063   641093    58727   641327    58427   641639    44159   639857   606323    99839    73847   380189    86399   539663   169313   585677     6857   567659   223247   468113   172097   649619   195077   425003
   425189   195053   649643   171869   468473   222857   567719     6827   585737   169199   539687    86369   380327   628757    84737   366683   127163   572867   127103   572927   127037   573179   126743   573647   126143   573899   125897   574289   125639   574619   125339   574703   125207   574913   109433   572633   615269    71249   319679   613637   160319   530807   114269   693179   132287   477149   231533   528137    50363   504953   274817
   274709   504983    50207   528299   231479   477293   132059   693317   114167   531143   160169   613763   319547    65327   351587   141719   558497   141443   558827   140939   559343   140639   559529   140423   569189   130769   569417   130343   569747   130079   570047   129893   570413   129587   570467   128969   558203   634679   380459    86243   539837   168863   585839     6689   567947   222713   468527   171707   649799   195023   425297
   425309   194933   649829   171383   468647   222647   568097     6653   585863   168803   539843   614693   428843   351929    78977   621113    78779   621353    78479   621833    78137   622073    77849   622493    77477   622637    77213   623003    76949   623327    76289   623723    75797   624233    75659   624467    75269   621017   271163    85313   160163   531203   114143   693353   131909   477359   231359   528623    50177   505073   274697
   274583   505139    50129   528707   231323   477677   131639   693437   114089   531263   540233    79847   296969   325943   374117   325883   374333   325607   374687   325217   374819   325019   375029   324893   375233   324647   375413   324557   375509   324473   375569   324299   376049   323879   376307   323537   376757   377393   373943   620159   159773   168743   585917     6569   568367   222329   468683   171299   649877   194867   425423
   425489   194819   649937   171077   468737   222197   568643     6473   586037   531983   147827   351479    91577   608609    91373   608843    91019   609143    90833   609359    90599   609533    90407   609743    90227   609803    90197   609989    89849   610187    89597   610439    89387   610703    89273   610817    89087   611069    88523   608423   552179   168023   113969   693533   131363   477809   231269   528929    50069   505187   274517
   274457   505277    49823   529049   231107   477857   131297   693677   587753   160967   355049   168143   531977   167729   532373   167627   532523   167267   532757   167099   532919   166973   533303   166679   533363   166457   533747   166169   533963   166013   534059   165833   534473   165083   535019   164837   535529   164309   535727   161807   531287   539039   112253     6329   568709   222149   468899   170957   650183   194729   425549
   425603   194723   650477   170777   468953   222107   568877     5519   102407   351653   185693   514523   185477   514637   185363   514739   185183   514853   185057   515279   184649   515429   184487   515597   184133   515993   183797   516293   183683   516437   183389   516623   183317   516839   183059   516959   182933   517079   182789   517367   182603   514187   597599   694487   131129   477899   231053   529229    49529   505283   274403
   274223   505319    49523   529637   230969   477947   129263   685637   354317   121229   578999   120899   579239   120503   579533   120299   579713   120233   580259   119633   580379   119429   580763   119087   581099   118673   581549   118409   581663   118277   581753   118163   582017   117839   582173   117797   582227   117497   582563   117329   582737   115133   578693    14369   570743   222059   469037   170369   650483   194687   425783
   425819   194483   650543   169943   469439   482753   559277   353657    12689   687359    12569   687593    12323   687737    12239   687779    12197   687893    11939   688073    11909   688139    11789   688223    11369   688733    11243   688889    11027   689033    10739   689393    10313   689867    10133   689903     9887   690377     9587   690467     9497   690533     7907   687107   140729   217253   230567   530063    49463   505523   274187
   274103   505919    49193   530087   469793   458747   354533   140333   559709   140207   559883   139883   560297   139547   560597   139367   560837   139133   560897   139067   561047   138923   561359   138629   561389   138587   561599   138239   561797   138197   561947   137999   562283   137699   562409   137567   562607   137393   562703   136889   563357   136559   563543   133439   559667   241259   230213   169919   650813   194087   425903
   425987   194057   650987   530297   213329   101999   230357   470207   229763   470279   229703   470453   229409   470663   229223   470867   228869   471209   228707   471389   228539   471749   228203   471893   228077   472133   227537   472643   227207   472817   227159   472859   226553   473519   226427   473597   226283   473789   226007   474017   225977   474197   225569   474479   476183   469613   486677   169709    49019   505949   274019
   273929   505979   651239   509603   359069   240959   459113   240797   459383   240257   459803   239933   460127   239849   460373   239597   460463   239417   460619   239333   460709   239087   460937   239027   461147   238709   461333   238499   461609   238313   461843   237857   462239   237563   462719   237233   462827   237143   462953   236723   463433   236549   463787   236087   464129   229589   458993   190403    48767   194027   426077
   426233   192407    38327     2789   180497   519587   179939   520103   179813   520313   179657   520427   179573   520649   179327   520763   178853   521309   178643   521393   178559   521519   178469   521567   178403   521657   178187   521879   178103   522113   177839   522383   177383   522659   177269   522749   177167   523307   176573   523637   176333   523763   176213   523847   176129   524057   525353   519383   661679   507599   273773
   273653   489743   353453    57809   642233    57587   642623    57269   642833    57107   642947    56963   643199    56633   643463    56453   643589    56123   643919    55997   644057    55889   644519    55457   644669    55259   644789    55163   644933    54983   645137    54773   645383    54563   645467    54503   645629    54323   645713    54269   645839    53993   646067    53849   646193    53699   646397    52529   641897   210263   426353
   560039   359837   204233   495899   204059   495959   204023   496007   203843   496343   203579   496889   203057   497117   202667   497597   202403   497663   202277   497957   201953   498209   201449   498647   201203   499139   200723   499349   200609   499493   200483   499649   200153   499943   200033   500153   199673   500369   199523   500519   199403   500693   199049   501029   198929   501173   198719   501317   191447   495707   139967
   208877   283463   416873   282917   417173   282767   417293   282389   417623   282287   417839   282143   417947   282053   418073   281927   418157   281837   418199   281747   418289   281669   418343   281579   418667   281297   418763   281207   418889   280949   419147   280817   419303   280589   419423   280547   419597   280253   419777   279977   420149   279689   420593   279407   420677   279269   420803   279029   421103   422369   416399
