   298013   402053   297809   402299   297623   402503   297083   403037   296909   403163   296753   403499   296249   403877   296117   403979   295517   404693   295187   404969   294659   405497   294479   405659   294317   405827   294149   405947   293603   406499   293459   406649   293147   406883   293099   407489   292427   407639   292283   407783   292037   408137   291833   408263   291569   408497   291443   408713   291287   287849   467699
   409007   213713   486407   213557   486539   213329   486797   213173   486977   212999   487133   212579   487637   212297   487889   211997   488057   211493   488573   211403   488633   211319   488723   211247   488909   210827   489197   210599   489449   210527   489539   210347   489689   210263   489833   209987   490169   209639   490463   209147   490967   208877   491219   208673   491339   208589   491429   208469   208223   631307   290999
   290963   491627    67853   632273    67709   632327    67559   632459    67523   632699    67289   633197    66797   633257    66629   633473    66509   633623    66377   633767    66173   633923    65993   634079    65837   634307    65633   634397    65357   634679    65213   634859    65063   634979    65003   635087    64667   635507    64439   635603    64157   635939    64037   636149    63743   636287    63647   639857   344207   208379   409043
   409337   208367   636407   192263   507953   191969   508103   191783   508259   191657   508499   191447   508709   191189   508973   190979   509297   190613   509429   190529   509603   190313   509723   190097   510077   189437   510617   189239   510989   188843   511487   188483   511703   188249   511859   187469   512543   187433   512597   187349   512843   186959   513059   186869   513353   186587   184727   675977    63599   491639   290669
   290657   491669    63533   513767   254699   445799   254039   446003   253919   446273   253607   446657   253247   447107   252887   447137   252827   447683   251939   448367   251609   448829   251099   449003   250889   449153   250703   449333   250643   449663   250307   449807   250043   450083   249797   450227   249749   450413   249533   450503   249449   450587   249329   450719   249107   248909   548453   186239   636473   208337   409349
   409379   208217   636533   186107   450917   242453   457607   242309   457913   241979   458123   241817   458327   241643   458543   241343   458669   241259   458879   241049   458993   240959   459113   240797   459383   240257   459803   239933   460127   239849   460373   239597   460463   239417   460619   239333   460709   239087   460937   239027   461147   238709   461333   238499   464483   345263   249089   513899    63473   491789   290627
   290489   491867    63467   514013   248903   461609   152297   547787   152189   547823   152003   548039   151937   548123   151817   548363   151607   548489   151253   548837   151163   548957   150503   549509   150473   549623   150323   549707   150287   549767   149867   550169   149717   550379   149579   550607   149249   550937   149033   551093   148667   551489   148457   552899   347099   238397   451103   185993   636539   208139   409517
   409817   208037   636563   185957   451397   238313   551813    22859   677309    22619   677639    22349   677813    22079   678077    21803   678407    21569   678599    21347   678779    21017   679067    20879   679157    20543   679607    20297   679823    20177   679859    20123   680027    19793   680297    19553   680633    19013   681047    18917   681137    18839   688889   340169   148193   461693   248609   514049    63443   491969   290189
   290183   492053    63353   514103   248483   461843   148157   681257   132863   567257   132623   567569   132347   567719   132059   568097   131639   568643   131297   568877   130817   569417   130343   569747   130079   570047   129893   570413   129587   570467   129509   570509   129419   570659   129287   570743   129119   571019   128969   571133   128327   573263   346349    18749   551849   238163   451523   185903   636653   207953   409823
   409967   207947   636809   185819   452009   237857   551927    18713   571847   197159   502883   197033   503003   196799   503267   196709   503423   196523   503819   196043   504143   195809   504269   195527   504527   195443   504593   195407   504617   195329   504929   195053   504983   194933   505139   194819   505277   194723   505319   194483   193433   660683   128159   681293   148079   462149   247997   514187    63197   492059   290039
   289889   492083    63059   514313   247847   462239   148073   681419   128153   505919   180419   520067   179903   520313   179657   520427   179573   520649   179327   520763   178853   521309   178643   521393   178559   521519   178469   521567   178403   521657   178187   521879   178103   522113   177839   522383   177383   522659   177269   527909   342899   194087   571853    18587   551933   237767   452159   185693   636947   207923   410117
   410243   207629   637067   185483   452393   237563   552029    18443   571973   194057   522749   103079   596963   102953   597209   102653   597419   102533   597599   102329   597689   102203   597899   102077   598007   101957   598127   101627   598643   101279   598799   100937   599153   100733   599303   100493   599537   100403   603257   345227   177257   505949   128033   681563   147977   462443   247613   514523    62939   492377   289763
   289727   492413    62927   514529   247553   462719   147827   681677   127979   505979   177167   599663   338543   361637   338279   361769   338213   361799   338033   361979   337907   362147   337793   362309   337349   362693   337283   363017   336887   363149   336827   363317   336437   363767   336059   363977   335879   335009   378023   100343   522839   194027   572027    18329   552179   237287   452453   185477   637079   207593   410279
   410687   207443   637283   185369   452597   237233   552263    18287   572093   193859   523307   100313   364193    90017   610157    89819   610409    89567   610619    89303   610733    89189   610919    88937   611189    88799   611213    88547   611483    88463   611837    88079   611969    88007   612137    87833   612497   348353   335813   599693   176699   506147   127913   681719   147743   462773   247409   514637    62723   492563   289319
   289103   492629    62687   514643   247193   462827   147689   681773   127703   506213   176573   600167   335693   612263   153437   546599   153287   546869   153113   546947   152909   547223   152777   547487   152429   547583   152363   556487   143243   556943   142979   557033   142949   557273   142697   576119   321323    87743   364313    99839   523433   193793   572303    18233   552317   237179   452813   185363   637319   207377   410903
   411167   207287   637379   185267   453107   237143   552659    17957   572357   193679   523637    99767   364337    87629   557537   139967   560123   139709   560459   139409   560639   139169   560873   139109   560939   138959   561083   138647   561377   138617   561419   138407   561767   138209   578483   332699   142469   612377   335669   600239   176369   506327   127649   682049   147347   462863   246899   514739    62627   492719   288839
   288773   492893    62597   514823   246809   462953   147299   682259   127607   506357   176333   600293   335633   612383   142433   561809    70439   629807    70163   629927    70067   629987    69899   630197    69653   630467    69317   630803    69143   631013    68819   631229    68597   632123   348407   138197   557573    87623   364373    99713   523673   193649   572399    17747   552707   237053   453197   185183   637409   207113   411233
   411479   206993   637499   185153   453293   236723   552809    17729   572423   193469   523763    99689   364499    87293   557789   138059   631529   310187   389957   309929   390107   309797   390407   309503   390527   309359   390737   309137   391067   308933   391283   308639   392669   347813    68477   561947   142217   612713   335507   600317   176243   506537   127583   682277   147197   463283   246713   514853    62507   493013   288527
   288389   493067    62477   514949   246689   463433   147089   682337   127487   506843   176213   600659   335123   612923   142019   562007    68447   391487    53939   646157    53699   646397    53117   646913    53069   647033    52967   647069    52889   647147    52817   647489   349343   308519   631559   137999   557987    87083   364883    99347   523793   193163   572519    17669   552917   236573   453317   185057   637529   206939   411617
   411779   206897   637709   184649   453797   236549   553073    17579   572633   193133   523847    99317   365129    86993   558203   137723   631859   308327   647333   116279   583733   116009   584027   115853   584183   115757   584279   115613   584417   115343   584993   349553    52673   391679    68147   562283   141803   613013   334877   600689   176159   506873   127373   682427   146933   463457   246209   515357    62297   493109   288227
   287939   493127    62219   515429   246173   463787   146777   682673   127163   506963   176129   600833   334793   613163   141719   562307    59063   391757    52553   584873   114089   586037   113933   586349   113513   586589   113327   586793   113027   590627   345749   115133   647453   308249   640943   137699   558287    86843   365213    99173   523877   193043   572843    17333   553229   236219   453833   184577   637787   206879   412067
   412073   206813   637817   184487   454109   236087   553463    17327   572867   193013   524057    99149   365369    86837   558497   137597   641093   308117   647477   115127   587087    42737   657323    42533   657497    42299   657779    42197   661439   346223   112919   584879    52529   391889    58913   562409   141509   613169   334637   600857   175949   506993   127139   682679   146543   463919   245897   515519    62189   493193   287933
   287873   493403    61703   515597   245759   464129   146477   683303   127103   507029   175919   600983   334493   613253   141443   562439    58727   392087    52379   585317   112577   657827   280949   419147   280817   419303   280589   419423   349793    42179   587429   114689   647627   307919   641279   137567   558563    86753   365513    99023   524087   192977   572903    16703   553529   235877   454247   184409   638303   206603   412133
   412193   206543   638423   184133   454253   235793   553583    16649   572927   192887   524507    98963   365627    86579   558827   137399   641327   307583   647693   114593   587603    42023   419459    39953   660119    39869   661547   348527   280547   657983   112403   585413    52313   392423    58679   562607   141179   613427   334379   601043   175499   507119   127079   683357   146423   464213   245753   515873    61583   493463   287813
   287549   493523    61553   515993   245627   464327   146417   683453   127037   507329   175067   601067   334247   613607   140939   562613    58427   392477    52259   585587   112337   658079   280409   660167   107873   617699   324437    39839   419597    41927   587669   114419   647747   307529   641579   137393   559067    86399   365759    98939   524939   192677   572969    16553   553589   235679   454379   184013   638453   206483   412457
   412619   206399   638459   183797   454823   235559   553733    16529   573179   192407   525017    98927   366077    86369   559277   137303   641639   307283   647753   114329   587753    41879   419753   660887   566567   350003   133439    39119   280253   658127   112253   585677    52253   392723    58367   562703   140729   613637   333929   601079   174989   507599   126827   683477   146273   464447   245183   516209    61547   493607   287387
   287057   493733    61343   516293   245087   464699   146249   683513   126359   517619   174749   601379   333779   613763   140663   563117    58217   392837    52223   585737   112019   658247   422789    37529   375569    82307   592133   662477   277217    41759   587987   114269   647783   307169   641789   136889   559343    86243   366227    98627   525257   182387   573647    16493   553757   235307   454919   183713   638663   206273   412949
   413033   206153   638999   183683   454967   235043   554207    16319   573863   182057   525353    98519   366269    86117   559367   136649   641813   307079   648029   114167   588113   658403   276449   351479    39887   660137    38459   660053   423557    41603   111893   585839    51977   392927    58193   563357   140639   613889   333737   601487   174653   517949   126143   683687   145799   464963   245039   516323    61007   493853   286973
   286763   493937    60953   516437   245033   464993   145703   683777   126107   518249   174413   601883   333719   614153   140477   563447    58109   393059    51899   585863   589439    37049   350213   280859   419189   280703   419417   280583   419057   662957   110567   114143   648107   306947   641897   136559   559529    85853   366287    98123   525593   181757   573899    16229   554303   235013   454973   183569   639053   206069   413243
   413417   206039   639083   183389   455219   235007   554417    16223   574109   181619   525599    98057   366293    85829   559667   136463   642197   306749   648239   607307   104759   353783    42683   657473    42509   657707    42227   657809    38567   657269   595247    92699    51767   393257    57809   563543   140339   614177   333713   601949   174407   518387   125897   683783   145589   464999   244787   516617    60923   493967   286589
   286469   493973    60869   516623   244667   465089   145433   683789   125717   518597   174329   602033   333623   614387   140333   563663    57773   393299   649829    90407   354257   113969   586073   113657   586493   113417   586679   113213   586979   109379   585917   609599    50177   306707   642233   136343   559673    85619   366383    97973   525677   181409   574289    16217   554573   234917   455339   183383   639137   206033   413537
   413579   206027   639269   183317   455513   234833   554699    16187   574367   181277   525809    97967   366467    85523   559709   136193   642419   393587    47777   350453   116273   583997   115979   584153   115823   584249   115727   584393   115589   584663   115013   583727   652229   306419    57587   563813   140297   614483   333539   602039   174197   518729   125639   683819   145307   465173   244493   516689    60737   493979   286427
   286199   494069    60443   516839   244403   465293   145259   683909   125387   518807   174137   602087   333323   614693   140207   564359   652913   301943   350663    53849   646307    53609   646889    53093   646937    52973   647039    52937   647117    52859   647189    52517   646067   398063    47093   135647   559799    85313   366683    97919   525869   181199   574619    16097   554747   234713   455603   183167   639563   205937   413807
   414053   205913   639689   183059   455627   234599   554753    16073   574667   181193   526037    97673   366983    85247   559883   567053    42467   352193   310049   390077   309899   390209   309599   390503   309479   390647   309269   390869   308939   391073   308723   391367   307337   389819   657539   132953   140123   614759   333023   602333   173969   518813   125339   683933   145253   465407   244379   516947    60317   494093   285953
   285827   494387    60293   516959   244217   465419   145037   683939   125303   519227   173933   602453   332987   615137   566723   112589   351599    70199   629843    70079   629939    70019   630107    69809   630353    69539   630689    69203   630863    68993   631187    68777   631409    67883   629567   587417   133283    84869   367019    97553   526073   180779   574703    16067   554969   234587   455789   183047   639713   205619   414179
   414467   205487   639839   182933   455849   234197   555119    15887   574799   180749   526139    97463   367277   616787    92237   367307   139883   560297   139547   560597   139367   560837   139133   560897   139067   561047   138923   561359   138629   561389   138587   561599   138239   561797   121523   560039   607769    83219   332729   602543   173867   519257   125207   684119   144887   465809   244157   517073    60167   494519   285539
   285377   494609    59999   517079   243857   465917   144839   684239   125093   519359   173807   602627   369659    77477   378683   153407   546719   153137   546893   153059   547097   152783   547229   152519   547577   152423   547643   143519   556763   143063   557027   142973   557057   142733   557309   123887   546569   622529   330347    97379   526199   180647   574913    15767   555167   234089   456149   182927   640007   205397   414629
   414779   205319   640049   182789   456167   234029   555287    15737   575027   180623   526223    96779   353963   351653    89849   610187    89597   610439    89387   610703    89273   610817    89087   611069    88817   611207    88793   611459    88523   611543    88169   611927    88037   611999    87869   612173    87509   609989   346043   603227   173783   519383   124979   684269   144719   465977   243839   517217    59957   494687   285227
   285113   494699    59879   517367   243239   466247   144413   684647   124919   519509   528137   593519   321983   338369   361727   338237   361793   338207   361973   338027   362099   337859   362213   337697   362657   337313   362723   336989   363119   336857   363179   336689   363569   336239   363947   336029   364127   364997   361463   106487   171869   180497   575087    15359   555593   233759   456767   182639   640127   205307   414893
   415109   205223   640259   182603   456809   233489   555683    15233   575153   520193   159617   354779   103043   597053   102797   597353   102587   597473   102407   597677   102317   597803   102107   597929   101999   598049   101879   598379   101363   598727   101207   599069   100853   599273   100703   599513   100469   599603    96749   596927   540389   179813   124853   684773   144323   466517   243197   517403    59747   494783   284897
   284819   494849    59699   517457   242867   466649   144299   684857   577397   475403   357107   179939   520103   179693   520349   179579   520433   179357   520679   179243   521153   178697   521363   178613   521447   178487   521537   178439   521603   178349   521819   178127   521903   177893   522167   177623   522623   177347   522737   172097   519587   224603   122609    15149   555707   233357   457139   182549   640307   205157   415187
   415517   205133   640589   182537   457277   232823   556007    10103   112787    39323   197123   502973   197003   503207   196739   503297   196583   503483   196187   503963   195863   504197   195737   504479   195479   504563   195413   504599   195389   504677   195077   504953   195023   505073   194867   505187   194729   505283   194687   505523   506573   502847   587219   689903   143999   467183   242729   517469    59417   494873   284489
   284483   494903    59393   517487   242639   467297   559583   673619   353657   132749   567383   132437   567659   132287   567947   131909   568367   131363   568709   131129   569189   130589   569663   130259   569927   129959   570113   129593   570419   129539   570497   129497   570587   129347   570719   129263   570887   128987   571037   128873   571679   126743   567143    26387   140423   232709   457367   182519   640613   205103   415523
   415559   205019   640649   182453   457403   467399   130769   359837    22697   677387    22367   677657    22193   677927    21929   678203    21599   678437    21407   678659    21227   678989    20939   679127    20849   679463    20399   679709    20183   679829    20147   679883    19979   680213    19709   680453    19373   680993    18959   681089    18869   681167    11117   677147   569237   232607   242603   517553    59357   494987   284447
   284429   495119    59273   517589   242447   221219   352907   152219   547817   152183   548003   151967   548069   151883   548189   151643   548399   151517   548753   151169   548843   151049   549503   150497   549533   150383   549683   150299   549719   150239   550139   149837   550289   149627   550427   149399   550757   149069   550973   148913   551339   148517   551549   147107   547709   478787   457559   182417   640733   204887   415577
   415949   204857   640847   517877   646859   354743   242399   457697   242093   458027   241883   458189   241679   458363   241463   458663   241337   458747   241127   458957   241013   459047   240893   459209   240623   459749   240203   460073   239879   460157   239633   460409   239543   460589   239387   460673   239297   460919   239069   460979   238859   461297   238673   461507   235523   457553    53147   182129    59159   495149   284057
   283859   495449   646193   500693   151553   254207   445967   254003   446087   253733   446399   253349   446759   252899   447119   252869   447179   252323   448067   251639   448397   251177   448907   251003   449117   250853   449303   250673   449363   250343   449699   250199   449963   249923   450209   249779   450257   249593   450473   249503   450557   249419   450677   249287   450899   451097   445307   199313    53813   204557   416147
   416243   497663    41357    24029   192053   508037   191903   508223   191747   508349   191507   508559   191297   508817   191033   509027   190709   509393   190577   509477   190403   509693   190283   509909   189929   510569   189389   510767   189017   511163   188519   511523   188303   511757   188147   512537   187463   512573   187409   512657   187163   513047   186947   513137   186653   513419   515279   507743   658649   202343   283763
   418343   476249   355799    67733   632297    67679   632447    67547   632483    67307   632717    66809   633209    66749   633377    66533   633497    66383   633629    66239   633833    66083   634013    65927   634169    65699   634373    65609   634649    65327   634793    65147   634943    65027   635003    64919   635339    64499   635567    64403   635849    64067   635969    63857   636263    63719   636359    60149   632153   223757   281663
   388109    68699   213599   486449   213467   486677   213209   486833   213029   487007   212873   487427   212369   487709   212117   488009   211949   488513   211433   488603   211373   488687   211283   488759   211097   489179   210809   489407   210557   489479   210467   489659   210317   489743   210173   490019   209837   490367   209543   490859   209039   491129   208787   491333   208667   491417   208577   491537   491783   486293   311897
   232307   297953   402197   297707   402383   297503   402923   296969   403097   296843   403253   296507   403757   296129   403889   296027   404489   295313   404819   295037   405347   294509   405527   294347   405689   294179   405857   294059   406403   293507   406547   293357   406859   293123   406907   292517   407579   292367   407723   292223   407969   291869   408173   291743   408437   291509   408563   291293   408719   412157   401993
