   292517   407579   292367   407723   292223   407969   291869   408173   291743   408437   291509   408563   291293   408719   290999   409043   290669   409349   290627   409517   290189   409823   290039   410117   289763   410279   289319   410903   288839   411233   288527   411617   288227   412067   287933   412133   287849   412193   287549   412619   287057   413033   286763   413417   286469   413579   286199   414053   285827   284897   476753
   414467   209837   490367   209543   490859   209039   491129   208787   491333   208667   491417   208577   491537   208379   491639   208337   491783   208217   491867   208037   492053   207947   492083   207629   492413   207443   492629   207287   492893   206993   493067   206897   493127   206813   493403   206543   493523   206399   493733   206153   493937   206039   493973   206027   494069   205913   494387   205487   205397   636539   285539
   285377   494687    64499   635567    64403   635849    64067   635969    63857   636263    63719   636359    63599   636473    63473   636563    63353   636809    63059   637067    62927   637283    62687   637379    62597   637499    62477   637709    62219   637817    61703   638423    61553   638459    61343   638999    60953   639083    60869   639269    60443   639689    60293   639839    60149   640007    59957   644669   342899   205319   414629
   414779   205307   640127   187433   512597   187349   512843   186959   513059   186869   513353   186587   513767   186107   514013   185957   514103   185819   514313   185483   514529   185369   514643   185267   514823   185153   514949   184727   515357   184577   515519   184409   515873   184013   516209   183713   516323   183569   516617   183383   516689   183167   516947   183047   517073   182927   182603   682049    59879   494699   285227
   285113   494783    59747   517217   249533   450503   249449   450587   249329   450719   249107   450917   248909   451103   248609   451523   247997   452159   247613   452453   247409   452813   246899   453197   246713   453317   246209   453833   245897   454247   245753   454379   245183   454919   245039   454973   244787   455339   244493   455603   244379   455789   244157   456149   243839   239387   564917   182789   640259   205223   414893
   415187   205157   640307   182639   456767   239069   460979   238859   461297   238673   461507   238397   461693   238163   462149   237767   462443   237287   462773   237143   462953   236723   463433   236549   463787   236087   464129   235793   464327   235559   464483   235307   464963   235013   464999   234917   465173   234713   465407   234587   465809   234089   465977   233759   467699   345689   243239   517367    59699   494849   284819
   284489   494873    59417   517457   243197   466517   148667   551489   148457   551813   148157   551927   148073   552029   147827   552263   147689   552659   147299   552809   147107   552917   146933   553229   146543   553529   146423   553589   146273   553757   145799   554303   145589   554573   145307   554747   145253   554969   144887   555167   144719   555593   144323   558203   345227   233489   456809   182549   640589   205133   415517
   415523   205103   640613   182537   457139   233357   555707    18839   681257    18713   681419    18443   681677    18287   681773    17747   682277    17669   682427    17333   682679    16703   683357    16553   683477    16493   683687    16229   683783    16217   683819    16097   683933    16067   684119    15767   684269    15359   684773    15149   684869    15083   686669   347099   144299   466649   242867   517469    59393   494903   284483
   284447   494987    59357   517487   242729   467183   143999   684989   128033   572027   127913   572303   127649   572399   127583   572519   127163   572867   127103   572927   127037   573179   126743   573647   126143   573899   125897   574289   125639   574619   125339   574703   125207   574913   124979   575087   124853   575213   124703   575429   124493   602999   320609    15017   556007   232823   457277   182519   640649   205019   415559
   415577   204887   640733   182453   457367   232709   556487    14897   575573   193793   506327   193649   506537   193433   506843   193133   506963   193013   507029   192887   507329   192407   507743   192053   508037   191903   508223   191747   508349   191507   508559   191297   508817   191033   509027   190709   509393   190577   509477   190403   509693   348209   124433   685109   143519   467297   242639   517553    59273   495119   284429
   284057   495149    59159   517589   242603   467399   143243   685247   124427   509723   176369   523673   176243   523793   176159   523877   175949   524087   175499   524939   174989   525257   174653   525593   174407   525677   174197   525869   173969   526073   173867   526223   173699   526649   173297   526733   173267   526829   172883   549767   325607   190283   575579    14759   556763   232607   457403   182417   640847   204857   415949
   416147   204557   640943   182387   457553   232499   556943    14669   575669   190097   527129    99317   600833    99149   600983    98963   601067    98927   601379    98519   601883    98057   602033    97967   602087    97673   602453    97463   602627    97367   603047    96857   603209    96779   603257    96443   603947    96017   604727   347057   172877   509909   124337   685337   143063   467507   242453   517619    59063   495449   283859
   283763   495563    58913   517877   242447   467549   142979   685367   124139   510077   172673   604223   334493   365627   334247   366077   333779   366269   333719   366293   333623   366467   333323   366983   332987   367277   332699   367559   332393   367733   332183   367889   331907   368117   331553   368729   331217   328829   388109    95783   527333   189929   575867    14639   557027   232457   457559   182129   641093   204443   416243
   416399   204437   641279   182057   457607   232109   557033    14369   576119   189437   527399    95747   369023    86369   613763    85853   614177    85619   614483    85313   614759    84869   615269    84509   615539    84449   615599    84389   615743    84239   615827    84137   616073    83903   616229    83717   616829   348419   330983   604259   172607   510569   123887   685637   142973   467897   242399   517949    58727   495569   283607
   283463   495629    58679   518249   242309   467903   142949   685679   123803   510617   172553   604613   330887   616367   150287   550139   149837   550289   149627   550427   149399   550757   149069   550973   148913   560873   139109   560939   138959   561083   138647   561377   138617   561419   138407   581333   319589    83639   369119    95393   527453   189389   576203    14327   557057   232103   457697   181757   641327   204377   416543
   416873   204359   641579   181619   457913   232079   557273    14033   576287   189239   527489    95273   369353    83597   561767   135599   564617   135353   564797   135017   565337   134489   565589   134369   565667   134219   565793   134087   565973   133949   566273   133439   566723   132947   567383   348443   138239   616409   330653   604733   172517   510767   123719   685973   142733   467927   242093   518387    58427   495647   283133
   282917   495707    58367   518597   241979   468059   142697   686009   123707   510989   172373   604787   330587   616529   138209   567143    66377   633767    66173   633923    65993   634079    65837   634307    65633   634397    65357   634679    65213   634859    65063   634979    65003   647069   337349   132863   561797    83477   369419    95219   527633   189017   576299    13997   557309   231947   458027   181409   641639   204299   417089
   417173   204233   641789   181277   458123   231893   557537    13967   576683   188843   527699    95177   369647    83459   561809   132749   635087   306029   394007   305933   394157   305783   394367   305597   394523   305477   394637   305363   394739   305219   395027   304937   396323   347933    64919   567257   138197   616547   330359   604829   172307   511163   123323   686039   142469   468113   241883   518729    58217   495773   282833
   282767   495899    58193   518807   241817   468473   142433   686099   122963   511487   172217   604997   330347   616589   138059   567569    64667   395159    50177   649877    50069   650183    49529   650483    49463   650813    49019   651017    48767   651473    48497   676979   323699   304847   635339   132437   561947    83417   369659    95009   527789   188519   577043    13907   557573   231533   458189   181199   641813   204107   417239
   417293   204059   641897   181193   458327   231479   557789    13829   577067   188483   527909    94889   369959    83219   562007   132347   645137   304763   651767   112403   587669   112019   588113   111833   588239   111659   588383   111497   588683   111269   592133   346139    48239   395243    54869   567659   137999   616787   330047   605117   172097   511523   122939   686177   142217   468527   241679   518813    58109   495947   282713
   282389   495959    57809   519227   241643   468647   142019   686453   122609   511703   171869   605393   329873   616799   137723   567719    54773   395453    48197   588743   109883   590489   109469   590573   109397   590627   109253   590867   108917   597899   342659   111263   651809   304553   645233   132287   562283    83207   370133    94613   528137   188303   577397    13553   557987   231359   458363   180779   642197   204047   417617
   417623   204023   642233   180749   458543   231323   558287    13487   577427   188249   528299    94529   370217    83063   562307   132059   645383   304349   652229   111227   591113    39503   660563    39323   660887    39113   660899    39089   661823   348827   108893   588779    47777   395657    54623   567947   137699   616943   329789   605477   171707   511757   122579   686519   141719   468683   241463   519257    57773   495983   282383
   282287   496007    57587   519359   241343   468737   141509   686639   122489   511859   171383   605543   329393   616997   137597   568097    54563   396203    47513   588953   108869   660983   277217   423053   276833   423179   276707   426773   346259    39023   591137   111053   652493   303803   645443   131909   562409    83009   370613    94463   528623   188147   577517    13367   558497   231269   458663   180647   642419   203999   417719
   417839   203843   642623   180623   458669   231107   558563    13217   577529   187469   528707    94433   370619    82757   562439   131639   645467   303767   652499   111029   591509    38903   423413    36857   663239    36599   665507   347813   276593   661103   108497   588977    47507   396239    54539   568367   137567   617249   329387   605573   171299   512537   122477   686789   141443   468899   241337   519383    57383   496163   282167
   282143   496343    57269   519509   241259   468953   141179   686843   122393   512543   171077   605609   329333   617387   137399   568643    54503   396293    47339   589187   108347   661139   276503   663539   103043   612173   334793    36467   423503    38867   591659   110819   652667   303713   645503   131363   562607    82619   370673    94397   528929   187463   577613    13163   558827   231053   458747   180497   642737   203663   417863
   417947   203579   642833   180419   458879   230969   559067    13127   577739   178349   529049    94169   370883    82559   562613   131297   645629   303593   652727   110597   591743    38747   423557   663653   581753   350003   118253    36353   276449   661259   108263   589409    47279   396413    54377   568709   137393   617447   329123   605837   170957   521657   122267   686879   140939   469037   241127   519587    57173   496427   282059
   282053   496889    57107   520067   241049   469439   140729   686897   122207   521819   170777   606083   328919   617537   137303   568877    54323   396509    47093   589439   108179   661439   423617    33773   365213    87833   596963   666233   276389    38567   591827   110567   652913   303497   645683   131129   562703    82469   371087    93923   529229   178187   577799    13109   559277   230567   458957   179939   642899   203117   417953
   418073   203057   642947   179903   458993   230393   559343    13043   577937   178127   529637    93893   371339    82349   563117   130817   645713   303473   653117   110477   592139   662867   271967   352193    36767   663407    34499   663149   428039    37139   107867   589529    46889   396533    54293   569189   136889   617657   328667   606113   170369   521879   122069   686963   140663   469613   241013   520103    57059   496949   281933
   281927   497117    56963   520193   240959   469649   140639   686969   122027   521903   169943   606323   328619   617699   136649   569237    54269   396629    46853   589877   106487    35267   353747   276953   423173   276827   423299   273233   422789   664739   593519   110129   653153   303377   645737   130769   563357    82307   371387    93683   530063   178103   577979    13037   559367   230357   459047   179813   643043   202889   418079
   418157   202667   643199   179693   459113   230213   559529    12983   578117   177893   530087    93563   371417    82163   563447   130589   645839   303293   653357   106823   584417   351179    39443   660683    39119   660893    39107   660917    38183   660503   115589   593183    46649   396713    54167   569417   136559   617843   328589   606443   169919   522113   121889   687023   140477   469793   240893   520313    56807   497339   281849
   281837   497597    56633   520349   240797   470207   140423   687083   121697   522167   169913   606449   328379   618053   136463   569663    53993   396719    46187   587417   357347   109517   590537   109433   590609   109379   590753   109139   591089   102107   590123   112589   653819   303287   646013   130343   563543    81953   371627    93557   530093   177839   578309    12923   559583   229799   459209   179657   643373   202409   418169
   418199   202403   643463   179579   459383   229763   559667    12899   578399   177623   530183    93503   371633    81749   563663   130259   646067   400559   624683   353867   112337   587987   111893   588173   111767   588347   111623   588509   111323   588737   107873   587603    75323   299447    53939   569747   136343   618257   328373   606503   169823   522383   121607   687107   140339   470243   240623   520427    56543   497603   281807
   281747   497663    56453   520433   240257   470279   140333   687317   121553   522623   169769   606527   328343   618269   136193   569927    53117   295187   376307    50129   649937    49823   650477    49523   650543    49193   650987    48989   651239    48533   651509    23027   649829   404819   646889   130079   563813    81737   371663    93479   530237   177383   578453    12689   559673   229727   459749   179573   643553   202343   418259
   418289   202277   643589   179357   459803   229703   559709    12647   578483   177347   530297    93419   371897    81677   564359   582017   622493   352073   305999   394073   305849   394223   305639   394409   305483   394529   305369   394643   305267   394787   304979   395069   303683   393977    77513   117989   135647   618329   328109   606587   169709   522659   121523   687359   140297   470303   240203   520649    56417   497729   281717
   281669   497957    56123   520679   239933   470417   140207   687437   121469   522737   169667   606743   328067   618377   567053   112253   362657    66239   633833    66083   634013    65927   634169    65699   634373    65609   634649    65327   634793    65147   634943    65027   635003    52937   633629   587753   132953    81629   371939    93263   530339   177269   578537    12569   559799   229589   460073   179327   643883   202049   418337
   418343   201953   643919   179243   460127   229553   559883    12413   578603   177257   530513    93047   371999   620237    89189   351563   135389   564653   135209   564989   134669   565517   134417   565637   134339   565787   134213   565919   134033   566057   133733   566567   133283   567059   132623   564407   610817    79769   328007   606959   169493   522749   121403   687593   140123   470453   239879   520763    56087   498053   281663
   281579   498209    55997   521153   239849   470597   139967   687683   121313   522839   169457   607049   375449    74687   380417   149867   550169   149717   550379   149579   550607   149249   550937   149033   551093   139133   560897   139067   561047   138923   561359   138629   561389   138587   561599   118673   549719   625319   324557    92957   530549   177167   578693    12323   560039   229409   460157   178853   644009   201797   418427
   418667   201449   644057   178697   460373   229343   560123    12269   578777   176699   530597   607307   357509   351587    86243   614153    85829   614387    85523   614693    85247   615137    84737   615497    84467   615557    84407   615617    84263   615767    84179   615869    83933   616103    83777   616289    83177   613637   342497    92699   169409   523307   121229   687737   139883   470663   239633   521309    55949   498557   281339
   281297   498647    55889   521363   239597   470783   139709   687767   121007   523433   166043    84533   311897   334379   365759   333929   366227   333737   366287   333713   366383   333539   366683   333023   367019   332729   367307   332447   367613   332273   367823   332117   368099   331889   368453   331277   368789   371177   365513   615473   533963   176573   578999    12239   560297   229223   460409   178643   644117   201359   418709
   418763   201203   644519   178613   460463   229139   560459    12227   579107   526199   504617   352949    99173   600857    99023   601043    98939   601079    98627   601487    98123   601949    97973   602039    97919   602333    97553   602543    97379   602639    96959   603149    96797   603227    96749   603563    96059   603989    95279   600689   195389   173807   120899   687779   139547   470867   239543   521393    55487   498803   281243
   281207   499139    55457   521447   239417   471137   139409   687809   579239   166679   374399   176333   523763   176213   523847   176129   524057   175919   524507   175067   525017   174749   525353   174413   525599   174329   525809   174137   526037   173933   526139   173783   526307   173357   526709   173273   526739   173177   527123   150239   523637   533327   120767    12197   560597   228869   460589   178559   644549   200867   418799
   418889   200723   644747   178487   460673   228797   560639   688073    86117   351797   193679   506357   193469   506573   193163   506873   193043   506993   192977   507119   192677   507599   192263   507953   191969   508103   191783   508259   191657   508499   191447   508709   191189   508973   190979   509297   190613   509429   190529   509603   190313   506213   613889    11933   139367   471209   239333   521519    55259   499283   281117
   280949   499349    55217   521537   239297   471299   560837     3929   379397   127979   572093   127703   572357   127607   572423   127487   572843   127139   572903   127079   572969   126827   573263   126359   573863   126107   574109   125717   574367   125387   574667   125303   574799   125093   575027   124919   575153   124793   575303   124577   575513    97007   571973   696077   139169   228707   460709   178469   644789   200657   419057
   419147   200609   644843   178439   460919   471803   127373   352907    18749   681293    18587   681563    18329   681719    18233   682259    17729   682337    17579   682673    17327   683303    16649   683453    16529   683513    16319   683777    16223   683789    16187   683909    16073   683939    15887   684239    15737   684647    15233   684857    15137   684923    13337   681167   572633   228203   239087   521567    55163   499397   280859
   280817   499493    55073   521603   237179   215279   354779   148517   551549   148193   551849   148079   551933   147977   552179   147743   552317   147347   552707   147197   552899   147089   553073   146777   553463   146477   553583   146417   553733   146249   554207   145703   554417   145433   554699   145259   554753   145037   555119   144839   555287   144413   555683   141803   551339   484727   462827   178403   644933   200513   419189
   419303   200483   645023   534923   669113   354317   239027   461147   238709   461333   238499   461609   238313   461843   237857   462239   237563   462719   237233   462863   237053   463283   236573   463457   236219   463919   235877   464213   235679   464447   235523   464699   235043   464993   235007   465089   234833   465293   234599   465419   234197   465917   234029   466247   232307   460937    30893   165083    54983   499523   280703
   280589   499649    53147   489659   135089   249503   450557   249419   450677   249287   450899   249089   451097   248903   451397   248483   452009   247847   452393   247553   452597   247193   453107   246809   453293   246689   453797   246173   454109   245759   454253   245627   454823   245087   454967   245033   455219   244667   455513   244403   455627   244217   455849   243857   456167   460619   450473   210347   646859   200357   419417
   419423   501503   632717    17957   187409   512657   187163   513047   186947   513137   186653   513419   186239   513899   185993   514049   185903   514187   185693   514523   185477   514637   185363   514739   185183   514853   185057   515279   184649   515429   184487   515597   184133   515993   183797   516293   183683   516437   183389   516623   183317   516839   183059   516959   182933   517079   517403   512573    67289   198503   280583
   277757   477677   357107    64439   635603    64157   635939    64037   636149    63743   636287    63647   636407    63533   636533    63443   636653    63197   636947    62939   637079    62723   637319    62627   637409    62507   637529    62297   637787    62189   638303    61583   638453    61547   638663    61007   639053    60923   639137    60737   639563    60317   639713    60167   639857    59999   640049    55337   635507   222329   422249
   539663    63467   209639   490463   209147   490967   208877   491219   208673   491339   208589   491429   208469   491627   208367   491669   208223   491789   208139   491969   207953   492059   207923   492377   207593   492563   207377   492719   207113   493013   206939   493109   206879   493193   206603   493463   206483   493607   206273   493853   206069   493967   206033   493979   205937   494093   205619   494519   494609   490169   160343
   223253   292427   407639   292283   407783   292037   408137   291833   408263   291569   408497   291443   408713   291287   409007   290963   409337   290657   409379   290489   409817   290183   409967   289889   410243   289727   410687   289103   411167   288773   411479   288389   411779   287939   412073   287873   412157   287813   412457   287387   412949   286973   413243   286589   413537   286427   413807   285953   414179   415109   407489
