    29429   670583    29387   670673    29243   670853    29129   671189    28703   671357    28403   671717    28277   671777    27947   672227    27689   672557    27239   672827    27143   673019    26849   673193    26783   673247    26693   673613    26387   673649    26339   673769    26189   674117    25847   674273    25643   674483    25469   674699    25247   674837    25127   675029    24923   675197    24767   675347    24593   675923   346553
   675593   304763   395453   304349   396203   303767   396293   303683   396413   303497   396533   303377   396713   303287   396887   303053   397037   302747   397283   302579   397433   302513   397547   302417   398063   301877   398213   301703   398357   301583   398543   301247   398933   300869   399149   300809   399227   300743   399689   300119   399983   300017   400199   299699   400559   299363   400859   299063   405527   341927    24413
    24179   401069   154073   545939   153953   546263   153689   546569   153407   546719   153137   546893   153059   547097   152783   547229   152519   547577   152423   547643   152297   547787   152189   547823   152003   548039   151937   548123   151817   548363   151607   548453   151517   548753   151169   548843   151049   549503   150497   549533   150383   549683   150299   549719   150239   550139   149837   553529   344039   298937   675827
   675929   298589   550289   277757   422363   277637   422459   277247   422789   276953   423173   276827   423299   276593   423503   276449   423617   276293   423749   276137   424007   275987   424037   275837   424223   275573   424547   275447   424667   275039   425003   274817   425297   274697   425423   274517   425549   274403   425783   274187   425903   274019   426077   273773   426287   273653   427439   347099   149717   401417    24077
    24029   401957   149627   426389   342647   357437   342497   357593   342347   357767   342197   358229   341729   358499   341339   358703   341273   358979   340979   359069   340877   359147   340709   359357   340169   360167   339749   360593   339257   360869   338993   361337   338573   361463   338369   361727   338237   361793   338207   361973   338027   362099   337859   362213   337697   329387   379997   273617   550379   298049   675977
   676217   298013   550427   273269   362657   332393   367733   332183   368099   331889   368453   331277   368789   330983   369119   330653   369419   330359   369659   330047   370133   329789   370613   329333   370883   328919   371177   328667   371387   328589   371627   328373   371663   328109   371939   328007   372023   327869   372167   327827   372269   327707   372377   327317   326147   394157   337349   426737   149579   401993    23789
    23753   402053   149399   426773   337313   372797   239417   460619   239333   460709   239087   460937   239027   461147   238709   461333   238499   461609   238313   461843   237857   462239   237563   462719   237233   462827   237143   462953   236723   463433   236549   463787   236087   464129   235793   464327   235559   464483   235307   464963   235013   464999   234917   465419   347513   327209   362693   273233   550607   297953   676253
   676259   297809   550757   273113   362723   327203   465173   102797   597353   102587   597473   102407   597677   102317   597803   102107   597929   101999   598049   101879   598379   101363   598727   101207   599069   100853   599273   100703   599513   100469   599603   100343   599693    99839   600239    99713   600317    99347   600689    99173   600857    99023   606443   342899   234833   372803   337283   426893   149249   402197    23747
    23669   402299   149069   427073   336989   373007   234713   601043   219797   480299   219689   480329   219587   480503   219437   480713   219017   481043   218873   481157   218627   481589   217907   482213   217697   482387   217499   482597   217319   482753   217169   483389   216233   483827   215939   484079   215723   484607   215393   484727   215273   210557   622157    98963   465293   326999   363017   272933   550937   297707   676337
   676373   297623   550973   272927   363119   326663   465407    98939   484853   282167   417863   282059   417953   281933   418079   281849   418169   281807   418259   281717   418337   281663   418427   281339   418709   281243   418799   281117   419057   280859   419189   280703   419417   280583   419459   280409   419753   280229   420029   279857   279407   489659   215153   601067   234599   373343   336887   427079   149033   402383    23633
    23537   402503   148913   427103   336857   373349   234197   601079   214943   420317   267557   432527   267419   433049   266933   433079   266687   433373   266333   433847   266129   433889   265757   434267   265709   434303   265619   434459   265193   434849   265079   435107   264827   435257   264743   435563   264437   435647   264353   435893   348209   279689   485063    98927   465809   326657   363149   272903   551093   297503   676469
   676589   297083   551339   272759   363179   326063   465917    98627   485123   279413   435839   192407   507743   192053   508037   191903   508223   191747   508349   191507   508559   191297   508973   190979   509297   190613   509429   190529   509603   190313   509723   190097   510077   189437   510617   189239   510989   188843   177167   682337   264167   420593   214883   601379   234089   373943   336827   427247   148667   402923    23417
    23357   403037   148517   427403   336689   374063   234029   601487   214589   420677   264083   511487    65927   634169    65699   634373    65609   634649    65327   634793    65147   634943    65027   635003    64919   635339    64499   635567    64403   635849    64067   635969    63857   636263    63719   636359    63599   636563   348443   188519   435923   279329   485417    98519   465977   325943   363317   272603   551489   296969   676649
   676679   296909   551549   272549   363569   325889   466247    98123   485447   279269   435947   188483   636473   178613   521447   178487   521537   178439   521603   178349   521819   178127   521903   177893   522167   177623   522623   177347   522737   177257   523307   176573   523637   176333   523763   176213   561389   310889    63533   511523   264059   420737   214559   601883   233759   374117   336437   427457   148457   403097    23327
    23279   403163   148193   427529   336239   374123   233489   601949   214463   420803   263909   511703    63473   523847   240893   459209   240623   459749   240203   460073   239879   460157   239633   460409   239543   470303   229589   470453   229409   470663   229223   470867   228869   471209   228707   226409   583997   176159   636533   188303   436097   279203   485543    98057   466517   325883   363767   272477   551813   296843   676727
   676919   296753   551849   272093   363947   325673   466649    97973   485567   279029   436157   188249   636539   176129   471389   225989   474029   225809   474479   225509   474503   225347   474707   225227   474839   225149   474917   225023   475037   224897   475289   224603   475427   224423   211097   613763   228617   523877    63467   511757   263849   420977   214439   602033   233357   374333   336059   427913   148157   403253    23087
    23063   403499   148079   427967   336029   374399   232823   602039   213887   421103   263723   511859    63353   524057   228539   475679   157523   542579   157259   542873   157019   542999   156719   543299   156623   543539   156347   543887   155783   544259   155087   544937   155027   574619   319679   224327   471467   175949   636653   188147   436283   278903   486119    97967   467183   325607   363977   272039   551927   296507   676943
   676967   296249   551933   272009   364127   325319   467297    97919   486179   278843   436439   187469   636809   175919   471749   224309   545063    41879   658247    41729   658319    41627   658403    41519   658607    41357   658817    40847   659177    40583   659513    40283   662957   346187   154943   475697   228257   524087    63197   512537   263567   421163   213827   602087   232709   374687   335879   427997   148073   403757    23039
    23027   403877   147977   428003   335813   374789   232607   602333   213713   421397   263399   512543    63059   524507   228203   475877   154619   659843   138197   561947   137999   562283   137699   562409   137567   562607   137393   562703   136889   563357   136559   564359   348077    40163   545387   224129   471803   175499   636947   187463   436607   278609   486293    97673   467399   325217   364193   272003   552029   296129   676979
   677147   296117   552179   271967   364313   325187   467507    97553   486407   278489   436739   187433   637067   175067   471893   224033   545483    39953   563543   204377   495647   204299   495773   204107   495947   204047   495983   203999   496163   203663   501077   344957   136463   660053   154523   475973   228113   524939    62939   512573   263267   421517   213599   602453   232499   374819   335693   428039   147827   403889    22859
    22697   403979   147743   428177   335669   374987   232457   602543   213557   421643   262853   512597    62927   525017   228077   476087   154247   660119   136343   496427   202049   498053   201797   498557   201359   498803   200867   499283   200657   196799   651809   203579   563663    39887   545759   223919   471929   174989   637079   187409   437153   278363   486449    97463   467549   325019   364337   271829   552263   296027   677309
   677387   295517   552317   271703   364373   324977   467699    97379   486539   278279   437273   187349   637283   174749   472133   223823   555683    39869   563813   203117   499397   125897   574289   125639   574667   125303   574799   125093   575513   348827   200609   496889   136193   660137   144323   476183   227873   525257    62723   512657   262733   421727   213467   602627   232307   375029   335633   428303   147689   404489    22619
    22367   404693   147347   428369   335507   375113   232109   602639   213329   421943   262649   512843    62687   525353   227537   476249   144299   660167   135599   496949   200513   575027    18329   681719    18233   682049    17747   687737   344207   124979   499493   203057   564407    39839   555707   223757   472469   174653   637319   187163   437357   278063   486677    97367   467897   324893   364499   271637   552659   295313   677639
   677657   295187   552707   271517   364883   324773   467903    97007   486797   277919   437363   186959   637379   174413   472643   223577   556007    39779   564617   202889   499523   124919   682277   122489   577529   122393   606527   321077    17729   575087   200483   497117   135389   660227   143999   476429   227363   525593    62627   513047   262643   422087   213209   602999   232103   375233   335123   428489   147299   404819    22349
    22193   404969   147197   428639   335009   375359   232079   603047   213173   431363   262313   513059    62597   525599   227207   476477   143519   660347   135353   497339   200357   575153    17579   577739   195863   567947   286199   122267   682427   124853   499649   202667   564653    39659   556487   223529   472799   174407   637409   186947   437693   268643   486833    96959   467927   324647   364997   271367   552809   295037   677813
   677927   294659   552899   271163   365129   324593   468059    96857   486977   268637   437753   186869   637499   174329   472817   223493   556763    39503   564797   202409   499853   124793   682673   580259   440339   350003   259667   119747    17333   575213   200153   497597   135209   660503   143243   476513   227189   525677    62507   513137   262253   431369   213029   603149   231947   375413   334877   428843   147107   405347    22079
    21929   405497   147089   429083   334793   375449   231893   603209   212999   431399   262187   513353    62477   525809   227159   476603   143063   660563   135089   497603   200063   575303   683477    90599   413807   132059   504143   609407    16529   124703   499943   202403   564917    39443   556943   223403   472847   174197   637529   186653   437819   268607   487007    96797   468113   324557   365213   270923   552917   294509   678077
   678203   294347   553073   270659   365369   324497   468473    96779   487133   268493   437867   186587   637709   174137   472859   223367   557027    39323   564989   202343   499973   124577     9887   378929   122477   577613    93479   577517   690119   575429   200033   497663   135017   660683   142979   476639   227147   525869    62297   513419   262139   431513   212873   603227   231533   375509   334637   429347   146933   405659    21803
    21599   405689   146777   429413   334493   375533   231479   603257   212579   431567   261977   513767    62219   526037   226553   476753   142973   660887   134669   497729   541439   573179   355799    18287   681773    17957   682259    12269   681677   126827   158567   202277   565337    39119   557033   223253   473453   173969   637787   186239   438029   268439   487427    96749   468527   324473   365513   270593   553229   294317   678407
   678437   294179   553463   270539   365627   324437   468647    96443   487637   268403   438047   186107   637817   173933   473519   223247   557057    39113   565517   198689   458669   351179   125717   574367   125339   574703   125207   574913   124493   574109   241337   501317   134489   660893   142949   476759   226487   526073    62189   513899   261959   431603   212369   603563   231359   375569   334379   429467   146543   405827    21569
    21407   405857   146423   429497   334247   375707   231323   603947   212297   431663   261773   514013    61703   526139   226427   477149   142733   660899   134213   495119    48197   201953   498209   201449   498647   201203   499139   200723   499349   503207   497957   204887   565793    39107   557273   222857   473579   173867   638303   185993   438233   268343   487709    96059   468683   324299   365759   270509   553583   294149   678599
   678659   294059   553589   270443   366077   323957   468737    96017   487889   268199   438419   185957   638423   173807   473723   222713   557309   661679   561377   355049   204359   495707   204233   495899   204059   495959   204023   496007   203843   496343   198929   495629   138629    38327   142697   477293   226283   526199    61583   514049   261587   431807   212117   603989   231269   376049   333929   429563   146417   405947    21347
    21227   406403   146273   429599   333779   376127   231107   604223   211997   431993   261563   514103    61553   526223   226217   477359   141719    32309   351929   138059   562007   137723   562307   137597   562439   137399   562613   137303   563117   136649   563447   135647   561809   667697   558287   222647   473789   173783   638453   185903   438443   268013   488009    95783   468899   323879   366227   270407   553733   293603   678779
   678989   293507   553757   270329   366269   323699   468953    95747   488057   267857   438989   185819   638459   173699   473999   502043   514643   353819    41759   658277    41687   658379    41603   658487    41399   658649    41189   659159    40829   659423    40493   659723    37049   658127   185363   197963   226007   526307    61547   514187   261017   432149   211949   604259   231053   376307   333737   429677   146249   406499    21017
    20939   406547   145799   429683   333719   376469   230969   604613   211493   432203   260999   514313    61343   526649   474437   458993   380327   157427   542747   157133   542987   157007   543287   156707   543383   156467   543659   156119   544223   155747   544919   155069   544979   125387   542483   241013   225569   173357   638663   185693   439007   267803   488513    95393   469037   323537   366287   270323   554207   293459   679067
   679127   293357   554303   270287   366293   323249   469439    95279   488573   267719   439133   185483   638999   527333   446087    86243   225977   474197   225527   474497   225503   474659   225299   474779   225167   474857   225089   474983   224969   475109   224717   475403   224579   475583   488909   474017   253919   172673    61007   514523   260873   432287   211433   604727   230567   376757   333713   429719   145703   406649    20879
    20849   406859   145589   429797   333623   377129   230393   604733   211403   432359   260849   514529   644117   129593   116009   240797   459383   240257   459803   239933   460127   239849   460373   239597   460463   229703   470417   229553   470597   229343   470783   229139   471137   228797   471299   473597   459113   570413    55889   185477   439157   267647   488603    95273   469613   322877   366383   270209   554417   293147   679157
   679463   293123   554573   269987   366467   322859   469649    95219   488633   267593   439199   526709    50627   389117   178559   521519   178469   521567   178403   521657   178187   521879   178103   522113   177839   522383   177383   522659   177269   522749   176699   523433   176369   523673   176243   523793   138617   521393   649379   173297   260807   432413   211373   604787   230357   377147   333539   430019   145433   406883    20543
    20399   406907   145307   430343   333323   377297   230213   604829   211319   432437   446399   500369   351563    65837   634307    65633   634397    65357   634679    65213   634859    65063   634979    65003   635087    64667   635507    64439   635603    64157   635939    64037   636149    63743   636287    63647   636407    63443   634079   199637   253607   267569   488687    95177   469793   322709   366683   269663   554699   293099   679607
   679709   292517   554747   269579   366983   322613   470207    95009   488723   432989   246899    17669   192263   507953   191969   508103   191783   508259   191657   508499   191447   508709   191033   509027   190709   509393   190577   509477   190403   509693   190283   509909   189929   510569   189389   510767   189017   511163   522839   507599   453107   267017   211283   604997   229799   377393   333023   430427   145259   407489    20297
    20183   407579   145253   430433   332987   377543   229763   605117   508817   393587   351797   267479   432587   266957   433073   266927   433319   266633   433673   266159   433877   266117   434249   265739   434297   265703   434387   265547   434813   265157   434927   264899   435179   264749   435263   264443   435569   264359   435653   264113   432449   306419   191189    94889   470243   322463   367019   269573   554753   292427   679823
   679829   292367   554969   269519   367277   322319   470279   605573   457367   210347   282143   417947   282053   418073   281927   418157   281837   418199   281747   418289   281669   418343   281579   418667   281297   418763   281207   418889   280949   419147   280817   419303   280589   419423   280547   419597   280253   419777   279977   420149   420599   417839   242639    94433   229727   377687   332729   430487   145037   407639    20177
    20147   407723   144887   430769   332699   378023   476369    81677    77849   219707   480317   219677   480419   219503   480569   219293   480989   218963   481133   218849   481379   218417   482099   217793   482309   217619   482507   217409   482687   217253   482837   216617   483773   216179   484067   215927   484283   215399   484613   215279   484733   489449   480209   618329   223637   321983   367307   269237   555119   292283   679859
   679883   292223   555167   269183   367559   320699   213953   357107   102653   597419   102533   597599   102329   597689   102203   597899   102077   598007   101957   598127   101627   598643   101279   598799   100937   599153   100733   599303   100493   599537   100403   599663   100313   600167    99767   600293    99689   600659    99317   600833    99149   600983    93563   597209   486053   379307   332447   430823   144839   407783    20123
    19979   407969   144719   430949   367889   415949   352493   239387   460673   239297   460919   239069   460979   238859   461297   238673   461507   238397   461693   238163   462149   237767   462443   237287   462773   237179   462863   237053   463283   236573   463457   236219   463919   235877   464213   235679   464447   235523   464699   235043   464993   235007   465089   234587   460589   284057   332117   269057   555287   292037   680027
   680213   291869   555593   432143   353867   305849   332273   367823   331907   368117   331553   368729   331217   369023   330887   369353   330587   369647   330347   369959   329873   370217   329393   370673   329123   371087   328829   371339   328619   371417   328379   371633   328343   371897   328067   371999   327983   372137   327839   372179   327737   372299   327629   372689   373859   367613   346139   267863   144413   408137    19793
    19709   408173   565919   258743   320009   342569   357509   342413   357659   342239   357809   341777   358277   341507   358667   341303   358733   341027   359027   340937   359129   340859   359297   340649   359837   339839   360257   339413   360749   339137   361013   338669   361433   338543   361637   338279   361769   338213   361799   338033   361979   337907   362147   337793   362309   370619   357359   441263   134087   291833   680297
   680453   289889   121553   352907   277643   422369   277547   422759   277217   423053   276833   423179   276707   423413   276503   423557   276389   423713   276257   423869   275999   424019   275969   424169   275783   424433   275459   424559   275339   424967   275003   425189   274709   425309   274583   425489   274457   425603   274223   425819   274103   425987   273929   426233   273719   426353   272567   422249   578453   410117    19553
   681137   393059   355967   154067   546053   153743   546317   153437   546599   153287   546869   153113   546947   152909   547223   152777   547487   152429   547583   152363   547709   152219   547817   152183   548003   151967   548069   151883   548189   151643   548399   151553   548489   151253   548837   151163   548957   150503   549509   150473   549623   150323   549707   150287   549767   149867   550169   146477   545933   306947    18869
     8009   358079   304553   395657   303803   396239   303713   396323   303593   396509   303473   396629   303293   396719   303119   396953   302969   397259   302723   397427   302573   397493   302459   397589   301943   398129   301793   398303   301649   398423   301463   398759   301073   399137   300857   399197   300779   399263   300317   399887   300023   399989   299807   400307   299447   400643   299147   400943   294479   395243   691997
   353453    29423   670619    29333   670763    29153   670877    28817   671303    28649   671603    28289   671729    28229   672059    27779   672317    27449   672767    27179   672863    26987   673157    26813   673223    26759   673313    26393   673619    26357   673667    26237   673817    25889   674159    25733   674363    25523   674537    25307   674759    25169   674879    24977   675083    24809   675239    24659   675413    24083   670577
