   305219   395027   304937   395159   304763   395453   304349   396203   303767   396293   303683   396413   303497   396533   303377   396713   303287   396887   303053   397037   302747   397283   302579   397433   302513   397547   302417   398063   301877   398213   301703   398357   301583   398543   301247   398933   300869   399149   300809   399227   300743   399689   300119   399983   300017   400199   299699   400559   299363   297707   449333
   400859   221807   478259   221603   478679   221219   478913   221069   479147   219983   480047   219839   480209   219707   480317   219677   480419   219503   480569   219293   480989   218963   481133   218849   481379   218417   482099   217793   482309   217619   482507   217409   482687   217253   482837   216617   483773   216179   484067   215927   484283   215399   484613   215279   484733   215153   485063   214883   485417   346259   299147
   299063   485447    74363   625913    74027   626033    73943   626147    73847   626333    73643   626393    73529   626489    73379   626963    73019   627083    72623   627953    71993   628097    71879   628139    71789   628373    71333   628679    71249   628877    71069   629009    70667   629417    70439   629807    70163   629927    70067   629987    69899   630197    69653   630467    69317   630803    69143   632273   345749   214559   400943
   401069   214463   631013   198179   502043   197927   502247   197597   502499   197453   502847   197123   502973   197003   503207   196739   503297   196583   503483   196187   503963   195863   504197   195737   504479   195479   504563   195413   504599   195389   504677   195077   504953   195023   505073   194867   505277   194723   505319   194483   505919   194057   505979   193859   506213   193679   508559   345329    68993   485543   298937
   298589   485567    68819   506357   260717   439463   260339   439799   259967   440177   259823   440339   259499   440849   259019   441029   258827   441263   258563   441479   258449   441563   258437   441887   257987   442139   257687   442367   257519   442517   257273   442817   257177   443039   256889   443129   256757   443363   256517   443837   256133   443987   255977   444089   255839   255329   536273   193649   631187   214439   401417
   401957   213953   631229   193469   444293   249923   450209   249779   450257   249593   450473   249503   450557   249419   450677   249287   450899   249089   451097   248903   451397   248483   452009   247613   452453   247409   452813   246899   453197   246713   453317   246209   453833   245897   454247   245753   454379   245183   454919   245039   454973   244787   455339   244493   241337   561767   255713   506537    68777   486053   298049
   298013   486119    68699   506573   255659   455603   159017   541097   158657   541439   158537   541577   158393   541763   158189   542117   157823   542207   157769   542447   157523   542579   157259   542873   157019   542999   156719   543299   156623   543539   156347   543887   155783   544259   155087   544937   155027   545063   154619   545483   154247   545933   154067   548957   344957   244403   444347   193433   631307   213887   401993
   402053   213827   631409   193163   444539   244379   546053    28229   672059    27779   672317    27449   672767    27179   672863    26987   673157    26813   673223    26759   673313    26393   673619    26357   673667    26237   673817    25889   674159    25733   674363    25523   674537    25307   674759    25169   674879    24977   675083    24809   675239    24659   676943   347099   153953   455627   255467   506843    68597   486179   297953
   297809   486293    68477   506873   255383   455789   153743   675413   139409   560639   139169   560873   139109   560939   138959   561083   138647   561377   138617   561419   138407   561797   138197   561947   137999   562283   137699   562409   137567   562613   137303   563117   136649   563447   136463   563663   136193   564359   135599   564617   135353   565637   346547    24593   546263   244217   444623   193133   631529   213713   402197
   402383   213599   631559   193043   444767   244157   546317    24413   564797   204059   495959   204023   496007   203843   496343   203579   496889   203057   497117   202667   497597   202403   497663   202277   497957   201953   498209   201449   498647   201203   499139   200723   499349   200609   499493   200483   499649   200153   499943   200033   514637   332987   135209   675593   153689   455849   255239   506963    68447   486407   297623
   297503   486449    68147   506993   255173   456149   153437   675827   135089   500153   186239   513899   185957   514103   185819   514313   185483   514643   185267   514823   185153   514949   184727   515357   184577   515519   184409   515873   184013   516209   183713   516323   183569   516617   183383   516689   183167   516947   183047   518249   347057   199853   564917    24179   546569   243857   444833   193013   631859   213557   402503
   402923   213467   632123   192977   444869   243839   546599    24083   564989   199673   517073   109883   590489   109469   590573   109397   590627   109253   590867   108917   591113   108869   591509   108347   591743   108179   592133   107867   592289   107699   592649   107279   592763   107033   593183   106619   593519   106433   595247   346139   182933   500333   135017   675923   153407   456167   255137   507029    67883   486539   297083
   296969   486677    67853   507119   255077   456767   153287   675929   134669   500369   182927   593633   346349   353783   346187   353963   345689   354533   345263   354779   344969   355463   344363   355679   344243   355799   344153   355967   343913   356219   343313   356933   343037   357107   342659   357353   342647   342569   363149   106373   517079   199637   565337    24077   546719   243239   444929   192887   632153   213329   403037
   403097   213209   632297   192677   444953   243197   546869    24029   565517   199523   517217   106103   357509    95747   604613    95279   604733    95219   604829    95009   605117    94613   605477    94463   605573    94397   605837    93923   606113    93683   606443    93557   606503    93479   606587    93263   617249   338369   342497   593903   182789   500483   134489   675977   153137   456809   255053   507329    67709   486797   296909
   296843   486833    67679   507599   254987   457139   153113   676217   134417   500519   182639   593987   342413   606959   159839   540173   159773   540269   159629   540383   159617   540437   159407   540713   159233   540779   150383   549683   150299   549719   150239   550139   149837   550289   149627   571973   327629    93047   357593   106019   517367   199487   565589    23789   546893   242867   445019   192407   632327   213173   403163
   403253   213029   632447   192263   445229   242729   546947    23753   565667   199403   517403   106013   357659    92957   550427   147107   552917   146933   553229   146543   553529   146423   553589   146273   553757   145799   554303   145589   554573   145259   554753   145037   555119   144839   570113   334379   149579   607049   342347   593993   182603   500603   134339   676253   153059   457277   254777   507743    67559   486977   296753
   296507   487007    67547   507953   254699   457367   152909   676259   134219   500693   182549   594023   342239   607157   149249   555287    76679   623717    76283   624209    75773   624347    75539   624479    75407   624683    75269   624797    75029   625103    74897   625133    74699   639137   334877   144719   550757    92849   357767   105983   517457   199313   565787    23747   547097   242639   445307   192053   632459   212999   403499
   403757   212873   632483   191969   445799   242603   547223    23669   565793   199049   517469   105899   357809    92753   550937   144413   625319   316373   383813   316097   383969   315977   384107   315893   384203   315779   384407   315569   384479   315407   384737   315179   314603   419459    74687   555593   149069   607253   342197   594107   182537   500957   134213   676337   152783   457403   254207   508037    67523   487133   296249
   296129   487427    67307   508103   254039   457553   152777   676373   134087   501029   182519   594449   341927   607307   149033   555683    74609   385079    59393   640649    59273   640847    59063   641093    58727   641327    58427   641639    58217   641813    58109   655229   336239   314927   625397   144323   550973    92699   358079   105557   517487   198977   565919    23633   547229   242453   445967   191903   632699   212579   403877
   403889   212369   632717   191783   446003   242447   547487    23537   565973   198929   517553   105437   358229    92669   551093   144299   625409   314879   642197   122207   577937   122027   578117   121697   578399   121553   578483   121469   578603   121313   579707   348527    57809   385127    74597   555707   148913   607337   341777   594569   182453   501077   134033   676469   152519   457559   254003   508223    67289   487637   296117
   296027   487709    66809   508259   253919   457607   152429   676589   133949   501173   182417   594617   341729   607349   148667   556007    74489   385193    57773   578777   119633   580379   119429   580763   118907   581333   118457   581597   118343   582983   348209   121229   642233   314813   625517   143999   551339    92657   358277   105389   517589   198833   566057    23417   547577   242399   446087   191747   633197   212297   403979
   404489   212117   633209   191657   446273   242309   547583    23357   566273   198719   517619   105107   358499    92489   551489   143519   635507   314807   642419   121007   581753    50207   649829    50129   649937    49823   650477    49523   652229   347873   118253   578999    57587   385199    64499   556487   148517   607517   341507   594899   182387   501287   133733   676649   152423   457697   253733   508349    66797   487889   295517
   295313   488009    66749   508499   253607   457913   152363   676679   133439   501317   182129   595073   341339   607619   148457   556763    64439   385379    57383   579107   118163   650543   287933   412133   287849   412193   287549   413537   348827    49463   581843   120899   642623   314627   635567   143243   551549    92387   358667   104933   517877   198689   566567    23327   547643   242093   446399   191507   633257   211997   404693
   404819   211949   633377   191297   446657   241979   547709    23279   566723   198623   517949   104849   358703    92237   551813   143063   635603   314513   642737   120767   582017    49193   412619    46499   653777    46187   654509   349043   287387   650813   117989   579239    57269   385493    64403   556943   148193   607769   341303   595157   182057   501383   133283   676727   152297   458027   253349   508709    66629   488057   295187
   295037   488513    66533   508817   253247   458123   152219   676919   132953   501503   181619   595277   341273   608273   148157   557027    64157   385607    57173   579503   117839   650987   287057   653903   114167   644549   291293    46103   412949    49019   582167   120503   642833   314399   635849   142979   551849    91733   358733   104729   518387   198503   567053    23087   547787   241883   446759   191189   633473   211493   404969
   405347   211433   633497   191033   447107   241817   547817    23039   567059   198413   518597   104693   358979    91703   551927   142973   635939   314267   642899   120473   582173    48989   413033   658487   527129   350003   172877    41519   286973   651017   117833   579533    57107   385739    64067   557033   148079   608303   341027   595313   181409   501593   132947   676967   152189   458189   252899   508973    66509   488573   294659
   294509   488603    66383   509027   252887   458327   152183   676979   132863   501659   181277   595547   340979   608423   148073   557057    64037   385793    57059   579713   117797   651239   416147    40163   408713    55457   585839   659843   283859    48767   582209   120293   642947   314213   635969   142949   551933    91583   359027   104459   518729   198347   567143    23027   547823   241679   447119   190979   633623   211403   405497
   405527   211373   633629   190709   447137   241643   548003    22859   567257   188147   518807   104393   359069    91577   552029   142733   636149   314189   643043   120233   582227   651473   282053   350963    46229   653819    45497   653507   417953    48533   117779   579773    56963   385817    63857   557273   147977   608429   340937   595613   181199   511859   132749   677147   152003   458363   252869   509297    66377   488633   294479
   294347   488687    66239   509393   252827   458543   151967   677309   132623   512537   181193   595709   340877   608609   147827   557309    63743   385877    56807   580259   586037    45263   351179   287873   412157   287813   412457   286469   412073   654743   113969   119747   643199   314129   636263   142697   552179    91397   359129   104297   518813   187469   567383    22697   548039   241463   447179   190613   633767   211319   405659
   405689   211283   633833   190577   447683   241343   548069    22619   567569   187463   519227   103997   359147    91373   552263   142469   636287   314063   643373   119087   110597   352133    50177   649877    50069   650183    49529   650483    47777   649799   589409   580919    56633   385943    63719   557537   147743   608633   340859   596009   180779   512543   132437   677387   151937   458663   252323   509429    66173   488723   294317
   294179   488759    66083   509477   251939   458747   151883   677639   132347   512573   180749   596027   340709   608843   147689   557573    63647   386117   644519   577427   351797   119627   580577   119243   581099   118673   581549   118409   581663   117023   580373   122579    55487   313889   636359   142433   552317    91163   359297   103979   519257   187433   567659    22367   548123   241259   448067   190529   633923   211247   405827
   405857   211097   634013   190403   448367   241127   548189    22349   567719   187409   519359   103913   359357    91019   552659   142217   636473   386489    39503   351479   122069   577979   121889   578309   121607   578453   121523   578537   121403   578693   120299   577799   660503   313517    63533   557789   147347   608987   340649   596093   180647   512597   132287   677657   151817   458879   251639   509603    65993   488909   294149
   294059   489179    65927   509693   251609   458957   151643   677813   132059   512657   180623   596117   340169   609143   147299   557987   637283   380879   363767    59357   640733    59159   640943    58913   641279    58679   641579    58367   641789    58193   641897    44777   640613   319127    62723   142019   552707    90863   359837   103889   519383   187349   567947    22193   548363   241049   448397   190313   634079   210827   405947
   406403   210809   634169   190283   448829   241013   548399    22079   568097   187163   519509   103643   360167    90833   552809   141443    35159   280547   316193   383909   316037   384029   315899   384113   315803   384227   315599   384437   315527   384599   315269   384827   385403   383633   664847   558563   147197   609173   339839   596363   180497   512843   131909   677927   151607   458993   251177   509723    65837   489197   293603
   293507   489407    65699   509909   251099   459047   151553   678077   131639   513047   180419   596423   339749   609359   145307   539507   365129    76289   623723    75797   624233    75659   624467    75527   624599    75323   624737    75209   624977    74903   625109    74873   625307    60869   623327   160499   554699    90647   360257   103583   519587   186959   568367    21929   548453   240959   448907   190097   634307   210599   406499
   406547   210557   634373   189929   449003   240893   548489    21803   568643   186947   520067   103217   360593    85313   520649   365627   147089   553073   146777   553463   146477   553583   146417   553733   146249   554207   145703   554417   145433   554747   145253   554969   144887   555167   129893   552899   179357   614693   339413   596789   179939   513059   131363   678203   151517   459113   251003   510077    65633   489449   293459
   293357   489479    65609   510569   250889   459209   151253   678407   131297   513137   179903   596927   337793   598727   372377   159833   540233   159737   540377   159623   540389   159569   540599   159293   540773   159227   549623   150323   549707   150287   549767   149867   550169   149717   550379   128033   540167   101279   362213   103079   520103   186869   568709    21599   548753   240797   449117   189437   634397   210527   406649
   406859   210467   634649   189389   449153   240623   548837    21569   568877   186653   520193   102077   369959   361637    95393   604727    95273   604787    95177   604997    94889   605393    94529   605543    94433   605609    94169   606083    93893   606323    93563   606449    93503   606527    93419   606743    82757   604259   330047   597929   179813   513353   131129   678437   151169   459383   250853   510617    65357   489539   293147
   293123   489659    65327   510767   250703   459749   151163   678599   130817   513419   523877   589187   336857   346223   353819   346043   354317   345473   354743   345227   355037   344543   355643   344327   355763   344207   355853   344039   356093   343787   356693   343073   356969   342899   357347   342653   357359   357437   353657   110819   176129   186587   569189    21407   548843   240257   449303   189239   634679   210347   406883
   406907   210317   634793   189017   449363   240203   549503    21347   569237   185993   168023   353867   109517   590537   109433   590609   109379   590753   109139   591089   108893   591137   108497   591659   108263   591827   107873   592139   107717   592307   107357   592727   107243   592973   106823   593387   106487   593573   104759   590123   531983   514013   130769   678659   150503   459803   250643   510989    65213   489689   293099
   292517   489743    65147   511163   250343   460073   150497   678779   572303   491129   352949   186107   514049   185903   514187   185693   514523   185363   514739   185183   514853   185057   515279   184649   515429   184487   515597   184133   515993   183797   516293   183683   516437   183389   516623   183317   516839   183059   516959   181757   513767   208877   127703    21227   549509   239933   449663   188843   634859   210263   407489
   407579   210173   634943   188519   449699   239879   549533   679157   118277   367019   204047   495983   203999   496163   203663   496427   203117   496949   202889   497339   202409   497603   202343   497729   202049   498053   201797   498557   201359   498803   200867   499283   200657   499397   200513   499523   200357   499853   200063   499973   185369   495947   581729    20849   150473   460127   250307   511487    65063   489833   292427
   292367   490019    65027   511523   250199   460157   550607    12227   353459   139367   560837   139133   560897   139067   561047   138923   561359   138629   561389   138587   561599   138209   561809   138059   562007   137723   562307   137597   562439   137393   562703   136889   563357   136559   563543   136343   563813   135647   564407   135389   564653   134369   560597   687779   149399   239849   449807   188483   634979   209987   407639
   407723   209837   635003   188303   449963   238709   137399   352907    27947   672227    27689   672557    27239   672827    27143   673019    26849   673193    26783   673247    26693   673613    26387   673649    26339   673769    26189   674117    25847   674273    25643   674483    25469   674699    25247   674837    25127   675029    24923   675197    24767   675347    23063   671777   562607   461297   250043   511703    65003   490169   292283
   292223   490367    64919   511757   452159   664253   355049   158909   541349   158567   541469   158429   541613   158243   541817   157889   542183   157799   542237   157559   542483   157427   542747   157133   542987   157007   543287   156707   543383   156467   543659   156119   544223   155747   544919   155069   544979   154943   545387   154523   545759   154073   545939   151049   540989    35753   247847   188249   635087   209639   407783
   407969   209543   635339   514529   425549   138239   249797   450227   249749   450413   249533   450503   249449   450587   249329   450719   249107   450917   248909   451103   248609   451523   247997   452393   247553   452597   247193   453107   246809   453293   246689   453797   246173   454109   245759   454253   245627   454823   245087   454967   245033   455219   244667   455513   458669   450083   274457   185477    64667   490463   292037
   291869   490859    63599   173867   163733   260543   439667   260207   440039   259829   440183   259667   440507   259157   440987   258977   441179   258743   441443   258527   441557   258443   441569   258119   442019   257867   442319   257639   442487   257489   442733   257189   442829   256967   443117   256877   443249   256643   443489   256169   443873   256019   444029   255917   444167   444677   439289   526139   636407   209147   408137
   408173   491219   624839   354677   197963   502079   197759   502409   197507   502553   197159   502883   197033   503003   196799   503267   196709   503423   196523   503819   196043   504143   195809   504269   195527   504527   195443   504593   195407   504617   195329   504929   195053   504983   194933   505139   194729   505283   194687   505523   194087   505949   194027   506147   193793   506327   191447   501827    75167   208787   291833
   408437   194819   354257    74093   625979    73973   626063    73859   626159    73673   626363    73613   626477    73517   626627    73043   626987    72923   627383    72053   628013    71909   628127    71867   628217    71633   628673    71327   628757    71129   628937    70997   629339    70589   629567    70199   629843    70079   629939    70019   630107    69809   630353    69539   630689    69203   630863    67733   625643   505187   291569
   380837   353747   221747   478403   221327   478787   221093   478937   220859   480023   219959   480167   219797   480299   219689   480329   219587   480503   219437   480713   219017   481043   218873   481157   218627   481589   217907   482213   217697   482387   217499   482597   217319   482753   217169   483389   216233   483827   215939   484079   215723   484607   215393   484727   215273   484853   214943   485123   214589   478199   319169
   250673   304979   395069   304847   395243   304553   395657   303803   396239   303713   396323   303593   396509   303473   396629   303293   396719   303119   396953   302969   397259   302723   397427   302573   397493   302459   397589   301943   398129   301793   398303   301649   398423   301463   398759   301073   399137   300857   399197   300779   399263   300317   399887   300023   399989   299807   400307   299447   400643   402299   394787
