   305267   394787   304979   395069   304847   395243   304553   395657   303803   396239   303713   396323   303593   396509   303473   396629   303293   396719   303119   396953   302969   397259   302723   397427   302573   397493   302459   397589   301943   398129   301793   398303   301649   398423   301463   398759   301073   399137   300857   399197   300779   399263   300317   399887   300023   399989   299807   400307   299447   405689   342659
   400643   221849   478199   221747   478403   221327   478787   221093   478937   220859   480023   219959   480167   219797   480299   219689   480329   219587   480503   219437   480713   219017   481043   218873   481157   218627   481589   217907   482213   217697   482387   217499   482597   217319   482753   217169   483389   216233   483827   215939   484079   215723   484607   215393   484727   215273   484853   214943   485567   346043   299363
   299147   485123    74597   625517    74363   625913    74027   626033    73943   626147    73847   626333    73643   626393    73529   626489    73379   626963    73019   627083    72623   627953    71993   628097    71879   628139    71789   628373    71333   628679    71249   628877    71069   629009    70667   629417    70439   629807    70163   629927    70067   629987    69899   630197    69653   630467    69317   631307   346547   214883   400859
   400943   214589   630803   198179   502043   197927   502247   197597   502499   197453   502847   197123   502973   197003   503207   196739   503297   196583   503483   196187   503963   195863   504197   195737   504479   195479   504563   195413   504599   195389   504677   195077   504953   195023   505073   194867   505187   194729   505283   194687   505523   194087   505949   194027   506147   193793   191507   662477    69203   485417   299063
   298937   485447    69143   506327   260753   439289   260543   439667   260207   440039   259829   440183   259667   440507   259157   440987   258977   441179   258743   441443   258527   441557   258443   441569   258119   442019   257867   442319   257639   442487   257489   442733   257189   442829   256967   443117   256877   443249   256643   443489   256169   443873   256019   444029   255917   444767   347057   193679   630863   214559   401069
   401417   214463   631013   193649   444167   250199   449963   249923   450209   249779   450257   249533   450503   249449   450587   249329   450719   249107   450917   248909   451103   248609   451523   247997   452159   247613   452453   247409   452813   246899   453197   246713   453317   246209   453833   245897   454247   245753   454379   245183   454919   245039   454973   244787   457277   346439   255839   506357    68993   485543   298589
   298049   486053    68819   506537   255713   455339   159227   540989   158909   541349   158567   541469   158429   541613   158243   541817   157889   542183   157799   542237   157559   542483   157427   542747   157133   542987   157007   543287   156707   543383   156467   543659   156119   544223   155747   544919   155069   544979   154943   545387   154523   545759   154073   547583   345227   244667   444293   193469   631187   213953   401957
   401993   213887   631229   193433   444347   244493   545939    28289   671729    28229   672059    27779   672317    27449   672767    27179   672863    26987   673157    26813   673223    26759   673313    26393   673619    26357   673667    26237   673817    25889   674159    25733   674363    25523   674537    25307   674759    25169   674879    24977   675083    24809   678659   345263   154067   455513   255659   506573    68777   486119   298013
   297953   486179    68597   506843   255467   455603   153953   675239   139709   560459   139409   560639   139169   560873   139109   560939   138959   561083   138647   561377   138617   561419   138407   561767   138209   561809   138059   562007   137723   562307   137567   562607   137393   562703   136889   563357   136559   563543   136343   563813   135647   567659   345329    24767   546053   244403   444539   193163   631409   213827   402053
   402197   213713   631529   193133   444623   244379   546263    24659   564407   204059   495959   204023   496007   203843   496343   203579   496889   203057   497117   202667   497597   202403   497663   202277   497957   201953   498209   201449   498647   201203   499139   200723   499349   200609   499493   200483   499649   200153   499943   200033   514637   332987   135599   675347   153743   455627   255383   506873    68477   486293   297809
   297707   486407    68447   506963   255329   455789   153689   675413   135389   500153   186239   513899   185993   514049   185819   514313   185483   514529   185363   514739   185183   514853   185057   515279   184649   515429   184487   515597   184133   515993   183797   516293   183683   516437   183389   516623   183317   516839   183059   517217   348353   199853   564617    24593   546317   244217   444677   193043   631559   213599   402299
   402383   213557   631859   193013   444833   244157   546569    24413   564653   199673   516959   110597   589439   110477   589877   109883   590489   109469   590573   109397   590627   109253   590867   108917   591113   108869   591509   108347   591743   108179   592133   107867   592289   107699   592649   107279   592763   107033   595277   345473   183047   500333   135353   675593   153437   455849   255173   506993    68147   486449   297623
   297503   486539    67883   507029   255137   456149   153407   675827   135209   500369   182933   593183   347099   352973   346553   353657   346259   353783   346187   353867   345749   354317   344969   355049   344543   355643   344327   355763   344207   355853   344039   356093   343787   356693   343073   356969   342899   342413   363317   106823   517073   199637   564797    24179   546599   243857   444869   192977   632123   213467   402503
   402923   213329   632153   192887   444929   243839   546719    24083   564917   199523   517079   106619   357353    96443   603947    96017   604223    95747   604613    95279   604733    95219   604829    95009   605117    94613   605477    94463   605573    94397   605837    93923   606113    93683   606443    93557   606743   348077   342653   593387   182927   500483   135089   675923   153287   456167   255077   507119    67853   486677   297083
   296969   486797    67733   507329   255053   456767   153137   675929   135017   500519   182639   593519   342647   606503   160163   540149   159839   540173   159773   540269   159629   540383   159617   540437   159407   540713   159233   549533   150383   549683   150299   549719   150239   550139   149837   552659   337793    93503   357359   106487   517367   199487   564989    24077   546869   243239   444953   192677   632273   213209   403037
   403097   213173   632297   192407   445019   243197   546893    24029   565337   199403   517403   106433   357437    93479   550289   147197   552899   147089   553073   146777   553463   146477   553583   146417   553733   146249   554207   145703   554417   145433   554699   145259   554753   145037   597599   305999   149717   606527   342569   593573   182603   500603   134669   675977   153113   456809   254987   507599    67709   486833   296909
   296843   486977    67679   507743   254777   457139   153059   676217   134489   500693   182549   593633   342497   606587   149627   555119    77003   623057    76679   623717    76283   624209    75773   624347    75539   624479    75407   624683    75269   624797    75167   624977    74903   637529   336239   144887   550379    93419   357509   106373   517457   199313   565517    23789   546947   242867   445229   192263   632327   213029   403163
   403253   212999   632447   192053   445307   242639   547097    23753   565589   199049   517469   106103   357659    93047   550427   144719   625109   316703   383429   316373   383813   316097   383969   315977   384107   315893   384203   315779   384407   315569   384479   315407   315179   418667    74897   555287   149579   606959   342347   593903   182537   500957   134417   676253   152909   457367   254699   507953    67559   487007   296753
   296507   487133    67547   508037   254207   457403   152783   676259   134369   501029   182519   593987   342239   607049   149399   555593    74873   384737    59747   640307    59417   640613    59357   640733    59159   640943    58913   641279    58679   641579    58367   654923   336029   315269   625133   144413   550607    92957   357767   106019   517487   198977   565637    23747   547223   242603   445799   191969   632459   212873   403499
   403757   212579   632483   191903   445967   242453   547229    23669   565667   198929   517553   106013   357809    92849   550757   144323   625307   314927   641789   122477   577613   122267   577799   122069   577979   121889   578309   121607   578453   121523   598007   330047    58217   385079    74699   555683   149249   607157   342197   593993   182453   501077   134339   676337   152777   457553   254039   508103    67523   487427   296249
   296129   487637    67307   508223   254003   457559   152519   676373   134219   501173   182417   594023   341927   607253   149069   555707    74687   385127    58193   578537   120293   579773   119747   580373   119627   580577   119243   580919   118907   582167   348407   121469   641813   314879   625319   144299   550937    92753   358079   105983   517589   198833   565787    23633   547487   242447   446003   191783   632699   212369   403877
   403889   212297   632717   191747   446087   242399   547577    23537   565793   198719   517619   105899   358229    92699   551093   143999   625397   314813   641897   121403   581333    50387   649643    50207   649829    50129   649937    49823   664403   335669   118673   578603    58109   385193    74609   556007   148913   607307   341777   594107   182387   501287   134213   676469   152429   457607   253919   508259    67289   487709   296117
   296027   487889    66809   508349   253733   457697   152363   676589   134087   501317   182129   594449   341729   607337   148667   556487    64667   385199    57809   578693   118457   650477   288227   412067   287933   412133   287849   287813   473999    49529   581549   121313   642197   314807   635339   143519   551339    92669   358277   105557   517877   198689   565919    23417   547643   242309   446273   191657   633197   212117   403979
   404489   211997   633209   191447   446399   242093   547709    23357   565973   198623   517949   105437   358499    92657   551489   143243   635507   314627   642233   121229   581597    49523   412457    46649   653363    46499   665267   338237   287549   650483   118409   578777    57773   385379    64499   556763   148517   607349   341507   594569   182057   501383   134033   676649   152297   457913   253607   508559    66797   488009   295517
   295313   488057    66749   508709   253349   458027   152219   676679   133949   501503   181757   594617   341339   607517   148457   556943    64439   385403    57587   578999   118343   650543   287387   653777   115013   699119   235877    46229   412619    49463   581663   121007   642419   314603   635567   143063   551549    92489   358667   105389   518249   198503   566057    23327   547787   241979   446657   191297   633257   211949   404693
   404819   211493   633377   191189   446759   241883   547817    23279   566273   198413   518387   105107   358703    92387   551813   142979   635603   314513   642623   120899   581753    49193   412949   654047   470867   350003   229139    45959   287057   650813   118253   579107    57383   385493    64403   557027   148193   607619   341303   594899   181619   501593   133733   676727   152189   458123   253247   508817    66629   488513   295187
   295037   488573    66533   508973   252899   458189   152183   676919   133439   501659   181409   595073   341273   607769   148157   557033    64157   385607    57269   579503   118163   650987   432587    33773   464129      887   584993   666233   267419    49019   581843   120503   642737   314399   635849   142973   551849    92237   358733   104933   518597   198347   566567    23087   547823   241817   447107   191033   633473   211433   404969
   405347   211403   633497   190979   447119   241679   548003    23063   566723   188249   518729   104849   358979    91733   551927   142949   635939   314267   642833   120473   582017    47513   390407   361769    46643   653507    34739   653357   309599   652493   117989   579533    57173   385739    64067   557057   148079   608273   341027   595157   181277   511757   133283   676943   152003   458327   252887   509027    66509   488603   294659
   294509   488633    66383   509297   252869   458363   151967   676967   132953   511859   181199   595247   340979   608303   148073   557273    64037   385793    57107   579707   582209   637067   226007   287939   412073   287873   412157   412193   411779    62939   117797   120299   642899   314213   635969   142733   551933    91703   359027   104759   518807   188147   567053    23039   548039   241643   447137   190709   633623   211373   405497
   405527   211319   633629   190613   447179   241463   548069    23027   567059   187469   518813   104693   359069    91583   552029   142697   636149   314189   642947   118277   114269   364337    50363   649799    50177   649877    50069   650183    35603   649619   585737   581729    57059   385817    63857   557309   147977   608423   340937   595313   181193   512537   132947   676979   151937   458543   252827   509393    66377   488687   294479
   294347   488723    66239   509429   252323   458663   151883   677147   132863   512543   180779   595547   340877   608429   147827   557537    63743   385877   645467   559883   351599   120233   580259   119633   580379   119429   580763   119087   581099   117839   579713   140123    54539   314129   636263   142469   552179    91577   359129   104459   519227   187463   567143    22859   548123   241343   447683   190577   633767   211283   405659
   405827   211247   633833   190529   448067   241337   548189    22697   567257   187433   519257   104393   359147    91397   552263   142433   636287   387077    38567   369959   122393   577739   122207   577937   122027   578117   121697   578399   121553   578483   101999   577529   661439   312929    63719   557573   147743   608609   340859   595613   180749   512573   132749   677309   151817   458669   251939   509477    66173   488759   294179
   294149   488909    66083   509603   251639   458747   151643   677387   132623   512597   180647   595709   340709   608633   147689   557789   636533   379853   363977    59699   640589    59393   640649    59273   640847    59063   641093    58727   641327    58427   641639    45083   640259   320153    63473   142217   552317    91373   359297   104297   519359   187409   567383    22619   548363   241259   448367   190403   633923   211097   405857
   405947   210827   634013   190313   448397   241127   548399    22367   567569   187349   519383   103997   359357    91163   552707   130589    46853   281339   316577   383633   316193   383909   316037   384029   315899   384113   315803   384227   315599   384437   315527   384599   384827   383303   653153   569417   147299   608843   340649   596009   180623   512657   132437   677639   151607   458879   251609   509693    65993   489179   294059
   293603   489197    65927   509723   251177   458957   151553   677657   132287   512843   180497   596027   340169   608987   555167   521447   363767    76949   623327    76289   623723    75797   624233    75659   624467    75527   624599    75323   624737    75209   624839    75029   625103    62477   623003   178559   144839    91019   359837   103979   519509   187163   567719    22349   548453   241049   448829   190283   634079   210809   406403
   406499   210599   634169   190097   448907   241013   548489    22193   567947   186959   519587   103913   360167   609809   120767   394007   147107   552917   146933   553229   146543   553529   146423   553589   146273   553757   145799   554303   145589   554573   145307   554747   145253   554969   102407   552809   579239    90197   339839   596093   180419   513047   132059   677813   151517   458993   251099   509909    65837   489407   293507
   293459   489449    65699   510077   251003   459047   151253   677927   131909   513059   179939   596117   337283    84533   362213   159857   540167   159833   540233   159737   540377   159623   540389   159569   540599   159293   540773   150473   549623   150323   549707   150287   549767   149867   550169   147347   539843   615473   362723   103889   520067   186947   568097    22079   548753   240959   449003   189929   634307   210557   406547
   406649   210527   634373   189437   449117   240893   548837    21929   568367   186869   520103   102953   370217   351929    96059   603989    95783   604259    95393   604727    95273   604787    95177   604997    94889   605393    94529   605543    94433   605609    94169   606083    93893   606323    93563   606449    93263   603563   329789   597053   179903   513137   131639   678077   151169   459113   250889   510569    65633   489479   293357
   293147   489539    65609   510617   250853   459209   151163   678203   131363   513353   527399   587417   336689   347033   353453   346349   353747   346223   353819   346139   354257   345689   355037   344957   355463   344363   355679   344243   355799   344153   355967   343913   356219   343313   356933   343037   357107   357593   352907   112589   172607   186653   568643    21803   548843   240797   449153   189389   634397   210467   406859
   406883   210347   634649   189239   449303   240623   548957    21599   568709   185903   167099   354533   110567   589529   110129   590123   109517   590537   109433   590609   109379   590753   109139   591089   108893   591137   108497   591659   108263   591827   107873   592139   107717   592307   107357   592727   107243   592973   104729   589409   532907   514103   131297   678407   151049   459383   250703   510767    65357   489659   293123
   293099   489689    65327   510989   250673   459749   150503   678437   130817   491789   351653   186107   514013   185957   514187   185693   514523   185477   514643   185267   514823   185153   514949   184727   515357   184577   515519   184409   515873   184013   516209   183713   516323   183569   516617   183383   516689   183167   516947   182789   513767   208217   569189    21569   549503   240257   449333   189017   634679   210317   406907
   407489   210263   634793   188843   449363   240203   549509    21227   558497   367019   204047   495983   203999   496163   203663   496427   203117   496949   202889   497339   202409   497603   202343   497729   202049   498053   201797   498557   201359   498803   200867   499283   200657   499397   200513   499523   200357   499853   200063   499973   185369   495947   141509   678779   150497   459803   250643   511163    65213   489743   292517
   292427   489833    65147   511487   250343   460073   550973   669029   354677   139547   560597   139367   560837   139133   560897   139067   561047   138923   561359   138629   561389   138587   561599   138239   561797   138197   561947   137999   562283   137699   562439   137399   562613   137303   563117   136649   563447   136463   563663   136193   564359   132347   560297    30977   149033   239933   449663   188519   634859   210173   407579
   407639   209987   634943   188483   449699   461609   137597   354743    28277   671777    27947   672227    27689   672557    27239   672827    27143   673019    26849   673193    26783   673247    26693   673613    26387   673649    26339   673769    26189   674117    25847   674273    25643   674483    25469   674699    25247   674837    25127   675029    24923   675197    21347   671717   562409   238397   250307   511523    65063   490019   292367
   292283   490169    65027   511703   450413   226409   354779   159017   541097   158657   541439   158537   541577   158393   541763   158189   542117   157823   542207   157769   542447   157523   542579   157259   542873   157019   542999   156719   543299   156623   543539   156347   543887   155783   544259   155087   544937   155027   545063   154619   545483   154247   545933   152423   540779   473597   249593   188303   634979   209837   407723
   407783   209639   635003   513419   239879   353567   250043   450083   249797   450227   249749   450473   249503   450557   249419   450677   249287   450899   249089   451097   248903   451397   248483   452009   247847   452393   247553   452597   247193   453107   246809   453293   246689   453797   246173   454109   245759   454253   245627   454823   245087   454967   245033   455219   242729   449807   460127   186587    65003   490367   292223
   292037   490463   635087   491627   352949   260717   439463   260339   439799   259967   440177   259823   440339   259499   440849   259019   441029   258827   441263   258563   441479   258449   441563   258437   441887   257987   442139   257687   442367   257519   442517   257273   442817   257177   443039   256889   443129   256757   443363   256517   443837   256133   443987   255977   444089   255239   439253   208379    64919   209543   407969
   408137   208877    54293    37529   197963   502079   197759   502409   197507   502553   197159   502883   197033   503003   196799   503267   196709   503423   196523   503819   196043   504143   195809   504269   195527   504527   195443   504593   195407   504617   195329   504929   195053   504983   194933   505139   194819   505277   194723   505319   194483   505919   194057   505979   193859   506213   508499   501827   645713   491129   291869
   410279   477809   353459    74489   625643    74093   625979    73973   626063    73859   626159    73673   626363    73613   626477    73517   626627    73043   626987    72923   627383    72053   628013    71909   628127    71867   628217    71633   628673    71327   628757    71129   628937    70997   629339    70589   629567    70199   629843    70079   629939    70019   630107    69809   630353    69539   630689    68699   625409   222197   289727
   272549   353963   221807   478259   221603   478679   221219   478913   221069   479147   219983   480047   219839   480209   219707   480317   219677   480419   219503   480569   219293   480989   218963   481133   218849   481379   218417   482099   217793   482309   217619   482507   217409   482687   217253   482837   216617   483773   216179   484067   215927   484283   215399   484613   215279   484733   215153   485063   214439   478157   427457
   357347   305219   395027   304937   395159   304763   395453   304349   396203   303767   396293   303683   396413   303497   396533   303377   396713   303287   396887   303053   397037   302747   397283   302579   397433   302513   397547   302417   398063   301877   398213   301703   398357   301583   398543   301247   398933   300869   399149   300809   399227   300743   399689   300119   399983   300017   400199   299699   400559   294317   394739
