   305483   394529   305369   394643   305267   394787   304979   395069   304847   395243   304553   395657   303803   396239   303713   396323   303593   396509   303473   396629   303293   396719   303119   396953   302969   397259   302723   397427   302573   397493   302459   397589   301943   398129   301793   398303   301649   398423   301463   398759   301073   399137   300857   399197   300779   399263   300317   399887   300023   299807   448067
   399989   222149   477899   222059   477977   221849   478199   221747   478403   221327   478787   221093   478937   220859   480023   219959   480167   219797   480299   219689   480329   219587   480503   219437   480713   219017   481043   218873   481157   218627   481589   217907   482213   217697   482387   217499   482597   217319   482753   217169   483389   216233   483827   215939   484079   215723   484607   215393   485063   346259   300017
   299699   484727    74873   625307    74687   625397    74597   625517    74363   625913    74027   626033    73943   626147    73847   626333    73643   626393    73529   626489    73379   626963    73019   627083    72623   627953    71993   628097    71879   628139    71789   628373    71333   628679    71249   628877    71069   629009    70667   629417    70439   629807    70163   629927    70067   629987    69899   636287   340937   215279   400307
   400559   215273   630197   198623   501503   198413   501659   198179   502043   197927   502247   197597   502499   197453   502847   197123   502973   197003   503207   196739   503297   196583   503483   196187   503963   195863   504197   195737   504479   195479   504563   195413   504599   195389   504677   195077   504953   195023   505073   194867   505187   194729   505283   194687   505523   194087   193859   659843    69809   484733   299447
   299363   484853    69653   505949   261017   439007   260873   439157   260807   439253   260717   439463   260339   439799   259967   440177   259823   440339   259499   440849   259019   441029   258827   441263   258563   441479   258449   441563   258437   441887   257987   442139   257687   442367   257519   442517   257273   442817   257177   443039   256889   443129   256757   443363   256517   443837   347513   194057   630353   215153   400643
   400859   214883   630467   194027   443873   250673   449363   250343   449699   250199   449963   249923   450209   249779   450413   249533   450503   249449   450587   249329   450719   249107   450917   248909   451103   248609   451523   247997   452159   247613   452453   247409   452813   246899   453197   246713   453317   246209   453833   245897   454247   245753   454379   245183   243857   559343   256133   505979    69539   485123   299147
   299063   485417    69317   506213   256019   454919   159617   540437   159407   540713   159233   540779   159017   541097   158657   541439   158537   541577   158393   541763   158189   542117   157823   542207   157769   542447   157523   542579   157259   542873   157019   542999   156719   543299   156623   543539   156347   543887   155783   544259   155087   544937   155027   545063   348077   245087   443987   193793   630689   214589   400943
   401069   214559   630803   193679   444029   245039   545387    28817   671303    28649   671603    28289   671729    28229   672059    27779   672317    27449   672767    27179   672863    26987   673157    26813   673223    26759   673313    26393   673619    26357   673667    26237   673817    25889   674159    25733   674363    25523   674537    25307   674759    25169   674879   348419   154619   454967   255977   506327    69203   485447   298937
   298589   485543    69143   506357   255917   454973   154523   675029   140123   560039   139883   560297   139547   560597   139367   560837   139133   560897   139067   561047   138923   561359   138629   561389   138587   561599   138239   561797   138197   561947   137999   562283   137699   562409   137567   562607   137393   562703   136889   563357   136559   564917   346223    24977   545483   245033   444089   193649   630863   214463   401417
   401957   214439   631013   193469   444167   244787   545759    24923   563543   204377   495647   204299   495773   204107   495947   204047   495983   203999   496163   203663   496427   203117   496949   202889   497339   202409   497603   202343   497729   202049   498053   201797   498557   201359   498803   200867   499283   200657   499397   200513   517367   330587   136463   675083   154247   455219   255839   506537    68993   485567   298049
   298013   486053    68819   506573   255713   455339   154073   675197   136343   499523   187163   513047   186947   513137   186653   513419   186239   513899   185993   514049   185903   514187   185693   514523   185477   514637   185363   514739   185183   514853   185057   515279   184649   515429   184487   515597   184133   515993   183797   517469   347099   200483   563663    24809   545933   244667   444293   193433   631187   213953   401993
   402053   213887   631229   193163   444347   244493   545939    24767   563813   200357   516293   111053   588977   110819   589409   110567   589529   110129   590123   109517   590537   109433   590609   109379   590753   109139   591089   108893   591137   108497   591659   108263   591827   107873   592139   107717   592307   107357   595313   346043   183713   499649   136193   675239   154067   455513   255659   506843    68777   486119   297953
   297809   486179    68699   506873   255467   455603   153953   675347   135647   499853   183683   592727   347057   352973   346553   353459   346439   353657   346187   353867   345749   354317   345473   354677   345263   354779   344969   355049   344543   355643   344327   355763   344207   355853   344039   356093   343787   342239   363119   107279   516323   200153   564359    24659   546053   244403   444539   193133   631307   213827   402197
   402299   213713   631409   193043   444623   244379   546263    24593   564407   200063   516617   107243   356693    96857   603209    96779   603257    96443   603947    96017   604223    95747   604613    95279   604733    95219   604829    95009   605117    94613   605477    94463   605573    94397   605837    93923   617657   336857   343313   592763   183389   499943   135599   675413   153743   455627   255383   506963    68597   486293   297707
   297623   486407    68477   506993   255329   455789   153689   675593   135389   499973   183383   592973   343073   606113   160697   539507   160373   539639   160343   539687   160169   539843   159857   540167   159773   540269   159629   540383   151169   548843   150503   549509   150473   549623   150323   550937   348353    93893   356933   107033   516623   200033   564617    24413   546317   244217   444677   193013   631529   213599   402383
   402503   213557   631559   192977   444767   244157   546569    24179   564653   199853   516689   106823   356969    93683   549707   147827   552263   147689   552659   147299   552809   147107   552917   146933   553229   146543   553529   146423   553589   146273   553757   145799   554303   145589   554699   348827   150299   606323   343037   593183   183317   500153   135353   675827   153437   455849   255239   507029    68447   486449   297503
   297083   486539    68147   507119   255173   456167   153407   675923   135209   500333   183167   593387   342899   606443   150287   554573    77513   622529    77369   622793    77003   623057    76679   623717    76283   624209    75773   624347    75539   624479    75407   624683    75269   637379   336029   145433   549719    93563   357107   106619   516839   199673   564797    24083   546599   243839   444833   192887   631859   213467   402923
   403037   213329   632123   192677   444869   243239   546719    24077   564989   199637   516947   106487   357347    93557   549767   145259   624797   316907   383147   316853   383303   316577   383633   316193   383909   316037   384029   315899   384113   315803   384227   315599   384479   349343    75209   554747   150239   606449   342659   593519   183059   500369   135017   675929   153287   456767   255137   507329    67883   486677   296969
   296909   486797    67853   507599   255077   456809   153137   675977   134669   500483   183047   593573   342653   606503   149867   554753    75167   384437    60149   640007    59957   640127    59747   640307    59417   640613    59357   640733    59159   640943    58913   654923   335693   315569   624839   145253   550139    93503   357353   106433   516959   199523   565337    24029   546869   243197   444929   192407   632153   213209   403097
   403163   213173   632273   192263   444953   242867   546893    23789   565517   199487   517073   106373   357359    93479   550169   145037   624977   315407   641279   122579   577517   122477   577613   122267   577799   122069   577979   121889   578309   121607   596027   331907    58727   384599    75029   554969   149837   606527   342647   593633   182933   500519   134489   676217   153113   457139   255053   507743    67733   486833   296843
   296753   486977    67709   507953   254987   457277   153059   676253   134417   500603   182927   593903   342569   606587   149717   555119    74903   384737    58679   578453   120503   579707   120293   579773   119747   580373   119627   580577   119243   581663   348527   121553   641327   315269   625103   144887   550289    93419   357437   106103   517079   199403   565589    23753   546947   242729   445019   192053   632297   213029   403253
   403499   212999   632327   191969   445229   242639   547097    23747   565637   199313   517217   106019   357509    93263   550379   144839   625109   315179   641579   121523   580919    50849   649217    50723   649379    50549   649619    50363   659159   340169   119087   578483    58427   384827    74897   555167   149627   606743   342497   593987   182789   500693   134369   676259   152909   457367   254777   508037    67679   487007   296507
   296249   487133    67559   508103   254699   457403   152783   676337   134339   500957   182603   593993   342413   606959   149579   555287    65213   385079    58367   578537   118907   649799   288527   411617   288227   412067   287933   413243   348407    50207   581099   121469   641639   314927   634793   144719   550427    93047   357593   106013   517403   199049   565667    23669   547223   242603   445307   191903   632447   212873   403757
   403877   212579   632459   191783   445799   242453   547229    23633   565787   198977   517457   105983   357659    92957   550607   144413   634859   314879   641789   121403   581333    50177   412133    47279   652913    46889   663797   339137   287873   649829   118673   578603    58217   385127    65147   555593   149399   607049   342347   594023   182549   501029   134219   676373   152777   457553   254207   508223    67547   487427   296129
   296117   487637    67523   508259   254039   457559   152519   676469   134213   501077   182519   594107   342197   607157   149249   555683    65063   385193    58193   578693   118457   649877   287849   653153   115343   597353   337313    46853   412157    50129   581549   121313   641813   314813   634943   144323   550757    92849   357809   105899   517487   198929   565793    23537   547487   242447   445967   191747   632483   212369   403889
   403979   212297   632699   191657   446003   242399   547577    23417   565919   198833   517553   105557   358079    92753   550973   144299   634979   314807   641897   121229   581597    50069   412193   655727   571973   350003   128033    44279   287813   649937   118409   578777    58109   385199    65027   555707   149033   607253   341927   594449   182453   501173   134087   676589   152429   457607   254003   508349    67307   487709   296027
   295517   487889    67289   508499   253919   457697   152423   676649   134033   501287   182417   594569   341777   607307   148913   556007    65003   385379    57809   578999   118277   650183   415577    32987   362693   102653   584663   667019   284429    49823   581729   121007   642197   314627   635003   143999   551093    92699   358229   105437   517589   198719   565973    23357   547583   242309   446087   191507   632717   212117   404489
   404693   211997   633197   191447   446273   242093   547643    23327   566057   198689   517619   105389   358277    92669   551339   143519   635087   314603   642233   120899   581753    49523   282143   360869    47093   653117    36209   652727   417863   650483   118253   579107    57773   385403    64919   556487   148667   607337   341729   594617   182387   501317   133949   676679   152363   457913   253733   508559    66809   488009   295313
   295187   488057    66797   508709   253607   458027   152297   676727   133733   511163   182129   594899   341507   607349   148457   556763    64667   385493    57587   579239   610409   639713   351599   288389   411779   287939   412073   286763   411479    60293    89597   120767   642419   314513   635339   143243   551549    92657   358499   105107   517877   188843   566273    23279   547709   241979   446399   191297   633209   211949   404819
   404969   211493   633257   191189   446657   241883   547787    23087   566567   188519   517949   104933   358667    92489   551813   143063   635507   314399   642623   579533    86399   359837    50789   649283    50627   649457    50387   649643    40847   649157   613607   120473    57383   385607    64499   556943   148193   607517   341339   595073   182057   511487   133439   676919   152219   458123   253349   508817    66749   488513   295037
   294659   488573    66629   508973   253247   458189   152189   676943   133283   511523   181757   595157   341303   607619   148157   557027    64439   385739   651239   100853   351479   120299   579713   120233   580259   119633   580379   119429   580763   118343   579503   599153    48767   314267   635567   142979   551849    92387   358703   104849   518249   188483   566723    23063   547817   241817   446759   191033   633377   211433   405347
   405497   211403   633473   190979   447107   241679   547823    23039   567053   188303   518387   104759   358733    92237   551927   142973   635603   388823    32309   368099   122489   577529   122393   577739   122207   577937   122027   578117   121697   578399   103979   577427   667697   311183    64403   557033   148079   607769   341273   595247   181619   511703   132953   676967   152183   458327   252899   509027    66533   488603   294509
   294479   488633    66509   509297   252887   458363   152003   676979   132947   511757   181409   595277   341027   608273   148073   557057   637817   308327   364313    59999   640049    59879   640259    59699   640589    59393   640649    59273   640847    59063   641093    45083   639857   391679    62189   142949   551933    91733   358979   104729   518597   188249   567059    23027   548003   241643   447119   190709   633497   211373   405527
   405659   211319   633623   190613   447137   241463   548039    22859   567143   188147   518729   104459   359027    91703   552029   569747    45377   350663   316859   383153   316703   383429   316373   383813   316097   383969   315977   384107   315893   384203   315779   384407   315527   383099   654629   130259   147977   608303   340979   595547   181277   511859   132863   677147   151967   458543   252869   509393    66383   488687   294347
   294317   488723    66377   509429   252827   458663   151937   677309   132749   512537   181199   595613   340877   608423   559673   125639   363977    77477   622637    77213   623003    76949   623327    76289   623723    75797   624233    75659   624467    75527   624599    75323   624737    62627   622493   574367   140333    91583   359129   104393   518807   187469   567257    22697   548069   241343   447179   190577   633629   211283   405689
   405827   211247   633767   190529   447683   241337   548123    22619   567383   187463   518813   104297   359147    85619   127037   351179   147743   552317   147347   552707   147197   552899   147089   553073   146777   553463   146477   553583   146417   553733   146249   554207   145703   554417   145307   552179   572969   614387   340859   595709   181193   512543   132623   677387   151883   458669   252323   509477    66239   488759   294179
   294149   488909    66173   509603   251639   458747   151817   677639   132437   512573   180779   596009   360167   596927   351653   160499   539633   160367   539663   160319   539837   160163   540149   159839   540233   159737   540377   159623   548837   151163   549503   150497   549533   150383   549683   149069   539309   103079   339839   103997   519227   187433   567569    22367   548189   241259   448367   190403   633833   211097   405857
   405947   210827   633923   190313   448397   241127   548363    22349   567659   187409   519257   103583   348209   363149    96797   603227    96749   603563    96059   603989    95783   604259    95393   604727    95273   604787    95177   604997    94889   605393    94529   605543    94433   605609    94169   606083    82349   603149   351797   596423   180749   512597   132347   677657   151643   458879   251609   509693    66083   489179   294059
   293603   489197    65993   509723   251177   458957   151607   677813   132287   512657   521447   586979   336887   347033   353453   346547   353567   346349   353819   346139   354257   345689   354533   345329   354743   345227   355037   344957   355463   344363   355679   344243   355799   344153   355967   343913   356219   357767   352949   113027   178559   187349   567719    22193   548399   241049   448829   190283   634013   210809   406403
   406499   210599   634079   190097   448907   241013   548453    22079   567947   516437   170957   353963   111029   589187   110597   589439   110477   589877   109883   590489   109469   590573   109397   590627   109253   590867   108917   591113   108869   591509   108347   591743   108179   592133   107867   592289   107699   592649   104693   588953   529049   183569   132059   677927   151553   458993   251099   509909    65927   489407   293507
   293459   489449    65837   510077   251003   459047   151517   678077   131363   148517   352907   186959   513059   186869   513353   186587   513767   186107   514013   185957   514103   185819   514313   185483   514529   185369   514643   185267   514823   185153   514949   184727   515357   184577   515519   184409   515873   184013   516209   182537   512843   551489   568643    21929   548489   240959   449003   189929   634169   210557   406547
   406649   210527   634307   189437   449117   240893   548753   678203   559067   369419   204359   495707   204233   495899   204059   495959   204023   496007   203843   496343   203579   496889   203057   497117   202667   497597   202403   497663   202277   497957   201953   498209   201449   498647   201203   499139   200723   499349   200609   499493   182639   495629   140939    21803   151253   459113   250889   510569    65699   489479   293357
   293147   489539    65633   510617   250853   459209   151049    14759   353783   139967   560123   139709   560459   139409   560639   139169   560873   139109   560939   138959   561083   138647   561377   138617   561419   138407   561767   138209   561809   138059   562007   137723   562307   137597   562439   137399   562613   137303   563117   136649   563447   135089   559883   685247   548957   240797   449153   189389   634373   210467   406859
   406883   210347   634397   189239   449303   239633   540173   351587    28703   671357    28403   671717    28277   671777    27947   672227    27689   672557    27239   672827    27143   673019    26849   673193    26783   673247    26693   673613    26387   673649    26339   673769    26189   674117    25847   674273    25643   674483    25469   674699    25247   674837    25127   671189   159833   460373   250703   510767    65609   489659   293123
   293099   489689    65357   510989   450257   662477   351929   159569   540599   159293   540773   159227   540989   158909   541349   158567   541469   158429   541613   158243   541817   157889   542183   157799   542237   157559   542483   157427   542747   157133   542987   157007   543287   156707   543383   156467   543659   156119   544223   155747   544919   155069   544979   154943   540389    37529   249749   189017   634649   210317   406907
   407489   210263   634679   525599   239543   140663   250643   449663   250307   449807   250043   450083   249797   450227   249593   450473   249503   450557   249419   450677   249287   450899   249089   451097   248903   451397   248483   452009   247847   452393   247553   452597   247193   453107   246809   453293   246689   453797   246173   454109   245759   454253   245627   454823   456149   449333   460463   174407    65327   489743   292517
   292427   489833   635939   477293   352493   260999   439133   260849   439199   260753   439289   260543   439667   260207   440039   259829   440183   259667   440507   259157   440987   258977   441179   258743   441443   258527   441557   258443   441569   258119   442019   257867   442319   257639   442487   257489   442733   257189   442829   256967   443117   256877   443249   256643   443489   256169   438989   222713    64067   210173   407579
   407639   209639    47507    40163   198503   501593   198347   501827   197963   502079   197759   502409   197507   502553   197159   502883   197033   503003   196799   503267   196709   503423   196523   503819   196043   504143   195809   504269   195527   504527   195443   504593   195407   504617   195329   504929   195053   504983   194933   505139   194819   505277   194723   505319   194483   505919   506147   501383   652499   490367   292367
   408497   477149   359069    74699   625319    74609   625409    74489   625643    74093   625979    73973   626063    73859   626159    73673   626363    73613   626477    73517   626627    73043   626987    72923   627383    72053   628013    71909   628127    71867   628217    71633   628673    71327   628757    71129   628937    70997   629339    70589   629567    70199   629843    70079   629939    70019   630107    63719   625133   222857   291509
   380327   353747   222107   477947   222029   478157   221807   478259   221603   478679   221219   478913   221069   479147   219983   480047   219839   480209   219707   480317   219677   480419   219503   480569   219293   480989   218963   481133   218849   481379   218417   482099   217793   482309   217619   482507   217409   482687   217253   482837   216617   483773   216179   484067   215927   484283   215399   484613   214943   477857   319679
   251939   305477   394637   305363   394739   305219   395027   304937   395159   304763   395453   304349   396203   303767   396293   303683   396413   303497   396533   303377   396713   303287   396887   303053   397037   302747   397283   302579   397433   302513   397547   302417   398063   301877   398213   301703   398357   301583   398543   301247   398933   300869   399149   300809   399227   300743   399689   300119   399983   400199   394523
