   306209   393857   306029   394007   305933   394157   305783   394367   305597   394523   305477   394637   305363   394739   305219   395027   304937   395159   304763   395453   304349   396203   303767   396293   303683   396413   303497   396533   303377   396713   303287   396887   303053   397037   302747   397283   302579   397433   302513   397547   302417   398063   301877   398213   301703   398357   301583   398543   301247   299447   446273
   398933   223403   476639   223253   476759   222857   477293   222647   477677   222197   477857   222107   477947   222029   478157   221807   478259   221603   478679   221219   478913   221069   479147   219983   480047   219839   480209   219707   480317   219677   480419   219503   480569   219293   480989   218963   481133   218849   481379   218417   482099   217793   482309   217619   482507   217409   482687   217253   216233   613427   301073
   300869   482837    75323   624737    75209   624839    75029   625103    74897   625133    74699   625319    74609   625409    74489   625643    74093   625979    73973   626063    73859   626159    73673   626363    73613   626477    73517   626627    73043   626987    72923   627383    72053   628013    71909   628127    71867   628217    71633   628673    71327   628757    71129   628937    70997   629339    70589   632447   344957   217169   399137
   399149   216617   629567   199403   500693   199049   501029   198929   501173   198719   501317   198623   501503   198413   501659   198179   502043   197927   502247   197597   502499   197453   502847   197123   502973   197003   503207   196739   503297   196583   503483   196187   503963   195863   504197   195737   504479   195479   504563   195413   504599   195389   504677   195077   504953   195023   193649   659177    70439   483389   300857
   300809   483827    70199   505073   262313   437753   262187   437867   261977   438047   261773   438419   261563   438989   260999   439133   260849   439199   260753   439289   260543   439667   260207   440039   259829   440183   259667   440507   259157   440987   258977   441179   258743   441443   258527   441557   258443   441569   258119   442019   257867   442319   257639   442487   257489   256019   533837   194933   629807   216179   399197
   399227   215939   629843   194867   442733   251939   448367   251609   448829   251003   449117   250853   449303   250673   449363   250343   449699   250199   449963   249923   450209   249779   450257   249593   450473   249503   450557   249419   450677   249287   450899   249089   451097   248903   451397   248483   452009   247847   452393   247553   452597   247193   453107   246809   455603   344207   257273   505139    70163   484067   300779
   300743   484079    70079   505187   257189   453293   159857   540167   159833   540233   159737   540377   159623   540389   159569   540599   159293   540773   159227   540989   158909   541349   158567   541469   158429   541613   158243   541817   157889   542183   157799   542237   157559   542483   157427   542747   157133   542987   157007   543287   156707   543383   156467   543887   347873   246713   442817   194819   629927   215927   399263
   399689   215723   629939   194729   442829   246689   543659    29429   670583    29387   670673    29243   670853    29129   671189    28703   671357    28403   671717    28277   671777    27947   672227    27689   672557    27239   672827    27143   673019    26849   673193    26783   673247    26693   673613    26387   673649    26339   673769    26189   674117    25847   675929   346139   156347   453317   257177   505277    70067   484283   300317
   300119   484607    70019   505283   256967   453797   155783   674273   140639   559529   140423   559667   140333   559709   140207   559883   139967   560123   139709   560459   139409   560639   139169   560873   139109   560939   138959   561083   138647   561377   138617   561419   138407   561767   138209   561809   138059   562007   137723   562307   137597   575303   336029    25733   544223   246209   443039   194723   629987   215399   399887
   399983   215393   630107   194687   443117   246173   544259    25643   562439   205103   494987   204887   495149   204557   495563   204437   495629   204299   495773   204107   495947   204047   495983   203999   496163   203663   496427   203117   496949   202889   497339   202409   497603   202343   497729   202049   498053   201797   498557   201359   200153   647033   137567   674363   155747   453833   256889   505319    69899   484613   300023
   300017   484727    69809   505523   256877   454109   155087   674483   137399   498803   187463   512573   187409   512657   187163   513047   186947   513137   186653   513419   186239   513899   185993   514049   185903   514187   185693   514523   185477   514637   185363   514739   185183   514853   185057   515279   184649   515429   184487   178349   685637   201203   562607    25523   544919   245897   443129   194483   630197   215279   399989
   400199   215273   630353   194087   443249   245759   544937    25469   562613   200867   515597   111767   588347   111623   588509   111323   588737   111263   588779   111053   588977   110819   589409   110567   589529   110129   590123   109517   590537   109433   590609   109379   590753   109139   591089   108893   591137   108497   591743   348407   184409   499139   137393   674537   155069   454247   256757   505919    69653   484733   299807
   299699   484853    69539   505949   256643   454253   155027   674699   137303   499283   184133   591659   348209   351929   347957   352073   347813   352493   347099   352949   347033   353453   346547   353567   346349   353747   346223   353819   346043   354257   345689   354533   345329   354743   345227   355037   344543   341273   362147   108347   515873   200723   562703    25307   544979   245753   443363   194057   630467   215153   400307
   400643   214943   630689   194027   443489   245627   545063    25247   563117   200657   516209   108179   355643    97553   602543    97379   602639    97007   603047    96857   603209    96779   603257    96443   603947    96017   604223    95747   604613    95279   604733    95219   604829    95009   605117    94613   605573   348443   344363   591827   183797   499349   136889   674759   154943   454379   256517   505979    69317   485063   299363
   299147   485123    69203   506147   256169   454823   154619   674837   136649   499397   183713   592133   344327   605477   160967   539129   160739   539309   160499   539633   160367   539663   160319   539837   160163   548123   151817   548363   151607   548453   151517   548753   151169   548843   151049   550757   338993    94529   355679   107873   516293   200609   563357    25169   545387   245183   443837   193859   630803   214883   400859
   400943   214589   630863   193793   443873   245087   545483    25127   563447   200513   516323   107867   355763    94463   549503   148193   551849   148079   551933   147977   552179   147743   552317   147347   552707   147197   552899   147089   553073   146543   553529   146423   553589   146273   568877   334247   150503   605543   344243   592139   183683   499493   136559   674879   154523   454919   256133   506213    69143   485417   299063
   298937   485447    68993   506327   255977   454967   154247   675029   136463   499523   183569   592289   344153   605609   150497   553757    78653   621527    78173   621869    77933   622157    77513   622529    77369   622793    77003   623057    76679   623717    76283   624209    75773   624467   348353   146249   549509    94397   355853   107717   516437   200483   563543    24977   545759   245039   444029   193679   631013   214559   401069
   401417   214463   631187   193469   444089   245033   545933    24923   563663   200357   516617   107699   355967    94169   549533   145799   624347   317903   382229   317453   382643   317279   382847   317123   382919   316937   383099   316859   383153   316703   383429   316373   314813   418289    75659   554207   150473   605837   344039   592307   183389   499649   136343   675083   154073   454973   255917   506537    68819   485543   298589
   298049   485567    68777   506573   255839   455219   154067   675197   136193   499943   183383   592649   343913   606083   150383   554303    75527   383813    60737   639563    60317   639713    60167   639857    59999   640049    59879   640259    59699   640589    59393   657707   332117   316193   624479   145703   549623    93923   356093   107357   516623   200063   563813    24809   545939   244787   444167   193433   631229   214439   401957
   401993   213953   631307   193163   444293   244667   546053    24767   564359   200033   516689   107279   356219    93893   549683   145589   624599   316097   640649   123803   576287   123707   576683   122963   577067   122609   577427   122489   577529   122393   577739   349343    59357   383909    75407   554417   150323   606113   343787   592727   183317   499973   135647   675239   153953   455339   255713   506843    68699   486053   298013
   297953   486119    68597   506873   255659   455513   153743   675347   135599   500153   183167   592763   343313   606323   150299   554573    65837   383969    59273   577799   121403   578693   121229   579107   120767   579503   120473   579707   120293   599069   329789   122207   640733   316037   634169   145433   549707    93683   356693   107243   516839   199853   564407    24659   546263   244493   444347   193133   631409   213887   402053
   402197   213827   631529   193043   444539   244379   546317    24593   564617   199673   516947   107033   356933    93563   549719   145307   634307   315977   640847   122069   579773    51203   649157    50789   649283    50627   649457    50387   658247   340877   120233   577937    59159   384029    65699   554699   150287   606443   343073   592973   183059   500333   135389   675413   153689   455627   255467   506963    68477   486179   297809
   297707   486293    68447   506993   255383   455789   153437   675593   135353   500369   183047   593183   343037   606449   150239   554747    65633   384107    59063   577979   119747   649643   290183   409967   289889   410243   289727   284429   475583    50363   580259   122027   640943   315899   634373   145259   549767    93557   356969   106823   516959   199637   564653    24413   546569   244217   444623   193013   631559   213713   402299
   402383   213599   631859   192977   444677   244157   546599    24179   564797   199523   517073   106619   357107    93503   550139   145253   634397   315893   641093   121889   580373    50207   410687    47513   652499    47339   663407   339257   289319   649799   119633   578117    58913   384113    65609   554753   149867   606503   342899   593387   182933   500483   135209   675827   153407   455849   255329   507029    68147   486407   297623
   297503   486449    67883   507119   255239   456149   153287   675923   135089   500519   182927   593519   342659   606527   149837   554969    65357   384203    58679   578309   119627   649829   289103   652727   115853   599663   334493    47279   410903    50177   580379   121697   641327   315803   634649   145037   550169    93479   357347   106487   517079   199487   564917    24083   546719   243857   444767   192887   632123   213557   402503
   402923   213467   632153   192677   444833   243839   546869    24029   564989   190313   517217   106433   357353    93419   550289   144887   634793   315779   641579   121607   580577    50129   411167   654743   568643   350003   131363    45263   288839   649877   119429   578399    58427   384227    65213   555119   149717   606587   342653   593573   182789   509693   135017   675977   153137   456167   255173   507329    67853   486539   297083
   296969   486677    67733   507599   255137   456767   153113   676217   134669   509723   182639   593633   342647   606743   149627   555167    65147   384407    58367   578453   119243   649937   415109    34283   365513   100343   584153   665723   284897    50069   580763   121553   641639   315599   634859   144839   550379    93263   357359   106373   517367   190283   565337    23789   546893   243239   444869   192407   632273   213329   403037
   403097   213209   632297   192263   444929   243197   546947    23753   565517   190097   517403   106103   357437    93047   550607   144719   634943   315569   641789   121523   580919   651767   409349   360749    47507   652667    36599   652493   290657    48239   119087   578483    58217   384437    65063   555287   149399   606959   342569   593903   182603   509909   134489   676253   153059   456809   255077   507743    67709   486797   296909
   296843   486833    67679   507953   255053   457139   152909   676259   134417   510077   182549   593987   342497   607049   149069   555593    65027   384479    58193   578537   585917    38183   224423   290039   410117   289763   410279   415577   409823   661823   114089   121469   641813   315527   634979   144413   550937    92957   357509   106019   517457   189929   565589    23747   547097   242867   444953   192053   632327   213173   403163
   403253   213029   632459   191969   445019   242729   547223    23669   565637   189437   517469   106013   357593    92849   550973   144323   635003   315407   641897   578999    92237   359129    50849   649217    50723   649379    50549   649619    41759   648803   607769   121007    58109   384599    65003   555683   149033   607157   342413   593993   182537   510569   134369   676337   152783   457277   254987   508037    67547   486977   296753
   296507   487007    67523   508103   254777   457367   152777   676373   134339   510767   182519   594023   342347   607253   148913   555707    64919   384737   647627   118409   370217   121313   578777   120899   579239   120503   579533   120299   579713   100937   578603   581597    52379   315269   635087   144299   551093    92753   357659   105983   517487   189239   565667    23633   547229   242639   445229   191903   632483   212999   403499
   403757   212873   632699   191783   445307   242603   547487    23537   565787   189017   517553   105899   357767    92699   551339   143999   635339   306947    32363   350663   123719   576299   123323   577043   122939   577397   122579   577517   122477   577613   122267   576203   667643   393059    64667   556007   148667   607307   342239   594107   182453   510989   134219   676469   152519   457403   254699   508223    67307   487133   296249
   296129   487427    67289   508259   254207   457553   152429   676589   134213   511163   182417   594449   342197   607337   148517   556487   635849   459047   367889    60443   639689    60293   639839    60149   640007    59957   640127    59747   640307    59417   640613    42299   639269   240959    64157   143519   551489    92669   357809   105557   517589   188843   565793    23417   547577   242453   445799   191747   632717   212579   403877
   403889   212369   633197   191657   445967   242447   547583    23357   565919   188519   517619   105437   358079    92657   551549   142733    58727   281717   317777   382553   317363   382727   317159   382883   317087   383069   316907   383147   316853   383303   316577   383633   385193   382103   641279   557273   148457   607349   341927   594569   182387   511487   134087   676649   152423   457559   254039   508349    66809   487637   296117
   296027   487709    66797   508499   254003   457607   152363   676679   134033   511523   182129   594617   341777   607517   146777   538199   351653    78479   621833    78137   622073    77849   622493    77477   622637    77213   623003    76949   623327    76289   623723    75797   624233    75539   621353   161807   553229    92489   358229   105389   517877   188483   565973    23327   547643   242399   446003   191507   633209   212297   403979
   404489   212117   633257   191447   446087   242309   547709    23279   566057   188303   517949   105107   358277   610733   530597   365759   148157   551927   148073   552029   147827   552263   147689   552659   147299   552809   147107   552917   146933   553463   146477   553583   146417   553733   131129   551813   169409    89273   341729   594899   182057   511703   133949   676727   152297   457697   253919   508559    66749   487889   295517
   295313   488009    66629   508709   253607   457913   152219   676919   133733   511757   181757   595073   338279    83597   361013   160877   539267   160697   539507   160373   539639   160343   539687   160169   539843   151883   548189   151643   548399   151553   548489   151253   548837   151163   548957   149249   539039   616409   361727   104933   518249   188249   566273    23087   547787   242093   446399   191297   633377   211997   404693
   404819   211949   633473   191189   446657   241979   547817    23063   566567   188147   518387   595157   368729   351563    97463   602627    97367   602999    96959   603149    96797   603227    96749   603563    96059   603989    95783   604259    95393   604727    95273   604787    95177   604997    94889   605393    94433   602453   331277   104849   181619   511859   133439   676943   152189   458027   253349   508817    66533   488057   295187
   295037   488513    66509   508973   253247   458123   152183   676967   133283   512537   538367    97919   337859   348077   352049   347933   352193   347513   352907   347057   352973   346553   353459   346439   353657   346259   353783   346187   353963   345749   354317   345473   354677   345263   354779   344969   355463   358733   351797   602087   161639   187469   566723    23039   547823   241883   446759   191033   633497   211493   404969
   405347   211433   633623   190979   447107   241817   548003    23027   567053   515993   492893   351599   111659   588383   111497   588683   111269   588743   111227   588953   111029   589187   110597   589439   110477   589877   109883   590489   109469   590573   109397   590627   109253   590867   108917   591113   108869   591509   108263   588239   207113   184013   132953   676979   152003   458189   252899   509027    66383   488573   294659
   294509   488603    66377   509297   252887   458327   151967   677147   567257   475037    14369   187433   512597   187349   512843   186959   513059   186869   513353   186587   513767   186107   514013   185957   514103   185819   514313   185483   514529   185369   514643   185267   514823   185153   514949   184727   515357   184577   515519   521657   512543   224969   132749    22859   548039   241679   447119   190709   633629   211403   405497
   405527   211373   633767   190613   447137   241643   548069   677639   112919    52973   205019   495119   204857   495449   204443   495569   204377   495707   204233   495899   204059   495959   204023   496007   203843   496343   203579   496889   203057   497117   202667   497597   202403   497663   202277   497957   201953   498209   201449   498647   499853   494903   587087    22367   151937   458363   252869   509393    66239   488633   294479
   294347   488687    66173   509429   252827   458543   550427    12983   363977   140477   559583   140339   559673   140297   559799   140123   560039   139883   560297   139547   560597   139367   560837   139133   560897   139067   561047   138923   561359   138629   561389   138587   561599   138239   561797   138197   561947   137999   562283   137699   562409   124703   559367   687023   149579   241463   447179   190577   633833   211319   405659
   405689   211283   633923   190529   447683   458993   142433   353867    29423   670619    29333   670763    29153   670877    28817   671303    28649   671603    28289   671729    28229   672059    27779   672317    27449   672767    27179   672863    26987   673157    26813   673223    26759   673313    26393   673619    26357   673667    26237   673817    25889   674159    24077   670577   557573   241013   252323   509477    66083   488723   294317
   294179   488759    65993   509603   448907   226007   352133   159839   540173   159773   540269   159629   540383   159617   540437   159407   540713   159233   540779   159017   541097   158657   541439   158537   541577   158393   541763   158189   542117   157823   542207   157769   542447   157523   542579   157259   542873   157019   542999   156719   543299   156623   543539   156119   540149   473999   251099   190403   634013   211247   405827
   405857   211097   634079   510617   427439   355799   251639   448397   251177   449003   250889   449153   250703   449333   250643   449663   250307   449807   250043   450083   249797   450227   249749   450413   249533   450503   249449   450587   249329   450719   249107   450917   248909   451103   248609   451523   247997   452159   247613   452453   247409   452813   246899   453197   244403   448067   272567   189389    65927   488909   294149
   294059   489179   634679   491867   166169   262253   437819   262139   438029   261959   438233   261587   438443   261017   439007   260873   439157   260807   439253   260717   439463   260339   439799   259967   440177   259823   440339   259499   440849   259019   441029   258827   441263   258563   441479   258449   441563   258437   441887   257987   442139   257687   442367   257519   442517   443987   437693   208139    65327   210827   405947
   406403   489833    52673    40829   199313   500957   198977   501077   198833   501287   198689   501383   198503   501593   198347   501827   197963   502079   197759   502409   197507   502553   197159   502883   197033   503003   196799   503267   196709   503423   196523   503819   196043   504143   195809   504269   195527   504527   195443   504593   195407   504617   195329   504929   195053   504983   506357   500603   647333   210173   293603
   291287   464483   355049    75269   624797    75167   624977    74903   625109    74873   625307    74687   625397    74597   625517    74363   625913    74027   626033    73943   626147    73847   626333    73643   626393    73529   626489    73379   626963    73019   627083    72623   627953    71993   628097    71879   628139    71789   628373    71333   628679    71249   628877    71069   629009    70667   629417    67559   624683   235523   408719
   495647    86579   223367   476753   223247   477149   222713   477359   222329   477809   222149   477899   222059   477977   221849   478199   221747   478403   221327   478787   221093   478937   220859   480023   219959   480167   219797   480299   219689   480329   219587   480503   219437   480713   219017   481043   218873   481157   218627   481589   217907   482213   217697   482387   217499   482597   217319   482753   483773   476603   204359
   253733   306149   393977   305999   394073   305849   394223   305639   394409   305483   394529   305369   394643   305267   394787   304979   395069   304847   395243   304553   395657   303803   396239   303713   396323   303593   396509   303473   396629   303293   396719   303119   396953   302969   397259   302723   397427   302573   397493   302459   397589   301943   398129   301793   398303   301649   398423   301463   398759   400559   393797
