   307169   392927   306947   393257   306707   393473   306419   393629   306329   393797   306149   393977   305999   394073   305849   394223   305639   394409   305483   394529   305369   394643   305267   394787   304979   395069   304847   395243   304553   395657   303803   396239   303713   396323   303593   396509   303473   396629   303293   396719   303119   396953   302969   397259   302723   397427   302573   397493   302459   301649   443837
   397589   224129   475973   223919   476183   223757   476369   223577   476477   223493   476603   223367   476753   223247   477149   222713   477359   222329   477809   222149   477899   222059   477977   221849   478199   221747   478403   221327   478787   221093   478937   220859   480023   219959   480167   219797   480299   219689   480329   219587   480503   219437   480713   219017   481043   218873   481157   218627   482213   346223   302417
   301943   481589    76679   623717    76283   624209    75773   624347    75539   624479    75407   624683    75269   624797    75167   624977    74903   625109    74873   625307    74687   625397    74597   625517    74363   625913    74027   626033    73943   626147    73847   626333    73643   626393    73529   626489    73379   626963    73019   627083    72623   627953    71993   628097    71879   628139    71789   634679   340169   218417   398063
   398129   217907   628373   200357   499853   200063   499973   199853   500333   199637   500483   199487   500603   199313   500957   198977   501077   198833   501287   198689   501383   198503   501593   198347   501827   197963   502079   197759   502409   197507   502847   197123   502973   197003   503207   196739   503297   196583   503483   196187   503963   195863   504197   195737   504479   195479   505277   346553    71633   482099   301877
   301793   482309    71333   504563   263567   436607   263267   437153   262733   437357   262643   437693   262253   437819   262139   438029   261959   438233   261587   438443   261017   439007   260873   439157   260807   439253   260717   439463   260339   439799   259967   440177   259823   440339   259499   440849   259019   441029   258827   441263   258563   441479   258449   441563   258437   255383   533549   195443   628673   217697   398213
   398303   217619   628679   195413   441887   253247   447107   252887   447137   252827   447683   251939   448367   251609   448829   251099   449003   250889   449153   250703   449333   250643   449663   250307   449807   250043   450083   249797   450227   249749   450413   249533   450503   249449   450587   249329   450719   249107   450917   248909   451103   248609   451523   247997   453107   346187   258119   504593    71327   482387   301703
   301583   482507    71249   504599   257987   452159   160499   539633   160367   539663   160319   539837   160163   540149   159839   540173   159773   540269   159629   540383   159617   540437   159407   540713   159233   540779   159017   541097   158657   541439   158537   541577   158393   541763   158189   542117   157823   542207   157769   542447   157523   542579   157259   546599   344243   247847   442019   195407   628757   217499   398423
   398543   217409   628877   195389   442139   247613   542873    30677   669413    30347   669869    30119   669947    29867   670217    29663   670577    29423   670619    29333   670763    29153   670877    28817   671303    28649   671603    28289   671729    28229   672059    27779   672317    27449   672767    27179   672863    26987   673157    26813   673223    26759   674837   346439   157133   452393   257867   504617    71129   482597   301463
   301247   482687    71069   504677   257687   452453   157019   673313   142019   558203   141719   558497   141443   558827   140939   559277   140663   559367   140477   559583   140339   559673   140297   559799   140123   560039   139883   560297   139547   560597   139367   560837   139133   560897   139067   561047   138923   561359   138629   561389   138587   570719   338543    26693   542987   247553   442319   195329   628937   217319   398759
   398933   217253   629009   195077   442367   247409   542999    26393   561599   206033   493979   205937   494093   205619   494519   205397   494687   205307   494783   205157   494873   205103   494987   204887   495149   204557   495563   204377   495647   204299   495773   204107   495947   204047   495983   203999   496163   203663   496427   203117   187433   658487   138407   673613   157007   452597   257639   504929    70997   482753   301073
   300869   482837    70667   504953   257519   452813   156719   673619   138239   496949   190097   510077   189437   510617   189017   511163   188519   511523   188303   511757   188147   512537   187463   512597   187349   512843   186959   513059   186869   513353   186239   513899   185993   514049   185903   514187   185693   514523   185477   185057   677387   203057   561767    26387   543287   247193   442487   195053   629339   217169   399137
   399149   216617   629417   195023   442517   246809   543299    26357   561797   202889   514637   112919   587219   112589   587429   112403   587669   112253   587987   111893   588173   111767   588347   111623   588509   111323   588737   111263   588779   111053   588977   110819   589409   110567   589529   110129   590123   109517   596009   343073   185369   497117   138209   673649   156707   453197   257489   504983    70589   483389   300857
   300809   483773    70439   505073   257273   453293   156623   673667   138197   497339   185363   590537   349913   350213   349787   350453   349343   350963   348827   351479   348443   351587   348407   351653   348209   351929   347957   352073   347873   352193   347513   352907   347057   352973   346547   353657   346259   344207   357659   109469   514643   202667   561809    26339   543383   246713   442733   194933   629567   216233   399197
   399227   216179   629807   194867   442817   246689   543539    26237   561947   202409   514739   109433   353867    98963   601067    98927   601379    98519   601883    98057   602033    97967   602087    97673   602453    97463   602627    97367   602999    96959   603149    96797   603227    96749   603563    96059   611459   340649   346139   590573   185267   497597   138059   673769   156467   453317   257189   505139    70199   483827   300779
   300743   484067    70163   505187   257177   453797   156347   673817   137999   497603   185183   590609   346043   603989   162257   538049   161879   538199   161639   538553   161309   538739   160997   539039   160877   539267   160697   547709   152219   547817   152183   548039   151937   548123   151817   575087   313637    96017   353963   109397   514823   202403   562007    26189   543659   246209   442829   194819   629843   215939   399263
   399689   215927   629927   194723   443039   246173   543887    25889   562283   202343   514853   109379   354257    95783   548363   149579   550607   149249   550937   149033   551093   148667   551489   148457   551813   148157   551927   148073   552029   147827   552263   147689   552659   147299   566723   334493   151643   604223   345749   590627   185153   497663   137723   674117   156119   453833   256967   505283    70079   484079   300317
   300119   484283    70067   505319   256889   454109   155783   674159   137699   497729   184727   590753   345689   604259   151607   552809    79613   620579    79367   620657    79229   620813    78989   621029    78893   621227    78653   621527    78173   621869    77933   622157    77513   633623   338213   147197   548399    95747   354317   109253   515279   202277   562307    25847   544223   245897   443117   194687   629939   215723   399887
   399983   215399   629987   194483   443129   245759   544259    25733   562409   202049   515357   109139   354533    95393   548453   147107   622529   319127   380909   319049   381323   318629   381533   318377   381659   318299   382037   317903   382229   317453   382643   317279   314513   417089    77477   552899   151553   604613   345473   590867   184649   497957   137597   674273   155747   454247   256877   505523    70019   484607   300023
   300017   484613    69899   505919   256757   454253   155087   674363   137567   498053   184577   591089   345329   604727   151517   552917    77369   382847    62189   638303    61583   638453    61547   638663    61007   639053    60923   639137    60737   639563    60317   646157   342413   317159   622637   147089   548489    95279   354677   108917   515429   201953   562439    25643   544919   245753   443249   194087   630107   215393   399989
   400199   215279   630197   194057   443363   245627   544937    25523   562607   201797   515519   108893   354743    95273   548753   146933   623003   317123   639713   124979   575153   124793   575303   124577   575513   124433   575579   124337   575867   123887   584279   341339    60293   382883    77003   553073   151253   604733   345263   591113   184487   498209   137399   674483   155069   454379   256643   505949    69809   484727   299807
   299699   484733    69653   505979   256517   454823   155027   674537   137393   498557   184409   591137   345227   604787   151169   553229    76949   382919    60167   576203   122477   577613   122267   577799   122069   577979   121889   578309   121607   596117   331907   123803   639839   317087   623057   146777   548837    95219   354779   108869   515597   201449   562613    25469   544979   245183   443489   194027   630353   215273   400307
   400559   215153   630467   193859   443873   245087   545063    25307   562703   201359   515873   108497   355037    95177   548843   146543   633377   316937   639857   123719   578453    52529   647489    52379   647693    52259   647753    52223   656429   341273   121553   576287    60149   383069    66629   553463   151163   604829   344969   591509   184133   498647   137303   674699   154943   454919   256133   506147    69539   484853   299447
   299363   485063    69317   506213   256019   454967   154619   674759   136889   498803   184013   591659   344957   604997   150503   553529    66509   383099    59999   576299   121523   648029   291569   408497   291443   408713   291287   290963   467549    51977   578483   123707   640007   316907   633497   146477   549503    95009   355049   108347   515993   201203   563117    25247   545387   245039   443987   193793   630689   214943   400643
   400859   214883   630803   193679   444029   245033   545483    25127   563357   200867   516209   108263   355463    94889   549509   146423   633629   316859   640049   123323   578537    51899   409007    49823   650477    49523   661823   338369   290999   648107   121469   576683    59957   383147    66377   553583   150497   605117   344543   591743   183797   499139   136649   674879   154523   454973   255977   506327    69203   485123   299147
   299063   485417    69143   506357   255917   455219   154247   675029   136559   499283   183713   591827   344363   605393   150473   553589    66239   383153    59879   577043   121403   648239   290669   650543   117119   644117   288773    49463   409337    51767   578603   122963   640127   316853   633767   146417   549533    94613   355643   108179   516293   200723   563447    24977   545759   244787   444089   193649   630863   214589   400943
   401069   214559   631013   193469   444167   244667   545933    24923   563543   200657   516323   107873   355679    94529   549623   146273   633833   316703   640259   122939   578693    51749   409349    47279   521657   350003   178349   652727   290657   648257   121313   577067    59747   383303    66173   553733   150383   605477   344327   592133   183683   499349   136463   675083   154073   455339   255839   506537    68993   485447   298937
   298589   485543    68819   506573   255713   455513   154067   675197   136343   499397   183569   592139   344153   605543   150323   553757    66083   383429    59699   577397   121229   648293   285827   640733   411233    55889   582887    59273   414179    51713   578777   122609   640307   316577   633923   146249   549683    94463   355853   107867   516437   200609   563663    24809   545939   244493   444293   193433   631187   214463   401417
   401957   214439   631229   193163   444347   244403   546053    24767   563813   200513   516617   107717   355967    94433   549707   145799   634013   316373   640589   122579   579107   648677   531143   361637    49529   650483    38183   650183   168863    51329   120899   577427    59417   383633    65993   554207   150299   605573   344039   592289   183389   499493   136193   675239   153953   455603   255659   506843    68777   485567   298049
   298013   486053    68699   506873   255467   455627   153743   675347   135647   499523   183383   592307   343913   605609   150287   554303    65927   383813    59393   577517   114593    41879   232457   291509   408563   291293   408719   409043   408437   658127   585413   122489   640613   316193   634079   145703   549719    94397   356093   107699   516623   200483   564359    24659   546263   244379   444539   193133   631307   213953   401993
   402053   213887   631409   193043   444677   244217   546317    24593   564407   191189   516689   107357   356219    94169   549767   145589   634169   316097   640649   121007   565919   358733    52517   647627    52313   647747    52253   647783    43577   647477   134087   578999    59357   383909    65837   554417   150239   605837   343787   592649   183317   508817   135599   675413   153689   455789   255329   506963    68597   486119   297953
   297809   486179    68477   506993   255239   455849   153437   675593   135389   508973   183167   592727   343313   606083   149867   554573    65699   383969   641813   568367   368099   122393   577739   122207   577937   122027   578117   121697   578399   103889   577529   131639    58193   316037   634307   145433   550139    93923   356693   107279   516839   191033   564617    24413   546569   244157   444767   193013   631529   213827   402197
   402299   213713   631559   192977   444833   243857   546719    24179   564653   190979   516947   107243   356969    93893   550169   145307   634373   384227    48197   358667   124853   575213   124703   575429   124493   575573   124427   575669   124139   576119   115727   575027   651809   315779    65633   554699   149837   606113   343037   592763   183059   509027   135353   675827   153287   456149   255173   507029    68447   486293   297707
   297623   486407    68147   507119   255137   456167   153137   675923   135209   509297   183047   592973   342899   606323   149717   554747    65147   380459   357593    61703   638423    61553   638459    61343   638999    60953   639083    60869   639269    60443   639689    53849   637817   319547   634859   145259   550289    93683   357107   107033   516959   190709   564797    24083   546869   243839   444869   192887   631859   213599   402383
   402503   213557   632123   192677   444929   243239   546893    24077   564917   190613   517073   106823   357347    93563   550379   565787   609803   282917   319097   380957   318683   381377   318473   381629   318347   381707   317969   382103   317777   382553   317363   382727   385493   380879    90203   134219   149627   606443   342659   593183   182933   509393   135089   675929   153113   456767   255077   507329    67883   486449   297503
   297083   486539    67853   507599   255053   456809   153059   675977   135017   509429   182927   593387   342653   606449   132347   115757   361793    79427   620639    79349   620777    79193   621017    78977   621113    78779   621353    78479   621833    78137   622073    77849   622493    66383   620393   584249   567659    93557   357353   106619   517079   190577   564989    24029   546947   243197   444953   192407   632153   213467   402923
   403037   213329   632273   192263   445019   242867   547097    23789   565337   190529   517217   106487   357359   606587   520067   365513   149399   550757   149069   550973   148913   551339   148517   551549   148193   551849   148079   551933   147977   552179   147743   552317   147347   552707   133283   550427   179939    93419   342647   593519   182789   509477   134669   676217   152909   457139   254987   507743    67733   486677   296969
   296909   486797    67709   507953   254777   457277   152783   676253   134489   509603   182639   593573   332183    79907   386369   161957   538127   161807   538367   161453   538697   161267   539009   160967   539129   160739   539309   152297   547787   152189   547823   151967   548069   151883   548189   124919   537749   620099   367823   106433   517367   190403   565517    23753   547223   242729   445229   192053   632297   213209   403097
   403163   213173   632327   191969   445307   242639   547229    23747   565589   190313   517403   596027   369659   359357    98939   601079    98627   601487    98123   601949    97973   602039    97919   602333    97553   602543    97379   602639    97007   603047    96857   603209    96779   603257    96443   603947    88547   601043   330347   103979   182603   509693   134417   676259   152777   457367   254699   508037    67679   486833   296843
   296753   486977    67559   508103   254207   457403   152519   676337   134369   509723   528137    92387   342347   349793   350219   349553   350663   349043   351179   348527   351563   348419   351599   348353   351797   348077   352049   347933   352133   347813   352493   347099   352949   347033   353459   346349   353747   355799   350093   607619   171869   190283   565637    23669   547487   242603   445799   191903   632447   213029   403253
   403499   212999   632459   191783   445967   242453   547577    23633   565667   510767   493067   356933   112787   587417   112577   587603   112337   587753   112019   588113   111833   588239   111659   588383   111497   588683   111269   588743   111227   588953   111029   589187   110597   589439   110477   589877   109883   590489   103997   587087   206939   189239   134339   676373   152429   457553   254039   508223    67547   487007   296507
   296249   487133    67523   508259   254003   457559   152423   676469   134033   493013    22619   189929   510569   189389   510989   188843   511487   188483   511703   188249   511859   187469   512543   187409   512657   187163   513047   186947   513137   186653   513767   186107   514013   185957   514103   185819   514313   185483   514529   514949   509909   206993   565973    23537   547583   242447   446003   191747   632483   212873   403757
   403877   212579   632699   191657   446087   242399   547643    23417   548957    41519   206027   494069   205913   494387   205487   494609   205319   494699   205223   494849   205133   494903   205019   495119   204857   495449   204443   495629   204359   495707   204233   495899   204059   495959   204023   496007   203843   496343   203579   496889   512573   493973   151049   676589   152363   457607   253919   508349    67307   487427   296129
   296117   487637    67289   508499   253733   457697   152003   667817   361463   141803   558287   141509   558563   141179   559067   140729   559343   140639   559529   140423   559667   140333   559709   140207   559883   139967   560123   139709   560459   139409   560639   139169   560873   139109   560939   138959   561083   138647   561377   138617   561419   129287   557987    32189   548003   242309   446273   191507   632717   212369   403889
   403979   212297   633197   191447   446399   460073   537413   353567    30593   669659    30137   669887    30059   670139    29789   670343    29429   670583    29387   670673    29243   670853    29129   671189    28703   671357    28403   671717    28277   671777    27947   672227    27689   672557    27239   672827    27143   673019    26849   673193    26783   673247    25169   669329   162593   239933   253607   508559    66809   487709   296027
   295517   487889    66797   508709   253349   228257   355763   160373   539639   160343   539687   160169   539843   159857   540167   159833   540233   159737   540377   159623   540389   159569   540599   159293   540773   159227   540989   158909   541349   158567   541469   158429   541613   158243   541817   157889   542183   157799   542237   157559   542483   157427   542747   153407   539507   471749   446657   191297   633209   212117   404489
   404693   211997   633257   513419   622793   353819   252899   447119   252869   447179   252323   448067   251639   448397   251177   448907   251003   449117   250853   449303   250673   449363   250343   449699   250199   449963   249923   450209   249779   450257   249593   450473   249503   450557   249419   450677   249287   450899   249089   451097   248903   451397   248483   452009   246899   446759    77213   186587    66749   488009   295313
   295187   488057   633473   176369   166457   263399   436739   262853   437273   262649   437363   262313   437753   262187   437867   261977   438047   261773   438419   261563   438989   260999   439133   260849   439199   260753   439289   260543   439667   260207   440039   259829   440183   259667   440507   259157   440987   258977   441179   258743   441443   258527   441557   258443   441569   444623   436439   523637    66533   211949   404819
   404969   489539    49193   353453   200153   499943   200033   500153   199673   500369   199523   500519   199403   500693   199049   501029   198929   501173   198719   501317   198623   501503   198413   501659   198179   502043   197927   502247   197597   502499   197159   502883   197033   503003   196799   503267   196709   503423   196523   503819   196043   504143   195809   504269   195527   504527   194729   499649   650813   210467   295037
   289889   197453   359837    76289   623723    75797   624233    75659   624467    75527   624599    75323   624737    75209   624839    75029   625103    74897   625133    74699   625319    74609   625409    74489   625643    74093   625979    73973   626063    73859   626159    73673   626363    73613   626477    73517   626627    73043   626987    72923   627383    72053   628013    71909   628127    71867   628217    65327   623327   502553   410117
   495569   353783   224033   476087   223823   476249   223637   476429   223529   476513   223403   476639   223253   476759   222857   477293   222647   477677   222197   477857   222107   477947   222029   478157   221807   478259   221603   478679   221219   478913   221069   479147   219983   480047   219839   480209   219707   480317   219677   480419   219503   480569   219293   480989   218963   481133   218849   481379   217793   475877   204437
   256169   307079   393059   306749   393299   306533   393587   306377   393677   306209   393857   306029   394007   305933   394157   305783   394367   305597   394523   305477   394637   305363   394739   305219   395027   304937   395159   304763   395453   304349   396203   303767   396293   303683   396413   303497   396533   303377   396713   303287   396887   303053   397037   302747   397283   302579   397433   302513   397547   398357   392837
