   319817   380327   319673   380417   319547   380837   319127   380909   319049   381323   318629   381533   318377   381659   318299   382037   317903   382229   317453   382643   317279   382847   317123   382919   316937   383099   316859   383153   316703   383429   316373   383813   316097   383969   315977   384107   315893   384203   315779   384407   315569   384479   315407   384737   315179   385079   314879   385193   314807   313727   418343
   385379   237563   462719   237233   462827   237143   462953   236723   463433   236549   463787   236087   464129   235793   464327   235559   464483   235307   464963   235013   464999   234917   465173   234713   465407   234587   465809   234089   465977   233759   466517   233357   467183   232709   467399   232499   467549   232307   467897   232103   467927   231947   468113   231533   468527   231359   468683   231269   468899   346349   314627
   314603   468953    89387   610703    89273   610817    89087   611069    88817   611207    88793   611459    88523   611543    88169   611927    88037   611999    87869   612173    87743   612377    87623   612497    87293   612923    86993   613163    86837   613253    86579   613607    86369   613763    86117   614153    85829   614387    85523   614693    85247   615137    84737   615473    84509   615539    84449   616289   346187   231053   385403
   385493   230969   615599   211433   488603   211373   488687   211283   488759   211097   489179   210809   489407   210557   489479   210467   489659   210317   489743   210173   490019   209837   490367   209543   490859   209039   491129   208787   491333   208667   491417   208577   491537   208379   491639   208337   491783   208217   491867   208037   492053   207947   492083   207629   492413   207443   206543   633629    84407   469037   314513
   314399   469439    84389   492629   274817   425297   274697   425423   274517   425549   274403   425783   274187   425903   274019   426077   273773   426287   273653   426389   273269   426773   273113   427073   272927   427103   272759   427403   272567   427457   272477   427913   272039   427997   272003   428039   271829   428303   271637   428489   271367   428843   270923   429347   270593   270539   506573   207377   615617   230567   385607
   385739   230393   615743   207287   429497   266633   433847   266129   433889   265757   434267   265709   434303   265619   434459   265193   434849   265079   435107   264827   435257   264743   435563   264437   435647   264353   435839   264113   435923   264059   436097   263849   436283   263567   436607   263267   437153   262733   437357   262643   437693   262253   437819   262139   438029   347033   270509   492719    84263   469613   314267
   314213   469649    84239   492893   270443   438047   176243   523793   176159   523877   175949   524087   175499   524939   174989   525257   174653   525593   174407   525677   174197   525869   173969   526073   173867   526199   173783   526307   173357   526709   173273   526739   173177   527123   172877   527333   172607   527453   172517   527633   172307   527789   172097   530513   345227   261959   429563   207113   615767   230357   385793
   385817   230213   615827   206993   429599   261773   528137    42467   657707    42227   657809    42179   657983    41927   658127    41759   658277    41687   658379    41603   658487    41399   658649    41189   659159    40829   659423    40493   659723    40163   660053    39887   660137    39839   660227    39659   660503    39443   660683    39119   660893    39107   660983   347933   171869   438233   270407   493013    84179   469793   314189
   314129   470207    84137   493067   270329   438419   171707   660917   155783   544259   155087   544937   155027   545063   154619   545483   154247   545933   154067   546053   153743   546317   153437   546599   153287   546869   153113   546947   152909   547223   152777   547487   152429   547583   152363   547709   152219   547817   152183   548003   151967   548123   348443    39089   528299   261587   429677   206939   615869   229799   385877
   385943   229763   616073   206897   429683   261563   528623    38903   548069   218849   481379   218417   482099   217793   482309   217619   482507   217409   482687   217253   482837   216617   483773   216179   484067   215927   484283   215399   484613   215279   484733   215153   485063   214883   485417   214559   485543   214439   486053   213887   212297   620777   151937   661103   171383   438443   270323   493109    83933   470243   314063
   313889   470279    83903   493127   270287   438989   171299   661139   151817   486179   202049   498053   201797   498557   201359   498803   200867   499283   200657   499397   200513   499523   200357   499853   200063   499973   199853   500333   199637   500483   199487   500603   199313   500957   198977   501077   198833   501287   198689   501383   348077   213827   548189    38867   528707   261017   429719   206879   616103   229727   386117
   386153   229703   616229   206813   429797   260999   528929    38747   548363   213713   501503   125387   574667   125303   574799   125093   575027   124919   575153   124793   575303   124577   575513   124433   575579   124337   575867   123887   576203   123707   576683   122963   577067   122609   577427   122489   577529   122393   582017   344363   198503   486293   151643   661259   171077   439007   270209   493193    83777   470303   313853
   313637   470417    83639   493403   269987   439133   170957   661439   151607   486407   198413   577739     8573   691463     8423   691637     8297   691763     8219   691919     8009   692099     7757   692333     7607   692423     7547   692753     7079   692963     6917   693137     6857   693179     6689   693353     6569   693689   348827   122267   501593   213599   548399    38567   529049   260873   430019   206603   616367   229589   386369
   386489   229553   616409   206483   430343   260849   529229    38459   548453   213557   501659   122207   693533   112253   587987   111893   588173   111767   588347   111623   588509   111323   588737   111263   588779   111053   588977   110819   589409   110567   589529   110129   590123   109517   590537   109433   597599   341729     6473   577799   198347   486449   151553   661547   170777   439157   269663   493523    83597   470453   313517
   312989   470597    83477   493607   269579   439199   170369   661553   151517   486539   198179   577937     6329   590609   177893   522167   177623   522623   177347   522737   177257   522839   176699   523433   176369   523673   166703   533327   166457   533747   166169   533963   166013   534059   165833   536699   346439   109397   693677   122069   501827   213467   548489    38453   529637   260807   430427   206399   616529   229409   387017
   387077   229343   616547   206273   430433   260753   530063    38393   548753   213329   502043   122027   693683   109379   534473   161639   538697   161267   539009   160967   539129   160739   539309   160499   539633   160367   539663   160319   539837   160163   540149   159839   540173   159773   567569   321323   165533   590627     6323   577979   197963   486677   151253   661613   169943   439253   269573   493733    83459   470663   312929
   312779   470783    83417   493853   269519   439289   169919   661673   151169   486797   197927   578117     6263   590753   165083   540269    91583   608429    91397   608633    91163   608987    90863   609173    90647   609407    90473   609599    90263   609779    90203   609809    90017   620639   338993   159737   534923   109253   693743   121889   502079   213209   548837    38333   530087   260717   430487   206153   616589   229223   387227
   387263   229139   616787   206069   430769   260543   530093    38327   548843   213173   502247   121697   693809   109139   535019   159629   610157   333737   366287   333713   366383   333323   366983   332987   367277   332699   367559   332393   367733   332183   367889   331907   368789   348209    89849   540377   164987   590867     6197   578309   197759   486833   151163   661679   169913   439463   269237   493937    83219   470867   312743
   312737   471137    83207   493967   269183   439667   169823   661769   151049   486977   197597   578399     5987   591089   164837   540383    89819   368117    73673   626363    73613   626477    73517   626627    73043   626987    72923   627383    72053   628013    71909   633257   344207   331889   610187   159623   535169   108917   694019   121607   502409   213029   548957    38237   530183   260339   430823   206039   616799   228869   387269
   387329   228797   616829   206033   430949   260207   530237    38183   549503   212999   502499   121553   694079   108893   535529   159617   610409   331553   628127   139133   560897   139067   561047   138923   561359   138629   561389   138587   561599   138239   563357   347813    71879   368453    89597   540389   164477   591113     5927   578453   197507   487007   150503   661823   169769   439799   269057   493973    83177   471209   312677
   312383   471299    83063   493979   268643   440039   169709   662357   150497   487133   197453   578483     5813   591137   164309   540437    89567   368729    71867   561797   137393   562703   136889   563447   136463   563663   136193   564359   135599   564917   348407   138209   628139   331277   610439   159569   535697   108869   694193   121523   502553   212873   549509    37649   530297   259967   431363   206027   616943   228707   387623
   387917   228617   616997   205937   431369   259829   530339    37529   549533   212579   502847   121469   694223   108497   535727   159407   620393   330983   628217   138197   564617    63467   636563    63353   636809    63059   637067    62927   639269   347513   135389   561809    71789   369023    79613   540599   164279   591509     5783   578537   197159   487427   150473   662477   169667   440177   268637   494069    83009   471389   312089
   312029   471467    82757   494093   268607   440183   169457   662513   150383   487637   197033   578603     5693   591659   164249   540713    79427   369119    71633   561947   135353   637283   305783   394367   305597   394523   305477   293357   450917    62723   564653   138059   628373   330887   620579   159293   535757   108347   694313   121403   502973   212369   549623    37493   530549   259823   431399   205913   617249   228539   387977
   388109   228257   617387   205619   431513   259667   530597    37313   549683   212117   503003   121313   694349   108263   535859   159233   620657   330653   628673   137999   564797    62687   394637    60293   639839    60149   650477   339257   305369   637319   135209   562007    71333   369353    79349   540773   164147   591743     5657   578693   197003   487889   150323   662693   169409   440339   268493   494387    82619   471749   311897
   311747   471803    82559   494519   268439   440507   169313   662789   150299   488009   196799   578777     5639   591827   164039   540779    79193   369419    71327   562283   135017   637379   305363   640007   129593   696659   223757    59999   394643    62627   564989   137723   628679   330587   620813   159227   535967   108179   694367   121229   503207   211997   549707    37217   530693   259499   431567   205487   617447   228203   388259
   388319   228113   617537   205397   431603   259157   530807    37139   549719   211949   503267   121007   694487   107873   536147   159017   621017   330359   628757   137699   565337    62597   394739    59159   444167   350003   255839   640847   305267   637409   134669   562307    71249   369647    78989   540989   163859   592133     5519   578999   196739   488057   150287   662867   169199   440849   268403   494609    82469   471893   311687
   311603   471929    82349   494687   268343   440987   168863   662957   150239   488513   196709   579107     5483   592139   163733   541097    78977   369659    71129   562409   134489   637499   396533   629807   476249     3347   570413    70199   303473    62507   565517   137597   628877   330347   621029   158909   536273   107867   694523   120899   503297   211493   549767    37049   531143   259019   431663   205319   617657   228077   388403
   388727   227873   617699   205307   431807   258977   531203    36857   550139   204023   503423   120767   694619   107717   537413   158657   621113   330047   628937   137567   565589   637709   403877   360749    60167   639857    49529   639713   296129    62297   134417   562439    71069   369959    78893   541349   162593   592289     5387   579239   196583   495983   149867   663149   168803   441029   268199   494699    82307   472133   311279
   311183   472469    82163   494783   268013   441179   168743   663239   149837   496007   196523   579503     5087   592307   162419   541439    78779   370133    70997   562607   566723    58913   249089   305639   394409   305483   394529   406649   394223   641093   133283   137399   629009   329873   621227   158567   537587   107699   694919   120503   503483   203999   550169    36767   531263   258827   431993   205223   617843   227537   388823
   389057   227363   618053   205157   432143   258743   531287    36599   550289   203843   503819   120473   694997   107357   537743   158537   621353   329789   629339   583619   129119   352493    63443   636653    63197   636947    62939   637079    60737   636539   570887   116387    70667   370217    78653   541469   162263   592649     5009   579533   196187   496163   149717   663407   168719   441263   267863   494849    81953   472643   310949
   310889   472799    81749   494873   267857   441443   168143   663539   149627   496343   196043   579707     5003   592727   162257   541577    78479   370613   629987   112589   351599   137303   563117   136559   563543   136343   563813   135647   564407   135089   562613   587417    70019   329393   621527   158429   537749   107279   695003   120299   503963   203663   550379    36467   531863   258563   432149   205133   618257   227207   389117
   389273   227189   618269   205103   432203   258527   531977    36353   550427   203579   504143   120293   695069   107243   538049   158393   621833   371387    61583   352193   139109   560939   138959   561083   138647   561377   138617   561419   138407   561767   136649   560873   638423   328619    78173   541613   161957   592763     4937   579713   195863   496427   149579   663653   168029   441479   267803   494903    81737   472817   310733
   310559   472847    81677   494987   267719   441557   168023   663713   149399   496889   195809   579773     4919   592973   161879   541763    75209   323957   355799    73643   626393    73529   626489    73379   626963    73019   627083    72623   627953    71993   628097    66749   626333   376049   624797   158243   538127   107033   695087   120233   504197   203117   550607    36293   531983   258449   432287   205019   618329   227159   389447
   389567   227147   618377   204887   432359   258443   532277    36269   550757   203057   504269   119747   695117   106823   538199   551927   601079   351797   333719   366293   333623   366683   333023   367019   332729   367307   332447   367613   332273   367823   332117   368099   331217   366269    98927   148079   161807   593183     4889   580259   195737   496949   149249   663737   167729   441563   267647   495119    81629   472859   310439
   310283   473453    81569   495149   267593   441569   167633   663797   149069   497117   195527   580373     4799   593387   161453   116867   361013    91577   608609    91373   608843    91019   609143    90833   609359    90599   609533    90407   609743    90227   609803    90197   609989    79367   608423   583139   538553   106619   695207   119633   504479   202889   550937    36209   532373   258437   432413   204857   618437   226553   389723
   389783   226487   618707   204557   432437   258119   532379    36137   550973   202409   504527   119627   695327   102077   520193   378683   161309   538739   160997   539039   160877   539267   160697   539507   160373   539639   160343   539687   160169   539843   159857   540167   159833   540233   132437   538367   179813   597929     4679   580379   195479   497597   149033   663869   167627   441887   267569   495449    81299   473519   310223
   310187   473579    81173   495563   267557   442019   167483   664043   148913   497603   195443   580577   351479   585677   353567   177839   522383   177383   522659   177269   522749   177167   523307   176573   523637   176333   533303   166679   533549   166259   533837   166043   533993   165947   534173   163307   522113   114329   348527   119429   504563   202403   551093    35963   532523   257987   432449   204443   618833   226427   389819
   389957   226409   618929   204437   432527   257867   532739    35897   551339   202343   504593   584393   344543   358277   112019   588113   111833   588239   111659   588383   111497   588683   111269   588743   111227   588953   111029   589187   110597   589439   110477   589877   109883   590489   109469   590573   102407   587753   355463   115613   195413   497663   148667   664109   167267   442139   267479   495569    81077   473597   310049
   309929   473723    80819   495629   267419   442319   167249   664253   148517   497729   505949   105389   351179     8543   691583     8369   691709     8243   691787     8087   691997     7907   692249     7673   692399     7583   692459     7253   692927     7043   693089     6869   693149     6827   693317     6653   693437     6317   691433   594617   194057   202277   551489    35753   532757   257687   432587   204377   619187   226283   390077
   390107   226217   619967   204359   432989   257639   532907    35603   551549   502883   186869   355643   125339   574703   125207   574913   124979   575087   124853   575213   124703   575429   124493   575573   124427   575669   124139   576119   123803   576299   123323   577043   122939   577397   122579   577517   122477   577613   117989   574619   513137   197123   148457   664403   167099   442367   267017   495647    80039   473789   309899
   309797   473999    79973   495707   266957   442487   167087   664583   568709   460589   351929   201953   498209   201449   498647   201203   499139   200723   499349   200609   499493   200483   499649   200153   499943   200033   500153   199673   500369   199523   500519   199403   500693   199049   501029   198929   501173   198719   501317   198623   497957   239417   131297    35423   532919   257519   433049   204299   620033   226007   390209
   390407   225989   620099   204233   433073   257489   533033    35267   123719    79229   218627   481589   217907   482213   217697   482387   217499   482597   217319   482753   217169   483389   216233   483827   215939   484079   215723   484607   215393   484727   215273   484853   214943   485123   214589   485447   214463   485567   213953   486119   487709   481157   576287   664739   166973   442517   266933   495773    79907   474017   309599
   309503   474029    79889   495899   266927   442733   166643   657323   351563   155747   544919   155069   544979   154943   545387   154523   545759   154073   545939   153953   546263   153689   546569   153407   546719   153137   546893   153059   547097   152783   547229   152519   547577   152423   547643   152297   547787   152189   547823   152003   548039   151883   544223    42683   533363   257273   433079   204107   620117   225977   390503
   390527   225809   620159   204059   433319   445229   521819   352073    42299   657779    42197   657827    42023   658079    41879   658247    41729   658319    41627   658403    41519   658607    41357   658817    40847   659177    40583   659513    40283   659843    39953   660119    39869   660167    39779   660347    39503   660563    39323   660887    39113   660899    39023   657539   178187   254777   266687   495947    79847   474197   309479
   309359   474437    79823   495959   266333   244379   354779   176213   523847   176129   524057   175919   524507   175067   525017   174749   525353   174413   525599   174329   525809   174137   526037   173933   526139   173807   526223   173699   526649   173297   526733   173267   526829   172883   527129   172673   527399   172553   527489   172373   527699   172217   527909   169493   523763   455627   433673   204047   620183   225569   390647
   390737   225527   620237   497339   583733   352973   266159   433877   266117   434249   265739   434297   265703   434387   265547   434813   265157   434927   264899   435179   264749   435263   264443   435569   264359   435653   264167   435893   264083   435947   263909   436157   263723   436439   263399   436739   262853   437273   262649   437363   262313   437753   262187   437867   261977   433373   116273   202667    79769   474479   309269
   309137   474497   624347   480713   193433   274709   425309   274583   425489   274457   425603   274223   425819   274103   425987   273929   426233   273719   426353   273617   426737   273233   426893   272933   427079   272903   427247   272603   427439   272549   427529   272093   427967   272009   428003   271967   428177   271703   428369   271517   428639   271163   429083   270659   429413   429467   425189   219293    75659   225509   390869
   391067   225347    64157    66377   211403   488633   211319   488723   211247   488909   210827   489197   210599   489449   210527   489539   210347   489689   210263   489833   209987   490169   209639   490463   209147   490967   208877   491219   208673   491339   208589   491429   208469   491627   208367   491669   208223   491789   208139   491969   207953   492059   207923   492377   207593   492563   493463   488573   635849   474659   308939
   394007   460919   353819    89303   610733    89189   610919    88937   611189    88799   611213    88547   611483    88463   611837    88079   611969    88007   612137    87833   612263    87629   612383    87509   612713    87083   613013    86843   613169    86753   613427    86399   613637    86243   613889    85853   614177    85619   614483    85313   614759    84869   615269    84533   615497    84467   615557    83717   610619   239087   305999
   366467   353657   237287   462773   237179   462863   237053   463283   236573   463457   236219   463919   235877   464213   235679   464447   235523   464699   235043   464993   235007   465089   234833   465293   234599   465419   234197   465917   234029   466247   233489   466649   232823   467297   232607   467507   232457   467699   232109   467903   232079   468059   231893   468473   231479   468647   231323   468737   231107   462443   333539
   281663   319679   380333   319589   380459   319169   380879   319097   380957   318683   381377   318473   381629   318347   381707   317969   382103   317777   382553   317363   382727   317159   382883   317087   383069   316907   383147   316853   383303   316577   383633   316193   383909   316037   384029   315899   384113   315803   384227   315599   384437   315527   384599   315269   384827   314927   385127   314813   385199   386279   380189
