   314807   385379   314603   385493   314399   385739   314213   385817   314129   385943   313889   386153   313727   386369   313517   387017   312929   387227   312743   387269   312677   387623   312089   387977   311897   388259   311687   388403   311279   388823   310949   389117   310733   389447   310439   389723   310223   389819   310049   390077   309899   390209   309599   390503   309479   390647   309269   390869   308939   305639   432449
   391073   231053   469037   230567   469613   230357   469793   229799   470243   229727   470303   229589   470453   229409   470663   229223   470867   228869   471209   228707   471389   228539   471749   228203   471893   228077   472133   227537   472643   227207   472817   227159   472859   226553   473519   226427   473597   226283   473789   226007   474017   225977   474197   225569   474479   225509   474503   225347   225089   597599   308933
   308723   474707    84179   615869    83933   616103    83777   616289    83639   616409    83477   616547    83417   616787    83207   616829    83063   616997    82757   617387    82559   617537    82349   617699    82163   618053    81749   618269    81677   618377    81569   618707    81173   618929    80819   619967    79973   620099    79889   620159    79823   620237    79613   620579    79367   620657    79229   624467   343787   225299   391283
   391367   225227   620813   206939   493109   206879   493193   206603   493463   206483   493607   206273   493853   206069   493967   206033   493979   205937   494093   205619   494519   205397   494687   205307   494783   205157   494873   205103   494987   204887   495149   204557   495563   204437   495629   204359   495707   204233   495899   204059   495959   204023   496007   203843   496343   203579   497117   347873    79193   474779   308639
   308519   474839    78989   496889   270287   429797   269987   430343   269579   430433   269519   430769   269183   430949   268643   431369   268607   431513   268439   431603   268343   431807   268013   432143   267857   432203   267719   432359   267593   432437   267479   432587   267017   433049   266933   433079   266687   433373   266333   433847   266129   433889   265757   434267   265709   264113   518387   203117   621017   225167   391487
   391679   225149   621029   203057   434303   260849   439199   260753   439289   260543   439799   259967   440177   259823   440339   259499   440849   259019   441029   258827   441263   258563   441479   258449   441563   258437   441887   257987   442139   257687   442367   257519   442517   257273   442817   257177   443039   256889   443129   256757   443363   256517   443837   256133   253247   538127   265703   496949    78977   474857   308327
   308249   474983    78893   497339   265619   443987   169913   530183   169769   530297   169667   530513   169457   530597   169313   530807   168863   531203   168743   531287   168143   531977   168023   532277   167633   532379   167483   532739   167249   532907   167087   533033   166703   533327   166643   533549   166259   533837   166043   533993   165947   534173   165533   548189   334379   256019   434387   202667   621113   225023   391757
   391889   224969   621227   202409   434459   255977   534923    38183   662357    37529   662513    37313   662789    37139   662957    36857   663239    36599   663539    36353   663713    36269   663797    36137   664043    35897   664253    35603   664583    35393   664667    35327   664739    35159   665123    34739   665303    34499   665549    34403   665723    34259   667013   346553   165083   444029   265547   497597    78779   475037   308117
   307919   475109    78653   497603   265193   444089   164987   665789   150299   549719   150239   550139   149837   550289   149627   550427   149399   550757   149069   550973   148913   551339   148517   551549   148193   551849   148079   551933   147977   552179   147743   552317   147347   552707   147197   552899   147089   553073   146777   553463   146477   553757   347957    34217   535019   255917   434813   202403   621353   224897   392087
   392423   224717   621527   202343   434849   255839   535169    33863   553583   211949   488513   211433   488603   211373   488687   211283   488759   211097   489179   210809   489407   210557   489479   210467   489659   210317   489743   210173   490019   209837   490367   209543   490859   209039   491129   208787   491333   208667   491417   208577   207629   631409   146423   666143   164837   444167   265157   497663    78479   475289   307583
   307529   475403    78173   497729   265079   444293   164477   666233   146417   491537   196709   503423   196523   503819   196043   504143   195809   504269   195527   504527   195443   504593   195407   504617   195329   504929   195053   504983   194933   505139   194819   505277   194723   505319   194483   505919   194057   505979   193859   192887   661553   208469   553589    33773   535529   255713   434927   202277   621833   224603   392477
   392669   224579   621869   202049   435107   255659   535697    33569   553733   208379   506213   119747   580373   119627   580577   119243   580919   118907   581333   118457   581597   118343   581729   118253   581843   117989   582167   117833   582209   117779   582509   117443   582677   117269   582767   117119   582983   116993   583469   347933   193793   491627   146273   666437   164309   444347   264899   497957    78137   475427   307337
   307283   475583    77933   498053   264827   444539   164279   666527   145799   491639   193679   583139     4679   695369     4229   695867     4133   695879     4079   695999     3929   696083     3767   696413     3389   696659     3119   697049     2927   697127     2789   697373     2609   697457     2423   697673     2273   357809   688979   116867   506327   208367   554207    33479   535727   255467   435179   201953   622073   224423   392723
   392837   224327   622157   201797   435257   255383   535757    33359   554303   208337   506357   116639   697877   106373   593903   106019   593993   105983   594107   105557   594569   105389   594899   104933   595157   104759   595277   104693   595547   104393   595709   103997   596093   103889   596363   103583   599663   345227     2129   583367   193649   491669   145703   666647   164249   444623   264749   498209    77849   475679   307169
   307079   475697    77513   498557   264743   444677   164147   666857   145589   491783   193469   583523     2069   596789   172217   527909   171869   528299   171383   528707   171077   529049   170777   529637   169943   530087   159839   540173   159773   540269   159629   540383   159617   540437   159293   541349   348353   103217   697937   116483   506537   208223   554417    33149   535859   255329   435263   201449   622493   224309   392927
   393059   224129   622529   201359   435563   255239   535967    33023   554573   208217   506573   116387   697967   103079   540773   157019   542999   156719   543299   156467   543659   156119   544223   155747   544919   155069   544979   154943   545387   154523   545759   154073   545939   153953   567059   327209   159233   596927     2039   583619   193433   491789   145433   666983   164039   444767   264443   498647    77477   475877   306947
   306749   475973    77369   498803   264437   444833   163859   667019   145307   491867   193163   583727     2027   596963   159227   546263    86399   613637    86243   613889    85853   614177    85619   614483    85313   614759    84869   615269    84533   615497    84467   615557    84407   615743   349343   153743   540779   103043   697979   116279   506843   208139   554699    32987   536147   255173   435569   201203   622637   224033   393257
   393299   223919   622793   200867   435647   255137   536273    32579   554747   208037   506873   116273   698183   102953   540989   153689   615617   327737   372299   327629   372689   327203   373007   326663   373349   326147   373943   325943   374117   325883   374333   325607   376469   347033    84389   546317   159017   597053     1823   583733   193133   491969   145259   667427   163733   444869   264359   499139    77213   476087   306707
   306533   476183    77003   499283   264353   444929   163307   667577   145253   492053   193043   583997     1733   597209   158909   546569    84239   374687    67679   632447    67547   632483    67307   632717    66809   633209    66749   633377    66533   633497    66383   639269   344039   325319   615767   153437   541097   102797   698273   116009   506963   207953   554753    32429   536699   255077   435653   200723   623003   223823   393473
   393587   223757   623057   200657   435839   255053   537413    32363   554969   207947   506993   115979   698297   102653   541439   153407   626147   325217   633629   132623   567659   132287   567947   131909   568367   131363   568709   131129   569189   130769   572399   345689    66377   374789    73859   546599   158567   597353     1709   584027   193013   492059   145037   667643   162593   444953   264167   499349    76949   476249   306419
   306377   476369    76679   499397   264083   445019   162419   667697   144887   492083   192977   584153     1667   597419   158537   546719    73847   374819    66239   569417   129497   570587   129347   570719   129263   570887   128987   571037   128873   574289   346547   130589   633767   325187   626159   153287   541469   102587   698339   115853   507029   207923   555119    32309   537587   254987   435923   200609   623327   223637   393629
   393677   223577   623717   200513   435947   254777   537743    32237   555167   207593   507329   115823   698387   102533   541577   153137   626333   325019   633833   130343   571679    58193   641897    57809   642419    57269   642833    57107   642947   349553   128327   569663    66173   374987    73673   546869   158429   597473     1619   584183   192677   492413   144839   667769   162263   445229   264059   499493    76289   476429   306329
   306209   476477    76283   499523   263909   445307   162257   667817   144719   492563   192407   584249     1613   597677   158393   546893    73643   375029    66083   569747   128159   643043   300743   399689   300119   399983   300017   299807   449663    56963   571847   130259   633923   324977   626363   153113   541613   102329   698393   115757   507599   207443   555287    32189   537749   254699   436097   200483   623723   223529   393797
   393857   223493   624209   200357   436157   254207   538049    32057   555593   207377   507743   115727   698447   102317   541763   153059   626477   324893   634013   130079   571853    56807   400307    54983   645137    54773   646913   348209   299699   643199   128153   569927    65993   375113    73529   546947   158243   597689     1559   584279   192263   492629   144413   667949   161957   445799   263849   499649    75797   476513   306149
   306029   476603    75773   499853   263723   445967   161807   668033   144323   492719   192053   584393     1523   597803   158189   547097    73517   375233    65927   570047   128033   643373   299447   645383   123803   576119   350087    54623   400559    56633   571973   129959   634079   324773   626489   152909   541817   102203   698483   115613   507953   207287   555683    31973   538199   254039   436283   200153   624233   223403   393977
   394007   223367   624347   200063   436439   254003   538367    31847   555707   207113   508037   115589   698507   102107   542117   152783   626627   324647   634169   129893   572027    56543   400643   645629   576287   350003   123719    54377   299363   643463   127979   570113    65837   375359    73379   547223   157889   597899     1499   584417   191969   492893   144299   668159   161639   446003   263567   499943    75659   476639   305999
   305933   476753    75527   499973   263399   446087   161453   668609   143999   493013   191903   584663     1439   597929   157823   547229    73043   375413    65699   570413   127913   643553   287549    52223   349919   123887   576203   647783   412457    56453   572093   129593   634307   324593   626963   152777   542183   102077   698567   115343   508103   206993   556007    31397   538553   253919   436607   200033   624479   223253   394073
   394157   223247   624599   199853   436739   253733   538697    31319   556487   197963   508223   115133   698723   101999   542207   152519   626987   324557   634373   129587   572303   645683   510989   351797    54869   645233    53093   645023   189017    54323   127703   570419    65633   375449    73019   547487   157799   598007     1283   584873   191783   502043   143519   668687   161309   446273   263267   500153    75407   476759   305849
   305783   477149    75323   500333   262853   446399   161267   668699   143243   502079   191747   584879     1277   598049   157769   547577    72923   375509    65609   570467   572633    52379   250343   300317   399887   300023   399989   400199   399263   647627   127373   129539   634397   324497   627083   152429   542237   101957   698729   115127   508259   197927   556763    31307   538739   253607   437153   199673   624683   222857   394223
   394409   222713   624737   199637   437273   253349   539009    31259   556943   197759   508499   115013   698903   101879   542447   152423   627383   324473   634649   570497   122477   350453    58109   642197    57587   642737    57173   642899    57059   641813   577529   129509    65357   375533    72623   547583   157559   598127     1103   584993   191507   502247   143063   668747   160997   446657   262733   500369    75269   477293   305597
   305483   477359    75209   500483   262649   447107   160967   668813   142979   502409   191447   585317      953   598379   157523   547643    72053   375569   634793   122609   353459   129419   570659   129287   570743   129119   571019   128969   571133   125717   570509   577397    65213   324437   627953   152363   542483   101627   699053   114689   508559   197597   557027    31193   539039   252899   437357   199523   624797   222647   394523
   394529   222329   624839   199487   437363   252887   539129    31139   557033   197507   508709   114593   699059   101363   542579   152297   628013   376307    57383   354317   132347   567719   132059   568097   131639   568643   131297   568877   130817   569237   127607   567383   642623   323699    71993   547709   157427   598643      947   585413   191297   502499   142973   668867   160877   447119   262643   500519    75167   477677   305477
   305369   477809    75029   500603   262313   447137   160739   669023   142949   502553   191189   585587      929   598727   157259   547787   628373   317969   355967    67559   632459    67523   632699    67289   633197    66797   633257    66629   633473    66509   633623    60737   632327   382037    71633   152219   542747   101279   699077   114419   508817   197453   557057    30983   539267   252869   437693   199403   624977   222197   394637
   394643   222149   625103   199313   437753   252827   539309    30977   557273   197159   508973   114329   699119   101207   542873   547817    57773   352973   327707   372377   327317   372803   326999   373343   326657   373859   326063   374063   325889   374123   325673   374399   323537   372269   642233   152189   157133   598799      887   585677   191033   502847   142733   669029   160697   447179   262253   500693    74903   477857   305363
   305267   477899    74897   500957   262187   447683   160499   669113   142697   502883   190979   585737      809   599069   543383   125339   350663    86369   613763    86117   614153    85829   614387    85523   614693    85247   615137    84737   615473    84509   615539    84449   615599    84263   613607   574667   156623   100937   699197   114269   509027   197123   557309    30893   539507   252323   437819   199049   625109   222107   394739
   394787   222059   625133   198977   437867   251939   539633    30839   557537   197033   509297   114167   699287   601883   140423   372797   157007   543287   156707   543539   156347   543887   155783   544259   155087   544937   155027   545063   154619   545483   154247   545933   154067   546053   132947   542987   559583    98123      719   585839   190709   502973   142469   669167   160373   448067   262139   501029    74873   477947   305219
   304979   477977    74699   501077   261977   448367   160367   669329   142433   503003   190613   585863   699767    88937   351653   172097   528137   171707   528623   171299   528929   170957   529229   170369   530063   169919   540167   159833   540233   159737   540377   159623   540389   159569   540713   158657   527789   611069      239   114143   509393   197003   557573    30677   539639   251639   438029   198929   625307   222029   395027
   395069   221849   625319   198833   438047   251609   539663    30593   557789   196799   509429   589409   335813   354779   106103   593987   106013   594023   105899   594449   105437   594617   105107   595073   104849   595247   104729   595313   104459   595613   104297   596009   103913   596117   103643   596423   100343   593633   364193   110597   190577   503207   142217   669413   160343   448397   261959   501173    74687   478157   304937
   304847   478199    74609   501287   261773   448829   160319   669659   142019   503267   519587   103979    11027     4637   695777     4139   695873     4127   695927     4007   696077     3923   696239     3593   696617     3347   696887     2957   697079     2879   697217     2633   697397     2549   697583     2333   697733   342197   695327   596027   180419   196739   557987    30347   539687   251177   438233   198719   625397   221807   395159
   395243   221747   625409   198689   438419   251099   539837    30137   558203   514643   487427   352073   119633   580379   119429   580763   119087   581099   118673   581549   118409   581663   118277   581753   118163   582017   117839   582173   117797   582227   117497   582563   117329   582737   117239   582887   117023   583013   116537   580259   212579   185363   141803   669869   160169   448907   261587   501317    74597   478259   304763
   304553   478403    74489   501383   261563   449003   160163   669887   559067   462239    38453   196583   503483   196187   503963   195863   504197   195737   504479   195479   504563   195413   504599   195389   504677   195077   504953   195023   505073   194867   505187   194729   505283   194687   505523   194087   505949   194027   506147   507119   503297   237767   140939    30119   539843   251003   438443   198623   625517   221603   395453
   395657   221327   625643   198503   438989   250889   540149   671717   132437    68597   211493   488573   211403   488633   211319   488723   211247   488909   210827   489197   210599   489449   210527   489539   210347   489689   210263   489833   209987   490169   209639   490463   209147   490967   208877   491219   208673   491339   208589   491429   492377   488057   567569    28289   159857   449117   261017   501503    74363   478679   304349
   303803   478787    74093   501593   260999   449153   159407    18917   352049   150287   549767   149867   550169   149717   550379   149579   550607   149249   550937   149033   551093   148667   551489   148457   551813   148157   551927   148073   552029   147827   552263   147689   552659   147299   552809   147107   552917   146933   553229   146543   553529   146249   549707   681089   540599   250853   439007   198413   625913   221219   396203
   396239   221093   625979   198347   439133   450917   517073   353453    37649   662477    37493   662693    37217   662867    37049   663149    36767   663407    36467   663653    36293   663737    36209   663869    35963   664109    35753   664403    35423   664613    35339   664679    35267   664847    34883   665267    34703   665507    34457   665603    34283   665747    32993   661823   182933   249089   260873   501659    74027   478913   303767
   303713   478937    73973   501827   439667   429467   365627   169823   530237   169709   530339   169493   530549   169409   530693   169199   531143   168803   531263   168719   531863   168029   531983   167729   532373   167627   532523   167267   532757   167099   532919   166973   533303   166679   533363   166457   533747   166169   533963   166013   534059   165833   534473   151817   530093   270539   260339   198179   626033   221069   396293
   396323   220859   626063   508349   421727   161879   260807   439253   260717   439463   260207   440039   259829   440183   259667   440507   259157   440987   258977   441179   258743   441443   258527   441557   258443   441569   258119   442019   257867   442319   257639   442487   257489   442733   257189   442829   256967   443117   256877   443249   256643   443489   256169   443873   446759   439157   278279   191657    73943   479147   303683
   303593   480023    73613   183059   181619   270209   430019   269663   430427   269573   430487   269237   430823   269057   431363   268637   431399   268493   431567   268403   431663   268199   431993   267863   432149   267803   432287   267647   432413   267569   432527   267419   432989   266957   433073   266927   433319   266633   433673   266159   433877   266117   434249   265739   434297   435893   429719   516947   626393   219983   396413
   396509   485567   612923   352133   206897   493127   206813   493403   206543   493523   206399   493733   206153   493937   206039   493973   206027   494069   205913   494387   205487   494609   205319   494699   205223   494849   205133   494903   205019   495119   204857   495449   204443   495569   204377   495647   204299   495773   204107   495947   204047   495983   203999   496163   203663   496427   202889   493067    87083   214439   303497
   396887   453317   356219    84137   616073    83903   616229    83717   616367    83597   616529    83459   616589    83219   616799    83177   616943    83009   617249    82619   617447    82469   617657    82307   617843    81953   618257    81737   618329    81629   618437    81299   618833    81077   619187    80039   620033    79907   620117    79847   620183    79769   620393    79427   620639    79349   620777    75539   615827   246689   303119
   377393   102407   230969   469439   230393   469649   230213   470207   229763   470279   229703   470417   229553   470597   229343   470783   229139   471137   228797   471299   228617   471467   228257   471803   228113   471929   227873   472469   227363   472799   227189   472847   227147   473453   226487   473579   226409   473723   226217   473999   225989   474029   225809   474437   225527   474497   225503   474659   474917   468953   322613
   267557   314627   385403   314513   385607   314267   385793   314189   385877   314063   386117   313853   386279   313637   386489   312989   387077   312779   387263   312737   387329   312383   387917   312029   388109   311747   388319   311603   388727   311183   389057   310889   389273   310559   389567   310283   389783   310187   389957   309929   390107   309797   390407   309503   390527   309359   390737   309137   391067   394367   385199
