   311183   389057   310889   389273   310559   389567   310283   389783   310187   389957   309929   390107   309797   390407   309503   390527   309359   390737   309137   391067   308933   391283   308639   391487   308327   391757   308117   392087   307583   392477   307337   392723   307169   392927   306947   393257   306707   393473   306419   393629   306329   393797   306149   393977   305999   394073   305849   394223   305639   396203   345329
   394409   227189   472847   227147   473453   226487   473579   226409   473723   226217   473999   225989   474029   225809   474437   225527   474497   225503   474659   225299   474779   225167   474857   225089   474983   224969   475109   224717   475403   224579   475583   224327   475697   224129   475973   223919   476183   223757   476369   223577   476477   223493   476603   223367   476753   223247   477149   222713   478157   346223   305597
   305483   477359    81299   618833    81077   619187    80039   620033    79907   620117    79847   620183    79769   620393    79427   620639    79349   620777    79193   621017    78977   621113    78779   621353    78479   621833    78137   622073    77849   622493    77477   622637    77213   623003    76949   623327    76289   623723    75797   624233    75659   624467    75527   624599    75323   624737    75209   628013   343787   222647   394523
   394529   222329   624839   204443   495569   204359   495707   204233   495899   204059   495959   204023   496007   203843   496343   203579   496889   203057   497117   202667   497597   202403   497663   202277   497957   201953   498209   201449   498647   201203   499139   200723   499349   200609   499493   200483   499649   200153   499943   200033   500153   199673   500369   199523   500519   199403   503267   344543    75167   477677   305477
   305369   477809    75029   500693   266957   433073   266927   433319   266633   433673   266159   433877   266117   434249   265739   434297   265703   434387   265547   434813   265157   434927   264899   435179   264749   435263   264443   435569   264359   435653   264167   435893   264083   435947   263909   436157   263723   436439   263399   436739   262853   437273   262649   437363   262313   439007   346547   199313   624977   222197   394637
   394643   222149   625103   199049   437753   257273   442817   257177   443039   256889   443129   256643   443489   256169   443873   256019   444029   255917   444167   255713   444347   255467   444623   255329   444767   255173   444869   255077   444953   254987   445229   254699   445799   254039   446003   253919   446273   253607   446657   253247   447107   252887   447137   252827   251099   543659   262253   500957    74903   477857   305363
   305267   477899    74897   501029   262187   447683   166643   533549   166259   533837   166043   533993   165947   534173   165533   534923   164987   535169   164477   535697   164279   535757   164147   535967   163859   536273   163307   537413   162419   537743   162257   538049   161879   538199   161639   538553   161309   538739   160997   539039   160877   539267   160697   542183   344039   252323   437819   198977   625109   222107   394739
   394787   222059   625133   198929   437867   251939   539507    34703   665507    34457   665603    34283   665747    34217   666143    33773   666437    33479   666647    33149   666983    32993   667019    32579   667577    32363   667697    32237   667817    32057   668033    31847   668609    31319   668699    31259   668813    31139   669023    30977   669113    30839   672767   344207   160499   448067   262139   501077    74873   477947   305219
   304979   477977    74699   501173   261977   448367   160373   669329   147107   552917   146933   553229   146543   553529   146423   553589   146273   553757   145799   554303   145589   554573   145307   554747   145253   554969   144887   555167   144719   555593   144323   555707   143999   556487   143243   556943   142979   557033   142949   557273   142697   558827   346439    30677   539633   251639   438029   198833   625307   222029   395027
   395069   221807   625319   198719   438047   251609   539639    30593   557537   208673   491339   208589   491429   208469   491627   208367   491669   208223   491789   208139   491969   207953   492083   207629   492413   207443   492629   207287   492893   206993   493067   206897   493127   206813   493403   206543   493523   206399   493733   206153   206027   636809   142469   669413   160367   448397   261959   501287    74687   478199   304937
   304847   478259    74609   501317   261773   448829   160343   669659   142433   493937   193679   506357   193469   506573   193163   506873   193043   506993   192977   507119   192677   507599   192263   507953   191903   508223   191747   508349   191507   508559   191297   508817   191033   509027   190709   509393   190577   509477   190403   183797   674537   206069   557573    30347   539663   251177   438233   198689   625397   221747   395159
   395243   221603   625409   198623   438419   251003   539687    30137   557789   206039   509693   116867   583367   116537   583523   116387   583727   116273   583997   115979   584153   115823   584249   115727   584393   115589   584663   115133   584879   115013   585317   114593   585587   114329   585737   114167   585863   114089   587987   346139   190313   493967   142217   669869   160319   449003   261587   501383    74597   478403   304763
   304553   478679    74489   501503   261563   449117   160169   669887   142019   493973   190283   586037     2069   697967     2027   698183     1733   698297     1667   698387     1613   698447     1523   698507     1439   698723     1277   698903      953   699059      929   699119      809   699287      683   699437      563   699953   348527   113969   509723   206033   557987    30119   539837   250889   438443   198503   625517   221327   395453
   395657   221219   625643   198413   438989   250853   539843    30059   558203   205937   509909   113933   699449   102953   597209   102653   597419   102533   597599   102329   597689   102203   597899   102077   598007   101957   598127   101627   598643   101279   598799   100937   599153   100733   599303   100493   603227   345227      557   586073   190097   494069   141803   669947   160163   449153   261017   501593    74363   478787   304349
   303767   478913    74093   501659   260873   449303   159857   670139   141719   494093   189929   586349      479   599537   168719   531863   168029   531983   167729   532373   167627   532523   167267   532757   167099   532919   166973   533303   166679   542747   157133   542987   157007   543287   156707   590489   291869   100469   699527   113657   510077   205913   558287    29867   540149   250703   439133   198347   625913   221093   396239
   396293   221069   625979   198179   439157   250673   540167    29789   558497   205619   510569   113513   699539   100403   543383   153137   546893   153059   547097   152783   547229   152519   547577   152423   547643   152297   547787   152189   547823   152003   548039   151937   548123   151817   561809   335879   156623   599603      467   586493   189437   494387   141509   670217   159839   449333   260849   501827    74027   478937   303713
   303683   479147    73973   502043   260807   449363   159833   670343   141443   494519   189389   586589      449   599663   156467   548363    83777   616289    83639   616409    83477   616547    83417   616787    83207   616829    83063   616997    82757   617387    82559   617537    82349   632153   334877   151643   543539   100343   699557   113417   510617   205487   558563    29663   540173   250643   439199   197963   626033   220859   396323
   396413   219983   626063   197927   439253   250343   540233    29429   559067   205397   510767   113327   699617   100313   543887   151607   617699   324437   375707   323957   376127   323699   376469   323249   377129   322859   377297   322613   377543   322319   378023   321413   379397   347813    82307   548399   156119   599693      389   586679   189239   494609   140939   670577   159773   449663   260753   502079    73943   480023   303593
   303497   480047    73859   502247   260717   449699   159737   670583   140729   494687   189017   586793      239   600167   155783   548453    82163   378683    65609   634649    65327   634793    65147   634943    65027   635003    64919   635339    64499   635567    64403   636947   347873   321323   617843   151553   544223    99839   699767   113213   510989   205319   559277    29423   540269   250307   439289   197759   626147   219959   396509
   396533   219839   626159   197597   439463   250199   540377    29387   559343   205307   511163   113027   699947    99767   544259   151517   618053   321227   635849   129347   570719   129263   570887   128987   571037   128873   571679   128159   571853   128033   575513   345689    64157   378779    81953   548489   155747   600239       59   586979   188843   494699   140663   670619   159629   449807   260543   502409    73847   480167   303473
   303377   480209    73673   502499   260339   449963   159623   670673   140639   494783   188519   587087        5   600293   155087   548753    81749   378929    64067   572027   127103   572927   127037   573179   126743   573647   126143   573899   125897   581729   341729   127979   635939   321077   618257   151253   544919    99713   700001   112919   511487   205223   559367    29333   540383   250043   439667   197507   626333   219797   396629
   396713   219707   626363   197453   439799   249923   540389    29243   559529   205157   511523   112787   350039    99689   544937   151169   618269   321053   635969   127913   574289    55337   644747    55217   644843    55073   645023    54869   661139   333779   125717   572093    64037   378953    81737   548837   155069   600317   349967   587219   188483   494849   140477   670763   159617   450083   260207   502553    73643   480299   303293
   303287   480317    73613   502847   259967   450209   159569   670853   140423   494873   188303   587417   349919   600659   155027   548843    81677   379163    63857   572303   125639   645233   296909   403163   296753   403499   296249   414779   338669    54773   574367   127703   636149   320843   618329   151163   544979    99347   350087   112589   511703   205133   559583    29153   540437   249797   440039   197159   626393   219689   396719
   396887   219677   626477   197123   440177   249779   540599    29129   559667   205103   511757   112577   350093    99317   545063   151049   618377   320699   636263   127649   574619    54623   403877    53093   646937    52973   656153   340859   296129   645383   125387   572357    63743   379307    81629   548957   154943   600689   349913   587429   188249   494903   140339   670877   159407   450227   259829   502883    73529   480329   303119
   303053   480419    73517   502973   259823   450257   159293   671189   140333   494987   188147   587603   349793   600833   154619   549503    81569   379319    63719   572399   125339   645443   296117   647039   121523   634307   294179    52967   403889    54563   574667   127607   636287   320687   618437   150503   545387    99173   350213   112403   511859   205019   559673    28817   540713   249749   440183   197033   626489   219587   396953
   397037   219503   626627   197003   440339   249593   540773    28703   559709   204887   512537   112337   350219    99149   545483   150497   629843   320339   636359   127583   574703    54539   403979   647333   522659   350003   177347    52673   296027   645467   125303   572423    63647   379667    70163   549509   154523   600857   349787   587669   187469   495119   140297   671303   159233   450413   259667   503003    73379   480503   302969
   302747   480569    73043   503207   259499   450473   159227   671357   140123   495149   187463   587753   349553   600983   154247   549533    70067   379703    63599   572519   125207   645503   404969    43403   405827    65699   578483   656603   295037    54503   574799   127487   636407   320303   629939   150473   545759    99023   350453   112253   512543   204857   559883    28649   540779   249533   440507   196799   626963   219437   397259
   397283   219293   626987   196709   440849   249503   540989    28403   560039   204557   512573   111893   350663    98963   545933   150383   629987   320219   636473   127373   574913   645629   282833   359147    53069   647033    43853   646913   417173    54377   125093   572633    63533   379787    70019   549623   154073   601043   349343   588113   187433   495449   139967   671603   159017   450503   259157   503297    73019   480713   302723
   302579   480989    72923   503423   259019   450557   158909   671717   139883   505073   187409   588173   349043   601067   154067   549683    69899   379853    63473   572843   124427    37493   361337   296843   403253   296507   403757   285227   403097   662513   575579   127163   636533   320153   630107   150323   545939    98939   350963   111833   512597   194933   560123    28289   541097   249449   440987   196583   627083   219017   397427
   397433   218963   627383   196523   441029   249419   541349    28277   560297   194867   512657   111767   351179    98927   546053   150299   630197   320027   636539   572867   565517   366227    55259   644789    55163   644933    54983   645137    38867   644669   134489   127139    63467   379979    69809   549707   153953   601079   348827   588239   187349   505139   139709   671729   158657   450587   258977   503483    72623   481043   302573
   302513   481133    72053   503819   258827   450677   158567   671777   139547   505277   187163   588347   348443   601379   153689   549719    69653   379997    62939   120899   358277   127079   572969   126827   573263   126359   573863   126107   574109   118277   572903   579107   637067   320009   630353   150287   546317    98627   351563   111659   512843   194729   560459    28229   541439   249329   441179   196187   627953   218873   397493
   397547   218849   628097   196043   441263   249287   541469    27947   560597   194723   513047   111623   351587    98519   546569   150239   630467   319097   633197   354317   129287   570743   129119   571019   128969   571133   128327   571847   128153   571973   124493   570659    66809   380909    69539   549767   153437   601487   348419   588383   186959   505283   139409   672059   158537   450719   258743   503963    71909   481157   302459
   302417   481379    71879   504143   258563   450899   158429   672227   139367   505319   186947   588509   348407   601883   153407   550139   631529   375113   352133    65357   634679    65213   634859    65063   634979    65003   635087    64667   635507    64439   635603    63059   634397   324893    68477   149867   546599    98123   351599   111497   513059   194687   560639    27779   541577   249107   441443   195863   628127   218627   397589
   398063   218417   628139   195809   441479   249089   541613    27689   560837   194483   513137   111323   351653    98057   546719   550427    39953   352193   324299   376049   323879   376307   323537   376757   322877   377147   322709   377393   322463   377687   321983   378593   320609   375569   660053   149579   153287   601949   348353   588683   186869   505523   139169   672317   158393   450917   258527   504197    71867   481589   301943
   301877   482099    71789   504269   258449   451097   158243   672557   139133   505919   186653   588737   348209   602033   137567   132623   365129    83717   616367    83597   616529    83459   616589    83219   616799    83177   616943    83009   617249    82619   617447    82469   617657    67853   616229   567383   562439    97973   351797   111269   513353   194087   560873    27449   541763   248909   441557   195737   628217   217907   398129
   398213   217793   628373   195527   441563   248903   541817    27179   560897   194057   513419   111263   351929   602999   490967   364127   153113   546947   152909   547223   152777   547487   152429   547583   152363   547709   152219   547817   152183   548003   151967   548069   151883   548189   138197   546869   209039    97007   348077   588743   186587   505949   139109   672827   158189   451103   258443   504479    71633   482213   301793
   301703   482309    71333   504527   258437   451397   157889   672863   139067   505979   186239   588779   353657    87743   408137   168143   531977   168023   532277   167633   532379   167483   532739   167249   532907   167087   533033   166703   533327   157259   542873   157019   542999   156719   543299   109517   531287   612263   346349   111227   513767   194027   560939    27143   542117   248609   441569   195479   628673   217697   398303
   398357   217619   628679   195443   441887   248483   542207    26987   561047   193859   513899   110477   692423   354779   102797   597353   102587   597473   102407   597677   102317   597803   102107   597929   101999   598049   101879   598379   101363   598727   101207   599069   100853   599273   100703   599513    96779   597053     7583   589529   186107   506147   138959   673019   157799   451523   258119   504563    71327   482387   301649
   301583   482507    71249   504593   257987   452009   157769   673157   138923   506213   529637   581333   351479     2039   697979     1823   698273     1709   698339     1619   698393     1559   698483     1499   698567     1283   698729     1103   699053      947   699077      887   699197      719   699323      569   699443       53   697937   118673   170369   193793   561083    26849   542237   247997   442019   195413   628757   217499   398423
   398543   217409   628877   195407   442139   247847   542447    26813   561359   508037   489197   353867   116639   583469   116483   583619   116279   583733   116009   584027   115853   584183   115757   584279   115613   584417   115343   584873   115127   584993   114689   585413   114419   585677   114269   585839   114143   585917   112019   583139   210809   191969   138647   673193   157559   452159   257867   504599    71129   482597   301463
   301247   482687    71069   504617   257687   452393   157523   673223   138629   465419    25469   193649   506537   193433   506843   193133   506963   193013   507029   192887   507329   192407   507743   192053   508103   191783   508259   191657   508499   191447   508709   191189   508973   190979   509297   190613   509429   190529   509603   516209   506327   234587   561377    26783   542483   247613   442319   195389   628937   217319   398759
   398933   217253   629009   195329   442367   247553   542579    26759   550607    63197   208667   491417   208577   491537   208379   491639   208337   491783   208217   491867   208037   492053   207923   492377   207593   492563   207377   492719   207113   493013   206939   493109   206879   493193   206603   493463   206483   493607   206273   493853   493979   491333   149399   673247   157427   452453   257639   504677    70997   482753   301073
   300869   482837    70667   504929   257519   452597   546263   661553   353567   147089   553073   146777   553463   146477   553583   146417   553733   146249   554207   145703   554417   145433   554699   145259   554753   145037   555119   144839   555287   144413   555683   144299   556007   143519   556763   143063   557027   142973   557057   142733   557309   141179   552899    38453   153743   247409   442487   195077   629339   217169   399137
   399149   216617   629417   195053   442517   247193   140207   355799    34499   665549    34403   665723    34259   665789    33863   666233    33569   666527    33359   666857    33023   667013    32987   667427    32429   667643    32309   667769    32189   667949    31973   668159    31397   668687    31307   668747    31193   668867    30983   669029    30893   669167    27239   665303   559799   452813   257489   504953    70589   483389   300857
   300809   483773    70439   504983   256757   638423   355967   166457   533747   166169   533963   166013   534059   165833   534473   165083   535019   164837   535529   164309   535727   164249   535859   164039   536147   163733   536699   162593   537587   162263   537749   161957   538127   161807   538367   161453   538697   161267   539009   160967   539129   160739   539309   157823   533363    61583   443249   195023   629567   216233   399197
   399227   216179   629807   194819   432587   156347   257189   442829   256967   443117   256877   443363   256517   443837   256133   443987   255977   444089   255839   444293   255659   444539   255383   444677   255239   444833   255137   444929   255053   445019   254777   445307   254207   445967   254003   446087   253733   446399   253349   446759   252899   447119   252869   447179   448907   442733   267419   505187    70199   483827   300779
   300743   484067    70079   492059   353459   266933   433079   266687   433373   266333   433847   266129   433889   265757   434267   265709   434303   265619   434459   265193   434849   265079   435107   264827   435257   264743   435563   264437   435647   264353   435839   264113   435923   264059   436097   263849   436283   263567   436607   263267   437153   262733   437357   262643   437693   260999   433049   207947   629927   215939   399263
   399689   484079   615767   355463   204437   495647   204299   495773   204107   495947   204047   495983   203999   496163   203663   496427   203117   496949   202889   497339   202409   497603   202343   497729   202049   498053   201797   498557   201359   498803   200867   499283   200657   499397   200513   499523   200357   499853   200063   499973   199853   500333   199637   500483   199487   500603   196739   495563    84239   215927   300317
   410687   204377   356219    81173   618929    80819   619967    79973   620099    79889   620159    79823   620237    79613   620579    79367   620657    79229   620813    78989   621029    78893   621227    78653   621527    78173   621869    77933   622157    77513   622529    77369   622793    77003   623057    76679   623717    76283   624209    75773   624347    75539   624479    75407   624683    75269   624797    71993   618707   495629   289319
   276707   353783   227159   472859   226553   473519   226427   473597   226283   473789   226007   474017   225977   474197   225569   474479   225509   474503   225347   474707   225227   474839   225149   474917   225023   475037   224897   475289   224603   475427   224423   475679   224309   475877   224033   476087   223823   476249   223637   476429   223529   476513   223403   476639   223253   476759   222857   477293   221849   472817   423299
   354677   310949   389117   310733   389447   310439   389723   310223   389819   310049   390077   309899   390209   309599   390503   309479   390647   309269   390869   308939   391073   308723   391367   308519   391679   308249   391889   307919   392423   307529   392669   307283   392837   307079   393059   306749   393299   306533   393587   306377   393677   306209   393857   306029   394007   305933   394157   305783   394367   303803   388823
