   325217   374819   325019   375029   324893   375233   324647   375413   324557   375509   324473   375569   324299   376049   323879   376307   323537   376757   322877   377147   322709   377393   322463   377687   321983   378593   321323   378779   321077   378953   320843   379307   320687   379397   320339   379703   320219   379853   320027   379997   319817   380327   319673   380417   319547   380837   319127   380909   319049   381629   346259
   381323   241979   458123   241817   458327   241643   458543   241343   458669   241259   458879   241049   458993   240959   459113   240797   459383   240257   459803   239933   460127   239849   460373   239597   460463   239417   460619   239333   460709   239087   460937   239027   461147   238709   461333   238499   461609   238313   461843   237857   462239   237563   462719   237233   462827   237143   462953   236723   235877   575153   318683
   318629   463433    93563   606449    93503   606527    93419   606743    93047   607049    92849   607253    92699   607337    92657   607517    92387   607769    91733   608303    91583   608429    91397   608633    91163   608987    90863   609173    90647   609407    90473   609599    90263   609779    90203   609809    90017   610157    89819   610409    89567   610619    89303   610733    89189   610919    88937   612713   346547   236573   381377
   381533   236549   611189   217409   482687   217253   482837   216617   483773   216179   484067   215927   484283   215399   484613   215279   484733   215153   485063   214883   485417   214559   485543   214439   486053   213887   486179   213713   486407   213557   486539   213329   486797   213173   486977   212999   487133   212579   487637   212297   487889   211997   488057   211493   488573   211403   210557   624797    88817   463457   318473
   318347   463787    88799   488633   279329   420737   279203   420977   278903   421163   278609   421517   278363   421727   278063   422087   277757   422363   277637   422459   277247   422789   276953   423173   276827   423299   276593   423503   276449   423617   276293   423749   276137   424007   275987   424037   275837   424223   275573   424547   275447   424667   275039   425003   274817   425489   347933   211373   611207   236219   381659
   381707   236087   611213   211319   425297   270539   429497   270443   429599   270329   429683   270287   430019   269663   430427   269573   430487   269237   430823   269057   431363   268637   431399   268493   431567   268403   431663   268199   431993   267863   432149   267803   432287   267647   432413   267569   432449   267479   432587   267017   433049   266933   433079   266687   265739   515993   274709   488687    88793   463919   318299
   317969   464213    88547   488723   274697   433373   180779   519257   180647   519383   180497   519587   179939   520103   179813   520313   179657   520427   179573   520649   179327   520763   178853   521309   178643   521393   178559   521519   178469   521567   178403   521657   178187   521879   178103   522113   177839   522383   177383   522659   177269   522749   177167   176213   695087   266633   425309   211283   611459   235793   382037
   382103   235679   611483   211247   425423   266333   523307    47093   653117    46853   653357    46643   653507    46229   653819    46103   654047    45953   654509    45413   654629    45263   654827    45083   655043    44777   655373    44357   655727    44249   655847    44123   656063    43853   656429    43487   656603    43397   656687    43223   656939    43013   658127   346349   176699   433673   274583   488759    88523   464327   317903
   317777   464447    88463   488909   274457   433847   176573   657017   160169   539843   159857   540167   159833   540233   159737   540377   159623   540389   159569   540599   159293   540773   159227   540989   158909   541349   158567   541469   158429   541613   158243   541817   157889   542183   157799   542237   157559   542483   157427   542747   157133   545387   346187    42989   523433   266159   425549   211097   611543   235559   382229
   382553   235523   611837   210827   425603   266129   523637    42773   542987   223823   476249   223637   476429   223529   476513   223403   476639   223253   476759   222857   477293   222647   477677   222197   477857   222107   477947   222029   478157   221807   478259   221603   478679   221219   478913   221069   479147   219983   480047   219839   482309   346223   157019   657233   176369   433877   274403   489179    88169   464483   317453
   317363   464699    88079   489197   274223   433889   176333   657269   157007   480209   206273   493937   206039   493973   206027   494069   205913   494387   205487   494609   205319   494699   205223   494849   205133   494903   205019   495119   204857   495563   204437   495629   204359   495707   204233   495899   204059   495959   204023   500603   343787   219797   542999    42737   523673   266117   425783   210809   611927   235307   382643
   382727   235043   611969   210599   425819   265757   523763    42683   543287   219707   496007   130079   570047   129893   570413   129587   570467   129509   570509   129419   570659   129287   570743   129119   571019   128969   571133   128327   571847   128153   571973   127979   572093   127703   572357   127607   572423   127487   572843   348443   203999   480299   156719   657323   176243   434249   274187   489407    88037   464963   317279
   317159   464993    88007   489479   274103   434297   176159   657473   156707   480317   203843   572633    12899   687317    12647   687437    12413   687683    12269   687767    12227   687809    12113   688067    11933   688097    11867   688217    11783   688637    11273   688763    11117   688979    10973   689267    10613   696887   341027   127373   496163   219689   543299    42533   523847   265709   425903   210527   611999   235013   382847
   382883   235007   612137   210467   425987   265703   523877    42509   543383   219677   496343   127139   689693   117023   583013   116867   583367   116537   583523   116279   583733   116009   584027   115853   584183   115757   584279   115613   584417   115343   584873   115127   584993   114689   585413   114419   589409   345329    10313   572867   203663   480329   156623   657497   176129   434303   274019   489539    87869   464999   317123
   317087   465089    87833   489659   273929   434387   175949   657539   156467   480419   203579   572903    10139   585677   182549   517469   182519   517553   182417   517619   182129   517949   181757   518387   181409   518729   181199   518813   172517   527633   172307   527789   172097   528137   171707   539687   337697   114329   689867   127103   496427   219587   543539    42467   524057   265619   426077   210347   612173   234917   382919
   383069   234833   612263   210317   426233   265547   524087    42299   543659   219503   496889   127079   689873   114269   528623   168743   531287   168143   531977   168023   532277   167627   532523   167267   532757   167099   532919   166973   533303   166679   533363   166457   533747   166169   535697   347033   171383   585737    10133   572927   203117   480503   156347   657707   175919   434459   273773   489689    87743   465173   316937
   316907   465293    87629   489743   273719   434813   175499   657779   156119   480569   203057   572969    10103   585839   171299   533963    96797   603227    96749   603563    96059   603989    95783   604259    95393   604727    95273   604787    95177   604997    94889   605393    94529   606113   348353   166043   528707   114167   689903   127037   496949   219437   543887    42227   524507   265193   426287   210263   612377   234713   383099
   383147   234599   612383   210173   426353   265157   524939    42197   544223   219293   497117   126827   690119   114143   528929   166013   605543   338543   361637   338279   361769   338213   361799   338033   361979   337907   362147   337793   362657   337313   362723   336989   364193   348077    94463   533993   171077   585863     9887   573179   202889   480713   155783   657809   175067   434849   273653   489833    87623   465407   316859
   316853   465419    87509   490019   273617   434927   174989   657827   155747   480989   202667   573263     9629   585917   170957   534059    94433   363119    78893   621227    78653   621527    78173   621869    77849   622493    77477   622637    77213   623003    76949   624209   347873   336887   605573   165947   529049   114089   690377   126743   497339   219017   544259    42179   525017   265079   426389   209987   612497   234587   383153
   383303   234197   612923   209837   426737   264899   525257    42023   544919   218963   497597   126359   690419   113969   529229   165833   605609   336857   623327   144839   555593   144323   555707   143999   556487   143243   556943   142979   557057   142733   557309   348827    76679   363149    94397   534173   170777   586037     9587   573647   202409   481043   155087   657983   174749   435107   273269   490169    87083   465809   316703
   316577   465917    86993   490367   273233   435179   174653   658079   155069   481133   202403   573863     9539   586073   170369   534473    94169   363179    76289   557537   140939   559277   140663   559367   140477   559583   140339   559673   140297   568709   340709   142469   623717   336827   605837   165533   529637   113933   690467   126143   497603   218873   544937    41927   525353   264827   426773   209639   613013   234089   383429
   383633   234029   613163   209543   426893   264749   525593    41759   544979   218849   497663   126107   690509   113657   530063   165083   606323   336689   623723   142433   559799    67559   632459    67523   632699    67289   633197    66797   639857   342647   140207   557573    76283   363317    93683   534923   169943   586349     9497   573899   202343   481157   155027   658247   174413   435257   273113   490463    86843   465977   316373
   316193   466247    86837   490859   272933   435263   174407   658277   154943   481379   202277   574109     9473   586493   169919   535019    84137   363569    75773   557789   140123   633257   310889   389273   310559   389567   310283   390407   349043    66749   559883   142217   624233   336437   615869   164987   530087   113513   690533   125897   497729   218627   545063    41729   525599   264743   427073   209147   613169   233759   383813
   383909   233489   613253   209039   427079   264443   525677    41687   545483   218417   497957   125717   690629   113417   530093   164837   616073   336239   624347   142019   560039    66629   389783    65213   634859    65063   635087   349793   310223   633377   139967   557987    75659   363767    83933   535169   169913   586589     9377   574289   202049   481589   154523   658319   174329   435563   272927   490967    86753   466517   316097
   316037   466649    86579   491129   272903   435569   174197   658379   154247   482099   201953   574367     9137   586679   169823   535529    83903   363947    75539   558203   139883   633473   310187   634979   135599   684647   229763    65027   389819    66533   560123   141803   624467   336059   616103   164477   530183   113327   690869   125639   498053   217907   545759    41627   525809   264437   427103   208877   613427   233357   383969
   384029   232823   613607   208787   427247   264359   525869    41603   545933   217793   498209   125387   691037   113213   530237   164279   616229   336029   624479   141719   560297    66509   389957   645233   444167   350003   255839    54773   310049   633497   139709   558287    75527   363977    83777   535727   169769   586793     8969   574619   201797   482213   154073   658403   174137   435647   272759   491219    86399   467183   315977
   315899   467297    86369   491333   272603   435653   173969   658487   154067   482387   201449   574667     8807   586979   169709   535757    83717   364127    75407   558497   139547   633623   391073    54377   470243    15359   564407   645629   308933    66383   560459   141509   624599   335879   616289   164249   530297   113027   691199   125339   498557   217619   545939    41519   526037   264353   427403   208673   613637   232709   384107
   384113   232607   613763   208667   427439   264167   526073    41399   546053   217499   498647   125303   691337   112919   530339   164147   616367   335693   624683   141443   560597   636359   307169   350213    65147   634943    64919   634793   392837    63647   139409   558563    75323   364313    83639   535859   169667   587087     8669   574703   201359   482507   153953   658607   173933   435839   272567   491339    86243   467399   315893
   315803   467507    86117   491417   272549   435893   173867   658649   153743   492719   201203   574799     8663   587219   169493   535967    83597   364337    75269   558827   139133    55259   350963   310733   389447   310439   389723   309599   389117   644747   560873   141179   624737   335669   616409   164039   530513   112787   691343   125207   498803   207287   546263    41357   526139   264113   427457   208589   613889   232499   384203
   384227   232457   614153   208577   427529   264083   526199    41189   546317   207113   499139   125093   691409   112589   530597   163859   616529   335633   624839   562607   550379   357359    67547   632483    67307   632717    66809   633209    60149   632447   149627   137399    75167   364373    83477   536147   169409   587417     8597   574913   200867   492893   153689   658817   173807   435923   272477   491429    85853   467549   315779
   315599   467699    85829   491537   272093   435947   173783   659159   153437   493013   200723   575027     8573   587429   169313   536273    83459   364499    74687   132947   359297   140729   559343   140639   559529   140423   559667   140333   559709   131297   559067   567059   625319   335507   616547   163733   530693   112577   691433   124979   499283   206993   546569    40847   526223   264059   427913   208469   614177   232307   384407
   384437   232109   614387   208379   427967   263909   526307    40829   546599   206939   499349   124919   691463   112403   530807   163307   616589   334793   620657   351179   144413   555683   144299   556007   143519   556763   143063   557027   142949   557273   142697   555167    79349   365213    83417   536699   169199   587603     8543   575087   200657   493067   153407   659177   173699   436097   272039   491627    85619   467897   315569
   315527   467903    85523   491639   272009   436157   173357   659423   153287   493109   200609   575213     8423   587669   168863   537413   616997   360869   352133    78779   621353    78479   621833    78137   622157    77513   622529    77369   622793    77003   623057    75797   621113   339137    83009   162593   531143   112337   691583   124793   499397   206897   546719    40583   526649   263849   427997   208367   614483   232103   384479
   384599   232079   614693   208337   428003   263723   526709    40493   546869   206879   499493   124703   691637   112253   531203   547817    77933   351929   338369   361727   338237   361793   338207   361973   338027   362099   337859   362213   337349   362693   337283   363017   335813   361463   622073   152189   168803   587753     8369   575303   200513   493127   153137   659513   173297   436283   272003   491669    85313   467927   315407
   315269   468059    85247   491783   271967   436439   173273   659723   153113   493193   200483   575429     8297   587987   532373   144719   351653    96779   603257    96443   603947    96017   604223    95747   604613    95279   604733    95219   604829    95009   605117    94613   605477    93893   603209   555287   167633   112019   691709   124577   499523   206813   546893    40283   526733   263567   428039   208223   614759   231947   384737
   384827   231893   615137   208217   428177   263399   526739    40163   546947   206603   499649   124493   691763   111323   142973   352973   168719   531863   168029   531983   167729   532379   167483   532739   167249   532907   167087   533033   166703   533327   166643   533549   166259   533837   164309   531263   557033   588683     8243   575513   200357   493403   153059   659843   173267   436607   271829   491789    84869   468113   315179
   314927   468473    84737   491867   271703   436739   173177   660053   152909   493463   200153   575573     7673   580259   362309   182537   517487   182453   517589   182387   517877   182057   518249   181619   518597   181277   518807   181193   527489   172373   527699   172217   527909   171869   528299   160319   517457   119747   692333   124433   499853   206543   547097    39953   526829   263267   428303   208139   615269   231533   385079
   385127   231479   615473   208037   428369   262853   527123    39887   547223   206483   499943   578117   679859   354677   116993   583139   116639   583469   116483   583727   116273   583997   115979   584153   115823   584249   115727   584393   115589   584663   115133   584879   115013   585317   114593   585587   110597   582983    20147   121889   200063   493523   152783   660119   172883   437153   271637   491969    84533   468527   314879
   314813   468647    84509   492053   271517   437273   172877   660137   152777   493607   503207   116387   358979    12689   687359    12569   687593    12323   687737    12239   687779    12197   687893    11939   688073    11909   688139    11789   688223    11369   688733    11243   688889    11027   689033    10739   689393     3119   687107   583619   196799   206399   547229    39869   527129   262733   428489   207953   615497   231359   385193
   385199   231323   615539   207947   428639   262649   527333    39839   547487   206153   185993   351563   129959   570113   129593   570419   129539   570497   129497   570587   129347   570719   129263   570887   128987   571037   128873   571679   128159   571853   128033   572027   127913   572303   127649   572399   127583   572519   127163   569927   514013   493853   152519   660167   172673   437357   271367   492059    84467   468683   314807
   314627   468737    84449   492083   271163   437363   172607   660227   152003   474017   356219   206069   493967   206033   493979   205937   494093   205619   494519   205397   494687   205307   494783   205157   494873   205103   494987   204887   495149   204443   495569   204377   495647   204299   495773   204107   495947   204047   495983   199403   493733   225989   548003    39779   527399   262643   428843   207923   615557   231269   385379
   385403   231107   615599   207629   429083   262313   527453    39023   538127   353783   223757   476369   223577   476477   223493   476603   223367   476753   223247   477149   222713   477359   222329   477809   222149   477899   222059   477977   221849   478199   221747   478403   221327   478787   221093   478937   220859   480023   219959   480167   217697   476183   161879   660983   172553   437693   270923   492377    84407   468899   314603
   314513   468953    84389   492413   270659   437753   530549   651509   353819   160163   540149   159839   540173   159773   540269   159629   540383   159617   540437   159407   540713   159233   540779   159017   541097   158657   541439   158537   541577   158393   541763   158189   542117   157823   542207   157769   542447   157523   542579   157259   542873   154619   539837    48497   169457   262253   429347   207593   615617   231053   385493
   385607   230969   615743   207443   429413   440039   508259   353657    46889   653153    46649   653363    46499   653777    46187   653903    45959   654053    45497   654593    45377   654743    45179   654923    44963   655229    44633   655649    44279   655757    44159   655883    43943   656153    43577   656519    43403   656609    43319   656783    43067   656993    41879   652913   191747   259967   270593   492563    84263   469037   314399
   314267   469439    84239   492629   429797   420599     4919   180749   519359   180623   519509   180419   520067   179903   520193   179693   520349   179579   520433   179357   520679   179243   521153   178697   521363   178613   521447   178487   521537   178439   521603   178349   521819   178127   521903   177893   522167   177623   522623   177347   522737   177257   522839   523793   519227   279407   270209   207377   615767   230567   385739
   385793   230393   615827   495449   261563   184013   270509   429563   270407   429677   270323   429719   269987   430343   269579   430433   269519   430769   269183   430949   268643   431369   268607   431513   268439   431603   268343   431807   268013   432143   267857   432203   267719   432359   267593   432437   267557   432527   267419   432989   266957   433073   266927   433319   434267   429467   438443   204557    84179   469613   314213
   314189   469649    82619   471209   352073   279269   420803   279029   421103   278843   421397   278489   421643   278279   421943   277919   422249   277643   422369   277547   422759   277217   423053   276833   423179   276707   423413   276503   423557   276389   423713   276257   423869   275999   424019   275969   424169   275783   424433   275459   424559   275339   424967   275003   425189   274517   420677   228797   617387   230357   385817
   385877   229703   606083    75209   217319   482753   217169   483389   216233   483827   215939   484079   215723   484607   215393   484727   215273   484853   214943   485123   214589   485447   214463   485567   213953   486119   213827   486293   213599   486449   213467   486677   213209   486833   213029   487007   212873   487427   212369   487709   212117   488009   211949   488513   211433   488603   489449   482597    93923   470303   314129
   390107   686789   353459    93557   606503    93479   606587    93263   606959    92957   607157    92753   607307    92669   607349    92489   607619    92237   608273    91703   608423    91577   608609    91373   608843    91019   609143    90833   609359    90599   609533    90407   609743    90227   609803    90197   609989    89849   610187    89597   610439    89387   610703    89273   610817    89087   611069    87293   606443    13217   309899
   297623   124853   241883   458189   241679   458363   241463   458663   241337   458747   241127   458957   241013   459047   240893   459209   240623   459749   240203   460073   239879   460157   239633   460409   239543   460589   239387   460673   239297   460919   239069   460979   238859   461297   238673   461507   238397   461693   238163   462149   237767   462443   237287   462773   237179   462863   237053   463283   464129   458027   402383
   353747   325187   374987   324977   375113   324773   375359   324593   375449   324497   375533   324437   375707   323957   376127   323699   376469   323249   377129   322859   377297   322613   377543   322319   378023   321413   378683   321227   378929   321053   379163   320699   379319   320609   379667   320303   379787   320153   379979   320009   380189   319679   380333   319589   380459   319169   380879   319097   380957   318377   374789
