   325019   375029   324893   375233   324647   375413   324557   375509   324473   375569   324299   376049   323879   376307   323537   376757   322877   377147   322709   377393   322463   377687   321983   378593   321323   378779   321077   378953   320843   379307   320687   379397   320339   379703   320219   379853   320027   379997   319817   380327   319673   380417   319547   380837   319127   380909   319049   381323   318629   381533   346439
   381629   241817   458327   241643   458543   241343   458669   241259   458879   241049   458993   240959   459113   240797   459383   240257   459803   239933   460127   239849   460373   239597   460463   239417   460619   239333   460709   239087   460937   239027   461147   238709   461333   238499   461609   238313   461843   237857   462239   237563   462719   237233   462827   237143   462953   236723   463433   236549   464963   346187   318377
   318347   463787    93557   606503    93479   606587    93263   606959    92957   607157    92753   607307    92669   607349    92489   607619    92237   608273    91703   608423    91577   608609    91373   608843    91019   609143    90833   609359    90599   609533    90407   609743    90227   609803    90197   609989    89849   610187    89597   610439    89387   610703    89273   610817    89087   611069    88817   620099   338279   236219   381659
   381707   236087   611207   217169   483389   216233   483827   215939   484079   215723   484607   215393   484727   215273   484853   214943   485123   214589   485447   214463   485567   213953   486119   213827   486293   213599   486449   213467   486677   213209   486833   213029   487007   212873   487427   212369   487709   212117   488009   211949   488513   211433   488603   211373   488687   211283   211247   624737    88799   463919   318299
   317969   464129    88793   488909   279203   420977   278903   421163   278609   421517   278363   421727   278063   422087   277757   422363   277637   422459   277247   422789   276953   423173   276827   423299   276593   423503   276449   423617   276293   423749   276137   424007   275987   424037   275837   424223   275573   424547   275447   424667   275039   425003   274817   425297   274697   270287   503207   211097   611213   235877   382037
   382103   235793   611459   210827   425423   270509   429563   270407   429677   270323   429797   269987   430343   269579   430433   269519   430769   269183   431363   268637   431399   268493   431567   268403   431663   268199   431993   267863   432149   267803   432287   267647   432413   267569   432449   267479   432587   267017   433049   266933   433079   266687   433373   266333   264113   517487   274583   489179    88547   464213   317903
   317777   464327    88523   489197   274517   433847   180623   519509   180419   520067   179903   520193   179693   520349   179579   520433   179357   520679   179243   521153   178697   521363   178613   521447   178487   521537   178439   521603   178349   521819   178127   521903   177893   522167   177623   522623   177347   522737   177257   522839   176699   523433   176369   523673   347873   266159   425489   210809   611483   235679   382229
   382553   235559   611543   210599   425549   266129   523763    46643   653507    46229   653819    46103   654047    45953   654509    45413   654629    45263   654827    45083   655043    44777   655373    44357   655727    44249   655847    44123   656063    43853   656429    43487   656603    43397   656687    43223   656939    43013   657017    42773   657269    42683   658607   346547   176243   433877   274457   489407    88463   464447   317453
   317363   464483    88169   489449   274403   433889   176213   657473   159773   540269   159629   540383   159617   540437   159407   540713   159233   540779   159017   541097   158657   541439   158537   541577   158393   541763   158189   542117   157823   542207   157769   542447   157523   542579   157259   542873   157019   542999   156719   543299   156623   545387   346553    42533   523793   266117   425603   210557   611837   235523   382643
   382727   235307   611927   210527   425783   265757   523847    42509   543539   223493   476603   223367   476753   223247   477149   222713   477359   222329   477809   222149   477899   222059   477977   221849   478199   221747   478403   221327   478787   221093   478937   220859   480023   219959   480167   219797   480299   219689   480329   219587   481043   347099   156467   657497   176159   434249   274223   489479    88079   464699   317279
   317159   464993    88037   489539   274187   434267   176129   657539   156347   480503   206027   494069   205913   494387   205487   494687   205307   494783   205157   494873   205103   494987   204887   495449   204443   495569   204377   495647   204299   495773   204107   495947   204047   495983   203999   496163   203663   496427   203117   497339   348077   219503   543659    42467   523877   265739   425819   210467   611969   235013   382847
   382883   235007   611999   210347   425903   265709   524057    42299   543887   219437   496949   129497   570587   129347   570719   129263   570887   128987   571037   128873   571679   128159   571853   128033   572027   127913   572303   127649   572399   127583   572519   127373   572843   127139   572903   127079   572969   126827   576683   344957   203057   480569   156119   657707   175949   434297   274103   489659    88007   464999   317123
   317087   465089    87869   489689   274019   434303   175919   657779   155783   480713   202889   573263    12323   687737    12239   687779    12197   687893    11939   688073    11909   688139    11789   688223    11369   688733    11243   688889    11027   689033    10739   689393    10313   689867    10133   689903     9887   690869   348443   126743   497117   219293   544223    42227   524087   265703   425987   210317   612137   234917   382919
   383069   234833   612173   210263   426077   265619   524507    42197   544259   219017   497597   126359   690377   116279   583733   116009   584027   115853   584183   115757   584279   115613   584417   115343   584873   115127   584993   114689   585413   114419   585677   114269   585839   114143   585917   113969   596117   339137     9629   573647   202409   480989   155747   657809   175499   434387   273929   489743    87833   465173   316937
   316907   465293    87743   489833   273773   434459   175067   657827   155087   481133   202403   573863     9587   586073   182129   517949   181757   518387   181409   518729   181199   518813   180779   519257   180647   527789   171869   528299   171383   528707   171077   529049   170777   529637   169943   532277   338207   113933   690419   126143   497603   218873   544919    42179   524939   265547   426233   210173   612263   234713   383099
   383147   234599   612377   209987   426287   265193   525017    42023   544937   218849   497663   126107   690467   113657   530087   167627   532523   167267   532757   167087   533033   166703   533327   166643   533549   166259   533837   166043   533993   165947   534173   165533   534923   164987   539309   344543   169919   586349     9539   573899   202343   481157   155069   657983   174989   434813   273719   490019    87629   465407   316859
   316853   465419    87623   490169   273653   434849   174749   658079   155027   481379   202277   574109     9497   586493   169913   535169    95747   604613    95279   604733    95219   604829    95009   605117    94613   605477    94463   605573    94397   605837    93923   606113    93683   620639   334793   164837   530093   113513   690509   125897   497729   218627   544979    41927   525257   265157   426353   209837   612383   234587   383153
   383303   234197   612497   209639   426389   265079   525353    41879   545063   218417   497957   125717   690533   113417   530183   164477   606443   338033   361979   337907   362147   337793   362309   337349   362693   337283   363017   336887   363149   336827   363317   336437   371417   341507    93563   535529   169823   586589     9473   574289   202049   481589   154943   658127   174653   434927   273617   490367    87509   465809   316703
   316577   465917    87293   490463   273269   435107   174413   658247   154523   482099   201953   574367     9377   586679   169769   535697    84137   363767    77933   622157    77513   622529    77369   622793    77003   623057    76679   623717    76283   624209    75773   625517   347513   336239   615869   164309   530237   113327   690629   125639   498053   217907   545483    41759   525593   264899   426737   209543   612713   234089   383429
   383633   234029   612923   209147   426773   264827   525599    41729   545759   217793   498209   125387   691037   113213   530297   164279   616073   336059   624347   143063   557027   142973   557057   142733   557309   142469   557573   142217   558203   141719   559277   348419    75659   363947    83933   535727   169709   586793     8969   574619   201797   482213   154247   658277   174407   435179   273233   490859    87083   465977   316373
   316193   466247    86993   490967   273113   435257   174329   658319   154073   482309   201449   574667     8807   586979   169667   535757    83903   363977    75539   558497   140297   559799   140123   560039   139883   560297   139547   560597   139367   582017   328067   141509   624467   336029   616103   164249   530339   113027   691199   125339   498557   217697   545933    41687   525677   264749   426893   209039   613013   233759   383813
   383909   233489   613163   208877   427073   264743   525809    41627   545939   217619   498647   125303   691337   112919   530513   164147   616229   335879   624479   141179   560837    66797   633257    66629   633473    66509   633623    66377   637319   346043   139169   558827    75527   364127    83777   535859   169493   587087     8669   574703   201359   482387   154067   658379   174197   435263   272933   491129    86843   466517   316097
   316037   466649    86837   491219   272927   435563   174137   658403   153953   482507   201203   574799     8663   587219   169457   535967    83717   364193    75407   559067   139133   633767   309929   390107   309797   390407   309503   394529   345749    66239   560873   140939   624599   335813   616289   164039   530549   112787   691343   125207   498803   217499   546053    41603   525869   264443   427079   208787   613169   233357   383969
   384029   232823   613253   208673   427103   264437   526037    41519   546263   217409   499139   125093   691409   112589   530597   163859   616367   335693   624683   140663   560939    66173   390527    64919   635339    64499   638999   346259   309479   633833   139067   559343    75323   364313    83639   536147   169409   587417     8597   574913   200867   482597   153743   658487   173969   435569   272903   491333    86753   467183   315977
   315899   467297    86579   491339   272759   435647   173933   658649   153689   482687   200723   575027     8573   587429   169313   536699    83597   364337    75209   559367   138959   633923   309359   635603   134369   577067   338573    64403   390647    66083   561047   140639   624797   335669   616409   163307   530693   112577   691433   124979   499283   217319   546317    41357   526073   264359   427247   208667   613427   232709   384107
   384113   232607   613607   208589   427403   264353   526139    41189   546569   217253   499349   124919   691463   112403   530807   162593   616529   335633   624839   140477   561083    65993   390737   636473   554207   350003   145799    63533   309269   634013   138923   559529    75167   364373    83477   537413   169199   587603     8543   575087   200657   482753   153437   658817   173867   435653   272603   491417    86399   467399   315893
   315803   467507    86369   491429   272567   435839   173807   659159   153407   493067   200609   575153     8423   587669   168863   537587    83459   364499    75029   559583   138647   634079   308933    59273   361433   122939   565637   640733   391073    65927   561359   140423   624977   335507   616547   162419   531143   112337   691583   124853   499397   206939   546599    40847   526199   264167   427439   208577   613637   232499   384203
   384227   232457   613763   208469   427457   264083   526223    40829   546719   206897   499493   124793   691637   112253   531203   162263   616589   335123   625103   140339   561377   635939   386279   353747    64667   635507    61007   635087   313727    64067   138629   559667    74903   364883    83417   537743   168803   587753     8369   575213   200513   493109   153287   659177   173783   435923   272549   491537    86243   467549   315779
   315599   467699    86117   491627   272477   435947   173699   659423   153137   493127   200483   575303     8297   587987   168743   537749    83219   364997    74897   559673   136649    59393   354257   309899   390209   309599   390503   305477   390077   640613   563357   140333   625109   335009   616787   162257   531263   112019   691709   124703   499523   206879   546869    40583   526307   264059   427529   208379   613889   232307   384407
   384437   232109   614153   208367   427913   263909   526649    40493   546893   206813   499649   124577   691763   111893   531287   161957   616799   334877   625133   560897   540173   353963    66749   633377    66533   633497    66383   633629    62687   633209   159833   139109    74873   365129    83207   538049   168719   588113     8243   575429   200357   493193   153113   659513   173357   436097   272093   491639    85853   467897   315569
   315527   467903    85829   491669   272039   436157   173297   659723   153059   493403   200153   575513     8219   588173   168143   538127    83063   365369   626477   135647   371939   140207   559883   139967   560123   139709   560459   139409   560639   117989   559709   564359    73529   334637   616943   161879   531863   111833   691787   124493   499853   206603   546947    40283   526709   263849   427967   208337   614177   232103   384479
   384599   232079   614387   208223   427997   263723   526733    40163   547097   206543   499943   124433   691919   111767   531977   161807   616997   333023    68477   351587   142979   557033   142949   557273   142697   557537   142433   557789   141803   558287   140729   556943   631529   366983    83009   538199   168029   588239     8087   575573   200063   493463   152909   659843   173273   436283   272009   491783    85619   467927   315407
   315269   468059    85523   491789   272003   436439   173267   660053   152783   493523   200033   575579     8009   588347   168023   538367   617537   356093   352493    77849   622493    77477   622637    77213   623003    76949   623327    76289   623723    75797   624233    74489   622073   343913    82469   161639   531983   111659   691997   124427   499973   206483   547223    39953   526739   263567   428003   208217   614483   231947   384737
   384827   231893   614693   208139   428039   263399   526829    39887   547229   206399   500153   124337   692099   111623   532373   540149    64439   358499   338027   362099   337859   362213   337697   362657   337313   362723   336989   363119   336857   363179   336689   363569   328589   361973   635567   159857   167633   588383     7907   575669   199853   493607   152777   660119   173177   436607   271967   491867    85313   468113   315179
   314927   468473    85247   491969   271829   436739   172883   660137   152519   493733   199673   575867     7757   588509   532907   150323   365213    95393   604727    95273   604787    95177   604997    94889   605393    94529   605543    94433   605609    94169   606083    93893   606323    79367   604259   549683   167099   111497   692249   124139   500333   206273   547487    39869   527123   263267   428177   208037   614759   231533   385079
   385127   231479   615137   207953   428303   262853   527129    39839   547577   206153   500369   123887   692333   588779   142019   355463   167483   532739   167249   532919   166973   533303   166679   533363   166457   533747   166169   533963   166013   534059   165833   534473   165083   535019   160697   532379   557987   111227     7673   576119   199637   493853   152429   660167   172877   437153   271703   492053    84869   468527   314879
   314813   468647    84737   492059   271637   437273   172673   660227   152423   493937   199523   576203     7253    96857   361799   182057   518249   181619   518597   181277   518807   181193   519227   180749   519359   172217   528137   171707   528623   171299   528929   170957   529229   170369   530063   167729   517877   603149   692753   123803   500483   206069   547583    39779   527333   262733   428369   207947   615269   231359   385193
   385199   231323   615473   207923   428489   262649   527399    39659   547643   206039   500519   122207   687359   360869   116273   583997   115979   584153   115823   584249   115727   584393   115589   584663   115133   584879   115013   585317   114593   585587   114329   585737   114167   585863   114089   586037   103889   583727    12647   577799   199487   493967   152363   660347   172607   437357   271517   492083    84533   468683   314807
   314627   468737    84509   492377   271367   437363   172553   660503   152297   493973   501077   568709   351563    12269   687767    12227   687809    12113   688067    11933   688097    11867   688217    11783   688637    11273   688763    11117   688979    10973   689267    10613   689693    10139   689873    10103   690119     9137   687683   131297   198929   206033   547709    39503   527453   262643   428639   207629   615497   231269   385379
   385403   231107   615539   207593   428843   262313   527489    39443   547787   495149   192053   355049   129419   570659   129287   570743   129119   571019   128969   571133   128327   571847   128153   571973   127979   572093   127703   572357   127607   572423   127487   572633   127163   572867   127103   572927   127037   573179   123323   570509   507953   204857   152219   660563   172517   437693   271163   492413    84467   468899   314603
   314513   468953    84449   492563   270923   437753   172373   660683   550169   185819   351929   205937   494093   205619   494519   205319   494699   205223   494849   205133   494903   205019   495119   204557   495563   204437   495629   204359   495707   204233   495899   204059   495959   204023   496007   203843   496343   203579   496889   202667   493979   514187   149837    39323   527633   262253   429083   207443   615557   231053   385493
   385607   230969   615599   207377   429347   262187   527699   661259   141443   352907   223403   476639   223253   476759   222857   477293   222647   477677   222197   477857   222107   477947   222029   478157   221807   478259   221603   478679   221219   478913   221069   479147   219983   480047   219839   480209   219707   480317   219677   480419   218963   476513   558563    38747   172307   437819   270659   492629    84407   469037   314399
   314267   469439    84389   492719   270593   437867   527909    29243   353453   159737   540377   159623   540389   159569   540599   159293   540773   159227   540989   158909   541349   158567   541469   158429   541613   158243   541817   157889   542183   157799   542237   157559   542483   157427   542747   157133   542987   157007   543287   156707   543383   154619   540233   670763   172097   262139   429413   207287   615617   230567   385739
   385793   230393   615743   207113   429467   443489   163733   353459    46499   653777    46187   653903    45959   654053    45497   654593    45377   654743    45179   654923    44963   655229    44633   655649    44279   655757    44159   655883    43943   656153    43577   656519    43403   656609    43319   656783    43067   656993    42989   657233    42737   657323    41399   653363   536273   256517   270539   492893    84263   469613   314213
   314189   469649    84239   493013   269057   418079   352133   180497   519587   179939   520103   179813   520313   179657   520427   179573   520649   179327   520763   178853   521309   178643   521393   178559   521519   178469   521567   178403   521657   178187   521879   178103   522113   177839   522383   177383   522659   177269   522749   177167   523307   176573   523637   176333   519383   281927   430949   206993   615767   230357   385817
   385877   230213   615827   494609   577397   182519   270443   429599   270329   429683   270209   430019   269663   430427   269573   430487   269237   430823   268643   431369   268607   431513   268439   431603   268343   431807   268013   432143   267857   432203   267719   432359   267593   432437   267557   432527   267419   432989   266957   433073   266927   433319   266633   433673   435893   429497   122609   205397    84179   469793   314129
   314063   470207   616829   472469   196799   279029   421103   278843   421397   278489   421643   278279   421943   277919   422249   277643   422369   277547   422759   277217   423053   276833   423179   276707   423413   276503   423557   276389   423713   276257   423869   275999   424019   275969   424169   275783   424433   275459   424559   275339   424967   275003   425189   274709   425309   429719   420803   227537    83177   229799   385943
   386117   229703    63719    75269   216617   483773   216179   484067   215927   484283   215399   484613   215279   484733   215153   485063   214883   485417   214559   485543   214439   486053   213887   486179   213713   486407   213557   486539   213329   486797   213173   486977   212999   487133   212579   487637   212297   487889   211997   488057   211493   488573   211403   488633   211319   488723   488759   482837   636287   470303   313889
   387977   457553   361727    93503   606527    93419   606743    93047   607049    92849   607253    92699   607337    92657   607517    92387   607769    91733   608303    91583   608429    91397   608633    91163   608987    90863   609173    90647   609407    90473   609599    90263   609779    90203   609809    90017   610157    89819   610409    89567   610619    89303   610733    89189   610919    88937   611189    79907   606449   242453   312029
   299807   353819   241679   458363   241463   458663   241337   458747   241127   458957   241013   459047   240893   459209   240623   459749   240203   460073   239879   460157   239633   460409   239543   460589   239387   460673   239297   460919   239069   460979   238859   461297   238673   461507   238397   461693   238163   462149   237767   462443   237287   462773   237179   462863   237053   463283   236573   463457   235043   458189   400199
   353567   324977   375113   324773   375359   324593   375449   324497   375533   324437   375707   323957   376127   323699   376469   323249   377129   322859   377297   322613   377543   322319   378023   321413   378683   321227   378929   321053   379163   320699   379319   320609   379667   320303   379787   320153   379979   320009   380189   319679   380333   319589   380459   319169   380879   319097   380957   318683   381377   318473   374987
