    33479   666647    33149   666983    32993   667019    32579   667577    32363   667697    32237   667817    32057   668033    31847   668609    31319   668699    31259   668813    31139   669023    30977   669113    30839   669329    30593   669659    30137   669887    30059   670139    29789   670343    29429   670583    29387   670673    29243   670853    29129   671189    28703   671357    28403   671717    28277   671777    27947   672227   347057
   672317   308249   391889   307919   392423   307529   392669   307283   392837   307079   393059   306749   393299   306533   393587   306377   393677   306209   393857   306029   394007   305933   394157   305783   394367   305597   394523   305477   394637   305363   394739   305219   395027   304937   395159   304763   395453   304349   396203   303767   396293   303683   396413   303497   396533   303377   396713   303287   302459   441179    27689
    27449   396887   158657   541439   158537   541577   158393   541763   158189   542117   157823   542207   157769   542447   157523   542579   157259   542873   157019   542999   156719   543299   156623   543539   156347   543887   155783   544259   155087   544937   155027   545063   154619   545483   154247   545933   154067   546053   153743   546317   153437   546599   153287   546869   153113   546947   152909   557789   336989   303119   672557
   672767   303053   547223   281663   418427   281339   418709   281243   418799   281117   419057   280859   419189   280703   419417   280583   419459   280409   419753   280229   420029   279857   420317   279413   420599   279329   420737   279203   420977   278903   421163   278609   421517   278363   421727   278063   422087   277757   422363   277637   422459   277247   422789   276953   423173   276827   425819   345263   152783   396953    27239
    27179   397037   152777   423299   347513   352907   347033   353453   346547   353567   346349   353747   346223   353819   346139   353963   345749   354317   345473   354677   345227   355037   344957   355463   344363   355679   344243   355799   344153   355967   343913   356219   343313   356933   343037   357107   342659   357353   342647   357437   342497   357593   342347   357767   342197   340979   363767   276707   547229   302969   672827
   672863   302747   547487   276593   358079   336827   363317   336437   363947   336029   364127   335813   364313   335669   364373   335507   364883   335009   365129   334793   365369   334493   365627   334247   366077   333779   366269   333719   366293   333623   366467   333323   366983   332987   367277   332699   367559   332393   367733   332183   367889   331907   368453   331277   331217   384107   341927   423413   152519   397259    27143
    26987   397283   152429   423503   341777   369023   242729   457367   242603   457553   242447   457607   242309   457913   241979   458123   241817   458327   241643   458543   241343   458669   241259   458879   241049   458993   240959   459113   240797   459383   240257   459803   239933   460127   239849   460373   239597   460463   239417   460619   239333   460709   239087   460937   348209   330983   358229   276503   547577   302723   673019
   673157   302579   547583   276449   358277   330887   460979   106823   593387   106487   593573   106373   593903   106019   593993   105983   594107   105557   594569   105389   594899   104933   595157   104759   595277   104693   595547   104393   595709   103997   596027   103913   596117   103643   596423   103217   596927   103043   597053   102797   597353   102587   621527   323957   239027   369119   341729   423557   152423   397427    26849
    26813   397433   152363   423617   341507   369353   238859   597473   223919   476183   223757   476369   223577   476477   223493   476603   223367   476753   223247   477149   222713   477359   222329   477809   222149   477899   222059   477977   221849   478199   221747   478403   221327   478787   221093   478937   220859   480023   219959   480167   219797   218627   609143   102533   461147   330653   358499   276389   547643   302573   673193
   673223   302513   547709   276293   358667   330587   461297   102407   480299   287549   412619   287057   413033   286763   413417   286469   413579   286199   414053   285827   414467   285377   414779   285113   415109   284819   415517   284483   415559   284429   415949   283859   416243   283607   416543   283133   417089   282833   417239   282713   270287   494387   219707   597599   238709   369419   341339   423713   152297   397493    26783
    26759   397589   152219   423749   341303   369647   238673   597677   219689   417617   270923   429347   270593   429467   270509   429563   270407   429677   270323   429797   269987   430343   269579   430433   269519   430823   269057   431363   268637   431399   268493   431567   268403   431663   268199   431993   267863   432149   267803   267557   512657   282389   480317   102329   461333   330359   358703   276257   547787   302417   673247
   673313   301943   547817   276137   358733   330347   461507   102317   480329   282383   432287   195527   504527   195443   504593   195407   504617   195329   504929   195053   504983   194933   505139   194819   505277   194723   505319   194483   505919   194057   505979   193859   506213   193679   506357   193469   506573   193163   190979   664739   267719   417623   219677   597689   238499   369659   341273   423869   152189   398063    26693
    26393   398129   152183   424007   341027   369959   238397   597803   219587   417719   267647   506873    69203   630863    68993   631187    68777   631307    68597   631529    68447   631859    67883   632153    67733   632297    67679   632447    67547   632483    67307   632717    66809   633209    66749   633377    66533   660983   321413   193133   432359   282287   480419   102203   461609   330047   358979   275999   547823   301877   673613
   673619   301793   548003   275987   359069   329873   461693   102107   480503   282167   432413   193043   633497   182537   517487   182453   517589   182387   517877   182057   518249   181619   518597   181277   518807   181193   519227   180749   519359   180623   519509   180419   520067   179903   520193   179693   177167   691037    66509   506963   267593   417839   219503   597899   238313   370133   340937   424019   152003   398213    26387
    26357   398303   151967   424037   340877   370217   238163   597929   219437   417863   267569   506993    66383   520349   245183   454967   245033   455219   244667   455513   244403   455627   244217   455849   243857   456167   243239   456809   242867   465809   234029   466247   233489   466649   232823   232607   574799   179657   633623   193013   432437   282143   480569   102077   461843   329789   359129   275969   548039   301703   673649
   673667   301649   548069   275837   359147   329393   462149   101999   480713   282059   432527   192977   633629   179579   467297   230357   469793   229799   470243   229703   470417   229553   470597   229343   470783   229139   471137   228797   471299   228617   471467   228257   471803   228113   227873   592973   232709   520427    66377   507029   267479   417947   219293   598007   237857   370613   340859   424169   151937   398357    26339
    26237   398423   151883   424223   340709   370619   237767   598049   219017   417953   267419   507119    66239   520433   232499   471929   160373   539639   160343   539687   160169   539843   159857   540167   159833   540233   159737   540377   159623   540389   159569   540599   159293   540773   349553   228077   467507   179573   633767   192887   432587   282053   480989   101957   462239   329387   359297   275783   548123   301583   673769
   673817   301463   548189   275573   359357   329333   462443   101879   481043   281933   432989   192677   633833   179357   467549   227537   540779    45263   654827    45083   655043    44777   655373    44357   655727    44249   655847    44123   656063    43853   656429    43487   657473   348077   159227   472469   232457   520649    66173   507329   267017   418073   218963   598127   237563   370673   340649   424433   151817   398543    26189
    25889   398759   151643   424547   340169   370883   237287   598379   218873   418079   266957   507599    66083   520679   232307   472643   159017   656603   141509   558563   141179   559067   140729   559343   140639   559529   140423   559667   140333   559709   140207   592289   316859    43403   540989   227363   467699   179327   633923   192407   433049   281927   481133   101627   462719   329123   359837   275459   548363   301247   674117
   674159   301073   548399   275447   360167   328919   462773   101363   481157   281849   433073   192263   634013   179243   467897   227207   541097    43397   559883   207593   492563   207377   492893   206993   493067   206897   493127   206813   493403   206543   206483   636287   140123   656609   158909   472799   232109   520763    65993   507743   266933   418157   218849   598643   237233   371087   339839   424559   151607   398933    25847
    25733   399137   151553   424667   339749   371177   237179   598727   218417   418169   266927   507953    65927   521153   232103   472817   148457   656687   139967   493607   205487   494609   205319   494699   205223   494849   205133   494903   205019   495449   349343   206399   560039    43319   551549   227189   467903   178853   634079   192053   433079   281837   481589   101279   462827   328829   360257   275339   548453   300869   674273
   674363   300857   548489   275039   360593   328667   462863   101207   482099   281807   433319   191969   634169   178697   467927   227159   551813    43223   560123   206273   495119   129539   570497   129497   570587   129347   570719   129263   601949   318629   204887   493733   139883   656783   148193   472847   232079   521309    65837   508037   266687   418199   217907   598799   237143   371339   339413   424967   151517   399149    25643
    25523   399197   151253   425003   339257   371387   237053   599069   217793   418259   266633   508103    65699   521363   231947   472859   148157   656939   139709   493853   204857   570887    21803   678407    21569   678599    21347   350219   678077   129119   495149   206153   560297    43067   551849   227147   468059   178643   634307   191903   433373   281747   482213   100937   462953   328619   360749   275003   548753   300809   674483
   674537   300779   548837   274817   360869   328589   463283   100853   482309   281717   433673   191783   634373   178613   468113   226553   551927    43013   560459   206069   495563   128987   678779   127163   572867   127103   572969   349913    21227   571019   204443   493937   139547   656993   148079   473453   231893   521393    65633   508223   266333   418289   217697   599153   236723   371417   339137   425189   151169   399227    25469
    25307   399263   151163   425297   338993   371627   236573   599273   217619   418337   266159   508259    65609   521447   231533   473519   148073   657017   139409   493967   204437   571037    21017   572927   199853   525599   324557   127079   678989   128969   495569   206039   560597    42989   551933   226487   468473   178559   634397   191747   433847   281669   482387   100733   463433   328379   361013   274709   548843   300743   674699
   674759   300317   548957   274697   361337   328373   463457   100703   482507   272603   433877   191657   634649   178487   468527   226409   552029    42773   560639   206033   495629   128873   679067   574913   474707   350003   225299   125093    20939   571133   204377   493973   139367   657233   147977   473597   231479   521519    65357   508349   266129   427403   217499   599303   236549   371633   338669   425309   151049   399689    25247
    25169   399887   150503   425423   338573   371663   236219   599513   217409   427439   266117   508499    65327   521537   231359   473723   147827   657269   139169   493979   204359   571679   350039   124919   375449   174407   500153   575087   349967   128327   495647   206027   560837    42737   552179   226283   468647   178469   634679   191507   433889   272567   482597   100493   463787   328343   361433   274583   549503   300119   674837
   674879   300023   549509   274517   361463   328109   463919   100469   482687   272549   434249   191447   634793   178439   468683   226217   552263    42683   560897   205937   495707   577799   677387   350093   127139   572903   127037   572843    22619   122207   204299   494069   139109   657323   147743   473789   231323   521567    65213   508559   265757   427457   217319   599537   236087   371897   338543   425489   150497   399983    25127
    24977   399989   150473   425549   338369   371939   235877   599603   217253   427529   265739   508709    65147   521603   231269   473999   147689   657497   139067   494093   497729    89849    21929    21599   678437    21407   678659   349787   678203   610157   202277   205913   560939    42509   552317   226007   468737   178403   634859   191297   434267   272477   482753   100403   464129   328067   361637   274457   549533   300017   675029
   675083   299807   549623   274403   361727   328007   464213   100343   482837   272093   434297   191189   634943   178349   468899   225989   552659    42467   561047   496007   200483   381377   129509   570509   129419   570659   129287   570743    98057   570467   499523   203999   138959   657539   147347   474017   231107   521657    65063   508817   265709   427913   217169   599663   235793   371999   338279   425603   150383   400199    24923
    24809   400307   150323   425783   338237   372023   235679   599693   216617   427967   265703   508973    65027   521819   231053   474029   147299   657707   137567   488909   350663   205397   494687   205307   494783   205157   494873   205103   494987   204557   494519   211097   562439    42299   552707   225977   468953   178187   634979   191033   434303   272039   483389   100313   464327   327983   361769   274223   549683   299699   675197
   675239   299447   549707   274103   361793   327869   464447    99839   483773   272009   434387   190709   635003   178127   469037   225809   552809    42227   527453    63719   207443   492629   207113   493013   206939   493109   206879   493193   206603   493463   493523   492413   172553   657779   147197   474197   230969   521879    65003   509297   265619   427997   216233   600167   235559   372137   338213   425903   150299   400559    24767
    24659   400643   150287   425987   338207   372167   235523   600239   216179   428003   265547   509393    64919   521903   230567   474437   558203   653357   383147   141443   558827   140939   559277   140663   559367   140477   559583   140339   559673   140297   559799   107717   558497    46649   141803   225569   469439   178103   635087   190613   434459   272003   483827    99767   464483   327839   361799   274019   549719   299363   675347
   675413   299147   549767   273929   361973   327827   464699    99713   484067   271967   434813   190577   635339   177893   469613   492719   139133   351929    45179   654923    44963   655229    44633   655649    44279   655757    44159   655883    43943   656153    43577   656519    42533   654743   560873   207287   230393   522113    64667   509429   265193   428039   215939   600293   235307   372179   338033   426077   150239   400859    24593
    24413   400943   149867   426233   338027   372269   235043   600317   215927   428177   265157   509477    64499   522167   229727   447119   350453   160367   539663   160319   539837   160163   540149   159839   540173   159773   540269   159629   540383   159617   540437   159407   540713   159233   539633   252887   470279   177839   635507   190529   434849   271829   484079    99689   464963   327737   361979   273773   550139   299063   675593
   675827   298937   550169   273719   362099   327707   464993    99347   484283   271637   434927   190403   635567   522383   681773   107033   230213   470207   229763   470303   229589   470453   229409   470663   229223   470867   228869   471209   228707   471389   228539   471749   228203   471893   472133   469649    18233   177623    64439   509603   265079   428369   215723   600659   235013   372299   337907   426287   149837   401069    24179
    24083   401417   149717   426353   337859   372377   235007   600689   215399   428489   264899   509693    59999   514949   125207   245039   454973   244787   455339   244493   455603   244379   455789   244157   456149   243839   456767   243197   457139   234197   465977   233759   466517   233357   467183   467399   454823   185057   640007   190313   435107   271517   484607    99317   464999   327629   362147   273653   550289   298589   675923
   675929   298049   550379   273617   362213   327317   465089    99173   484613   271367   435179   513353   607619     8969   182519   517553   182417   517619   182129   517949   181757   518387   181409   518729   181199   518813   180779   519257   180647   519383   180497   519587   179939   520103   179813   520313   522839   517469    92387   186653   264827   428639   215393   600833   234917   372689   337793   426389   149627   401957    24077
    24029   401993   149579   426737   337697   372797   234833   600857   215279   428843   254699   497603   378593    69143   631013    68819   631229    68699   631409    68477   631559    68147   632123    67853   632273    67709   632327    67559   632459    67523   632699    67289   633197    66797   633257    66629   633473    39023   630803   202403   445307   271163   484727    99149   465173   327209   362309   273269   550427   298013   675977
   676217   297953   550607   273233   362657   327203   465293    99023   484733   430769   602639    35267   195479   504563   195413   504599   195389   504677   195077   504953   195023   505073   194867   505187   194729   505283   194687   505523   194087   505949   194027   506147   193793   506327   193649   506537   193433   506843   509027   504479    97367   269237   215273   600983   234713   372803   337349   426773   149399   402053    23789
    23753   402197   149249   426893   337313   373007   234599   601043   497957   407579   187349   270659   429413   270539   429497   270443   429599   270329   429683   270209   430019   269663   430427   269573   430487   269183   430949   268643   431369   268607   431513   268439   431603   268343   431807   268013   432143   267857   432203   432449   429083   292427   202049    98963   465407   326999   362693   273113   550757   297809   676253
   676259   297707   550937   272933   362723   326663   465419    98927   454919   205619   287387   412949   286973   413243   286589   413537   286427   413807   285953   414179   285539   414629   285227   414893   284897   415187   284489   415523   284447   415577   284057   416147   283763   416399   283463   416873   282917   417173   282767   417293   429719   412457   245087   601079   234587   373343   337283   427073   149069   402299    23747
    23669   402383   149033   427079   336887   373349   465917   569237    90863   223823   476249   223637   476429   223529   476513   223403   476639   223253   476759   222857   477293   222647   477677   222197   477857   222107   477947   222029   478157   221807   478259   221603   478679   221219   478913   221069   479147   219983   480047   219839   480209   481379   476087   130769   234089   326657   363119   272927   550973   297623   676337
   676373   297503   551093   272903   363149   316907   226427   376049   106619   593519   106433   593633   106103   593987   106013   594023   105899   594449   105437   594617   105107   595073   104849   595247   104729   595313   104459   595613   104297   596009   103979   596093   103889   596363   103583   596789   103079   596963   102953   597209   102653   597419    78479   593183   473579   383099   336857   427103   148913   402503    23633
    23537   402923   148667   427247   331889   409337   351797   242639   457403   242453   457559   242399   457697   242093   458027   241883   458189   241679   458363   241463   458663   241337   458747   241127   458957   241013   459047   240893   459209   240623   459749   240203   460073   239879   460157   239633   460409   239543   460589   239387   460673   239297   460919   239069   457277   290669   368117   272759   551339   297083   676469
   676589   296969   551489   428303   373859   315899   336689   363569   336059   363977   335879   364193   335693   364337   335633   364499   335123   364997   334877   365213   334637   365513   334379   365759   333929   366227   333737   366287   333713   366383   333539   366683   333023   367019   332729   367307   332447   367613   332273   367823   332117   368099   331553   368729   368789   363179   326147   271703   148517   403037    23417
    23357   403097   557027   259967   336239   347099   352973   346553   353459   346439   353657   346259   353783   346187   353867   346043   354257   345689   354533   345329   354779   344969   355049   344543   355643   344327   355763   344207   355853   344039   356093   343787   356693   343073   356969   342899   357347   342653   357359   342569   357509   342413   357659   342239   357809   359027   352493   440039   142979   296909   676649
   676679   403757   122267   354743   281579   418667   281297   418763   281207   418889   280949   419147   280817   419303   280589   419423   280547   419597   280253   419777   279977   420149   279689   420593   279407   420677   279269   420803   279029   421103   278843   421397   278489   421643   278279   421943   277919   422249   277643   422369   277547   422759   277217   423053   276833   423179   274187   418343   577739   296249    23327
   677657   379787   363017   158567   541469   158429   541613   158243   541817   157889   542183   157799   542237   157559   542483   157427   542747   157133   542987   157007   543287   156707   543383   156467   543659   156119   544223   155747   544919   155069   544979   154943   545387   154523   545759   154073   545939   153953   546263   153689   546569   153407   546719   153137   546893   153059   547097   142217   541349   320219    22349
    11939   258827   308117   392087   307583   392477   307337   392723   307169   392927   306947   393257   306707   393473   306419   393629   306329   393797   306149   393977   305999   394073   305849   394223   305639   394409   305483   394529   305369   394643   305267   394787   304979   395069   304847   395243   304553   395657   303803   396239   303713   396323   303593   396509   303473   396629   303293   396719   397547   391757   688067
   352949    33359   666857    33023   667013    32987   667427    32429   667643    32309   667769    32189   667949    31973   668159    31397   668687    31307   668747    31193   668867    30983   669029    30893   669167    30677   669413    30347   669869    30119   669947    29867   670217    29663   670577    29423   670619    29333   670763    29153   670877    28817   671303    28649   671603    28289   671729    28229   672059    27779   666527
