   333737   366287   333713   366383   333539   366683   333023   367019   332729   367307   332447   367613   332273   367823   332117   368099   331889   368453   331277   368789   330983   369119   330653   369419   330359   369659   330047   370133   329789   370613   329387   370673   329123   371087   328829   371339   328619   371417   328379   371633   328343   371897   328067   371999   327983   372137   327839   372179   327737   325883   393629
   372299   250853   449303   250673   449363   250343   449699   250199   449963   249923   450209   249779   450257   249593   450473   249503   450557   249419   450677   249287   450899   249089   451097   248903   451397   248483   452009   247847   452393   247553   452597   247193   453107   246809   453293   246689   453797   246173   454109   245759   454253   245627   454823   245087   454967   245033   455219   244667   455513   345689   327707
   327629   455603   101879   598379   101363   598727   101207   599069   100853   599273   100703   599513   100469   599603   100343   599693    99839   600239    99713   600317    99347   600689    99173   600857    99023   601043    98939   601079    98627   601487    98123   601949    97973   602039    97919   602333    97553   602543    97379   602639    97007   603047    96857   603209    96779   603257    96443   604613   347033   244403   372377
   372689   244379   603947   225149   474917   225023   475037   224897   475289   224603   475427   224423   475679   224309   475877   224033   476087   223823   476249   223637   476429   223529   476513   223403   476639   223253   477149   222713   477359   222329   477809   222149   477899   222059   477977   221849   478199   221747   478403   221327   478787   221093   478937   220859   480023   219959   486407   340877    96059   455627   327317
   327209   455789    96017   480167   286763   413417   286469   413579   286199   414053   285827   414467   285377   414779   285113   415109   284819   415517   284483   415559   284429   415949   283859   416243   283607   416543   283133   417089   282833   417239   282713   417617   282383   417719   282167   417863   282059   417953   281933   418079   281849   418169   281807   418259   281717   279269   486119   219839   603989   244217   372797
   372803   244157   604223   219797   418337   277217   423053   276833   423179   276707   423413   276503   423617   276293   423749   276137   424007   275987   424037   275837   424223   275573   424547   275447   424667   275039   425003   274817   425297   274697   425423   274517   425549   274403   425783   274187   425903   274019   426077   273773   426287   273653   426389   273269   272933   502079   281669   480209    95783   455849   327203
   326999   456149    95747   480299   281663   426773   188147   512537   187463   512573   187409   512657   187163   513047   186947   513137   186653   513419   186239   513899   185993   514049   185903   514187   185693   514523   185477   514637   185363   514739   185183   514853   185057   515279   184649   515429   184487   515597   184133   515993   183797   516293   183683   182537   681293   273233   418343   219707   604259   243857   373007
   373343   243839   604727   219689   418427   273113   516437    54269   645839    53993   646067    53849   646193    53699   646397    53147   646889    53093   646937    52973   647039    52937   647117    52859   647189    52673   647453    52529   647489    52379   647693    52259   647753    52223   648029    51899   648239    51749   648293    51329   648719    51203   653507   344207   183569   426893   281579   480317    95279   456167   326663
   326657   456767    95273   480329   281339   427079   183389   649157   169313   530807   168863   531203   168743   531287   168143   531977   168023   532277   167633   532379   167483   532739   167249   532907   167087   533033   166703   533327   166643   533549   166259   533837   166043   533993   165947   534173   165533   534923   164987   535169   164477   541469   341927    50849   516617   272927   418667   219677   604733   243239   373349
   373859   243197   604787   219587   418709   272903   516623    50789   535697   231107   468953   230969   469439   230393   469649   230213   470207   229763   470279   229703   470417   229553   470597   229343   470783   229139   471137   228797   471299   228617   471467   228257   471803   228113   471929   227873   472469   227363   472799   227189   226487   593993   164309   649217   183383   427103   281297   480419    95219   456809   326147
   326063   457139    95177   480503   281243   427247   183317   649283   164279   472859   212579   487637   212297   487889   211997   488057   211493   488573   211403   488633   211319   488723   211247   488909   210827   489197   210599   489479   210347   489689   210263   489833   209987   490169   209639   490463   209147   490967   208877   208667   631187   227147   535727    50723   516689   272759   418763   219503   604829   242867   373943
   374063   242729   604997   219437   418799   272603   516839    50627   535757   226553   491219   138647   561377   138617   561419   138407   561767   138209   561809   138059   562007   137723   562307   137597   562439   137399   562613   137303   563117   136649   563447   136463   563663   136193   564359   135599   564617   135353   573179   339749   208787   473453   164249   649379   183167   427403   281207   480569    95009   457277   325943
   325889   457367    94889   480713   281117   427439   183059   649457   164147   473579   208673   564797    18917   681137    18839   681257    18587   681563    18329   681719    18233   682049    17747   682277    17669   682427    17333   682679    16703   683357    16553   683477    16493   683687    16229   683783    16217   687593   345227   135209   491333   226427   535859    50549   516947   272567   418889   219293   605117   242639   374117
   374333   242603   605393   219017   419057   272549   516959    50387   535967   226409   491417   135089   683819   124493   575573   124427   575669   124139   576119   123803   576287   123707   576683   122963   577067   122609   577427   122489   577529   122393   577799   122069   577979   121889   578309   121607   578603   348443    16187   564917   208589   473597   164039   649619   183047   427457   280949   480989    94613   457403   325673
   325607   457553    94529   481043   280859   427529   182933   649643   163859   473723   208577   564989    16097   578453   190313   509723   190097   510077   189437   510617   189239   510989   188843   511487   188483   511703   188249   520349   179579   520433   179357   520763   178853   521309   178643   522113   339413   121553   683909   135017   491429   226283   536147    50363   517073   272477   419147   218963   605477   242453   374399
   374687   242447   605543   218873   419189   272093   517079    50207   536273   226217   491537   134669   683933   121523   521393   176333   523763   176213   523847   176129   524057   175919   524507   175067   525257   174653   525593   174407   525677   174197   525869   173969   526073   173867   526709   347957   178613   578483    16073   565337   208469   473789   163733   649799   182927   427913   280817   481133    94463   457559   325319
   325217   457607    94433   481157   280703   427967   182789   649829   163307   473999   208379   565517    16067   578537   178559   526199   103913   596117   103643   596423   103217   596927   103043   597053   102797   597353   102587   597473   102407   597677   102317   597803   102107   609173   338027   173807   521447   121469   683939   134489   491627   226007   536699    50177   517217   272039   419303   218849   605573   242399   374789
   374819   242309   605609   218627   419417   272009   517367    50129   537413   225989   491639   134417   684119   121313   521519   173783   597929   348353   351797   348077   352073   347873   352193   347513   352907   347057   353453   346547   353567   346349   353747   346223   344969   357353   102077   526223   178487   578693    15887   565589   208367   474017   162593   649877   182639   427997   280589   481379    94397   457697   325187
   325019   457913    94169   481589   280583   428003   182603   649937   162419   474029   208337   565637    15767   578777   178469   526307   101999   353819    85313   614759    84869   615269    84533   615497    84467   615557    84407   615617    84263   615767    84179   624209   341339   346187   598007   173699   521537   121229   684239   134369   491669   225977   537587    50069   517403   272003   419423   218417   605837   242093   374987
   375029   241979   606083   217907   419459   271967   517457    49823   537743   225809   491783   134339   684269   121007   521567   173357   598049   346043   615869   151607   548453   151517   548753   151169   548843   151049   549503   150497   549533   150383   558563   340169    84137   353963   101957   526649   178439   578999    15737   565667   208223   474197   162263   650183   182549   428039   280547   482099    93923   458027   324977
   324893   458123    93893   482213   280409   428177   182519   650477   162257   474437   208217   565787    15359   579107   178403   526733    90863   354257    83933   549683   149399   550757   149069   550973   148913   551339   148517   551549   148193   552917   348407   150323   616073   345749   609143   173273   521603   120899   684647   134219   491789   225569   537749    49529   517487   271829   419597   217793   606113   241883   375113
   375233   241817   606323   217697   419753   271703   517553    49523   538049   225527   491867   134213   684773   120767   521657   173267   609359   345473   616103   150299   551849    74597   625517    74363   625913    74027   626033    73943   640127   335507   148157   549707    83903   354533    90647   526739   178349   579239    15233   565793   208139   474479   161957   650483   182453   428303   280253   482309    93683   458189   324773
   324647   458327    93563   482387   280229   428369   182417   650543   161879   474497   208037   565919    15149   579503   178187   526829    90599   354677    83777   549719   148079   626147   317453   382643   317279   382847   317123   383633   349043    73859   551927   150287   616229   345329   609407   173177   521819   120503   684857   134087   491969   225509   538127    49463   517589   271637   419777   217619   606443   241679   375359
   375413   241643   606449   217499   420029   271517   517619    49193   538199   225503   492053   134033   684869   120473   521879   172883   609533   345263   616289   150239   551933    73847   382919    71333   628679    71249   629927   348827   317087   626159   148073   549767    83717   354743    90473   527123   178127   579533    15137   565973   207953   474503   161807   650813   182387   428489   279977   482507    93557   458363   324593
   324557   458543    93503   482597   279857   428639   182129   650987   161639   474659   207947   566057    15083   579707   178103   527129    90407   355049    83639   550139   147977   626333   316937   628877   142733   614177   293099    71129   383069    73673   552029   149867   616367   344957   609599   172877   521903   120299   684923   133949   492059   225347   538367    49019   517877   271367   420149   217409   606503   241463   375449
   375509   241343   606527   217319   420317   271163   517949    48989   538553   225299   492083   133733   684989   120293   522167   172673   609743   344543   616409   149837   552263    73643   383099   632699   500369   350003   199637    67307   316907   626363   147743   550169    83597   355463    90263   527333   177839   579713    15017   566273   207923   474707   161453   651017   182057   428843   279689   482687    93479   458663   324497
   324473   458669    93419   482753   279413   429083   181757   651239   161309   474779   207629   566567    14897   579773   177623   527399    90227   355643    83477   550289   147689   626393   384437    65927   406907    85829   557273   634079   315569    73613   552317   149717   616529   344363   609779   172607   522383   120233   685109   133439   492377   225227   538697    48767   518249   270923   420593   217253   606587   241337   375533
   375569   241259   606743   217169   420599   270659   518387    48533   538739   225167   492413   133283   685247   119747   522623   172553   609803   344327   616547   149627   552707    73379   314213   351179    71327   628757    70079   628673   385793   626627   147299   550379    83459   355679    90203   527453   177383   580259    14759   566723   207593   474839   161267   651473   181619   429347   279407   482837    93263   458747   324437
   324299   458879    93047   483389   279329   429413   181409   651509   160997   486053   207443   567053    14669   580373   177347   527489    90197   355763    83417   550427   553589   611189   350963   317363   382727   317159   382883   316373   382553    88817   146417   149579   616589   344243   609809   172517   522659   119633   685337   132953   492563   213953   539009    48497   518597   270593   420677   216617   606959   241127   375707
   376049   241049   607049   216233   420803   270539   518729    48239   539039   213827   492629   132947   685367   119627   522737   172373   609989   344153   616787   147347   142949   364499    74489   625643    74093   625979    73973   626063    59879   625409   557057   552659    83219   355853    90017   527633   177269   580379    14639   567059   207377   486179   160967   651767   181277   429467   279203   483773    92957   458957   323957
   323879   458993    92849   483827   279029   429497   181199   651809   160877   486293   207287   567143    14369   580577   177257   527699    89849   355967   616799   540989   351599   149249   550937   149033   551093   148667   551489   148457   551813   147089   550607   159017    83207   344039   610157   172307   522749   119429   685637   132863   492719   213713   539129    48197   518807   270509   420977   216179   607157   241013   376127
   376307   240959   607253   215939   421103   270443   518813    47777   539267   213557   492893   132749   685679   119243   522839   172217   610187   319589    73019   359837   151553   548489   151253   548837   151163   548957   150503   549509   150473   549623   141443   548399   626987   380417    89819   527789   177167   580763    14327   567257   207113   486449   160739   652229   181193   429563   278903   484067    92753   459047   323699
   323537   459113    92699   484079   278843   429599   180779   652493   160697   486539   206993   567383    14033   580919   176699   527909   610733   384479   358667    85247   615137    84737   615473    84509   615539    84449   615599    84389   615743    84239   615827    75797   614693   315527    89273   172097   523307   119087   685973   132623   493013   213467   539309    47513   519227   270407   421163   215927   607307   240893   376469
   376757   240797   607337   215723   421397   270329   519257    47507   539507   213329   493067   132437   686009   118907   523433   542999    74699   342653   348209   351929   347933   352133   347813   352493   347099   352949   346553   353459   346439   353657   346259   353783   355037   351653   625307   157007   176573   581099    13997   567569   206939   486677   160499   652499   180749   429677   278609   484283    92669   459209   323249
   322877   459383    92657   484607   278489   429683   180647   652667   160373   486797   206897   567659    13967   581333   176369   151883   361979   103889   596363   103583   596789   103079   596963   102953   597209   102653   597419   102533   597599   102329   597689   102203   597899    90833   596093   548123   523637   118673   686039   132347   493109   213209   539633    47339   519359   270323   421517   215399   607349   240623   377129
   377147   240257   607517   215393   421643   270287   519383    47279   539639   213173   493127   132287   686099   582167   500333   352049   176243   523793   176159   523877   175949   524087   175499   524939   174749   525353   174413   525599   174329   525809   174137   526037   173933   526139   173297   523673   199673   117839    13907   567719   206879   486833   160367   652727   180623   429719   278363   484613    92489   459749   322859
   322709   459803    92387   484727   278279   429797   180497   652913   160343   486977   206813   567947    13829   111893   360593   190283   509909   189929   510569   189389   510767   189017   511163   188519   511523   188303   511757   179657   520427   179573   520649   179243   521153   178697   521363   177893   509693   588113   686177   132059   493193   213029   539663    47093   519509   270209   421727   215279   607619   240203   377297
   377393   239933   607769   215273   421943   269987   519587    46889   539687   212999   493403   568709   677927   351563   124433   575579   124337   575867   123887   576203   123719   576299   123323   577043   122939   577397   122579   577517   122477   577613   122207   577937   122027   578117   121697   578399   121403   575513    22079   131297   206603   487007   160319   653117   180419   430019   278063   484733    92237   460073   322613
   322463   460127    91733   484853   277919   430343   179939   653153   160169   487133   507599   115823   354779    18869   681167    18749   681419    18443   681677    18287   681773    17957   682259    17729   682337    17579   682673    17327   683303    16649   683453    16529   683513    16319   683777    16223   683789    12413   681089   584183   192407   212873   539837    46853   520067   269663   422087   215153   608273   239879   377543
   377687   239849   608303   214943   422249   269579   520103    46649   539843   489449   468737   360257   138629   561389   138587   561599   138239   561797   138197   561947   137999   562283   137699   562409   137567   562607   137393   562703   136889   563357   136559   563543   136343   563813   135647   564407   135389   564653   126827   561359   231269   210557   160163   653357   179903   430427   277757   485063    91703   460157   322319
   321983   460373    91583   485123   277643   430433   179813   653363   159773   437819    68819   212369   487709   212117   488009   211949   488513   211433   488603   211373   488687   211283   488759   211097   489179   210809   489407   210527   489659   210317   489743   210173   490019   209837   490367   209543   490859   209039   491129   491339   487427   262187   540233    46643   520193   269573   422363   214883   608423   239633   378023
   378593   239597   608429   214589   422369   269519   520313   653777   525017   106013   231053   469037   230567   469613   230357   469793   229799   470243   229727   470303   229589   470453   229409   470663   229223   470867   228869   471209   228707   471389   228539   471749   228203   471893   228077   472133   227537   472643   227207   472817   473519   468899   174989    46229   179693   430487   277637   485417    91577   460409   321413
   321323   460463    91397   485447   277547   430769   520679    35267   358079   169199   531143   168803   531263   168719   531863   168029   531983   167729   532373   167627   532523   167267   532757   167099   532919   166973   533303   166679   533363   166457   533747   166169   533963   166013   534059   165833   534473   165083   535019   164837   535529   158537   530693   664739   179327   269237   422459   214559   608609   239543   378683
   378779   239417   608633   214463   422759   268439   504929   355799    54167   646013    53939   646157    53813   646307    53609   646859    53117   646913    53069   647033    52967   647069    52889   647147    52817   647333    52553   647477    52517   647627    52313   647747    52253   647783    51977   648107    51767   648257    51713   648677    51287   648803    46499   645737   195077   431567   277247   485543    91373   460589   321227
   321077   460619    91163   485567   276449   577739    18713   187469   512543   187433   512597   187349   512843   186959   513059   186869   513353   186587   513767   186107   514013   185957   514103   185819   514313   185483   514529   185369   514643   185267   514823   185153   514949   184727   515357   184577   515519   184409   515873   184013   516209   183713   516323   517469   511859   122267   423557   214439   608843   239387   378929
   378953   239333   608987   210467   552179   197927   276953   423173   276827   423299   276593   423503   276389   423713   276257   423869   275999   424019   275969   424169   275783   424433   275459   424559   275339   424967   275003   425189   274709   425309   274583   425489   274457   425603   274223   425819   274103   425987   273929   426233   273719   426353   273617   426737   427073   422789   147827   489539    91019   460673   321053
   320843   460709   613637   472847   213887   286589   413537   286427   413807   285953   414179   285539   414629   285227   414893   284897   415187   284489   415523   284447   415577   284057   416147   283763   416399   283463   416873   282917   417173   282767   417293   282389   417623   282287   417839   282143   417947   282053   418073   281927   418157   281837   418199   281747   418289   420737   413243   227159    86369   239297   379163
   379307   462827    74897   359129   225089   474983   224969   475109   224717   475403   224579   475583   224327   475697   224129   475973   223919   476183   223757   476369   223577   476477   223493   476603   223367   476753   222857   477293   222647   477677   222197   477857   222107   477947   222029   478157   221807   478259   221603   478679   221219   478913   221069   479147   219983   480047   213599   474857   625109   237179   320699
   379703   223247   352973   101627   598643   101279   598799   100937   599153   100733   599303   100493   599537   100403   599663   100313   600167    99767   600293    99689   600659    99317   600833    99149   600983    98963   601067    98927   601379    98519   601883    98057   602033    97967   602087    97673   602453    97463   602627    97367   602999    96959   603149    96797   603227    96749   603563    95393   598127   476759   320303
   353867   354317   250703   449333   250643   449663   250307   449807   250043   450083   249797   450227   249749   450413   249533   450503   249449   450587   249329   450719   249107   450917   248909   451103   248609   451523   247997   452159   247613   452453   247409   452813   246899   453197   246713   453317   246209   453833   245897   454247   245753   454379   245183   454919   245039   454973   244787   455339   244493   449153   346139
   306377   333719   366293   333623   366467   333323   366983   332987   367277   332699   367559   332393   367733   332183   367889   331907   368117   331553   368729   331217   369023   330887   369353   330587   369647   330347   369959   329873   370217   329393   370619   329333   370883   328919   371177   328667   371387   328589   371627   328373   371663   328109   371939   328007   372023   327869   372167   327827   372269   374123   366269
