   339257   360869   338993   361337   338573   361463   338369   361727   338237   361793   338207   361973   338027   362099   337859   362213   337697   362657   337313   362723   336989   363119   336857   363179   336689   363569   336239   363947   336029   364127   335813   364313   335669   364373   335507   364883   335009   365129   334793   365369   334493   365627   334247   366077   333779   366269   333719   366293   333623   327839   385199
   366467   256967   443117   256877   443249   256643   443489   256169   443873   256019   444029   255917   444167   255713   444347   255467   444623   255329   444767   255173   444869   255077   444953   254987   445229   254699   445799   254039   446003   253919   446273   253607   446657   253247   447107   252887   447137   252827   447683   251939   448367   251609   448829   251099   449003   250889   449153   250703   449363   346259   333539
   333323   449333   107033   593183   106619   593519   106433   593633   106103   593987   106013   594023   105899   594449   105437   594617   105107   595073   104849   595247   104729   595313   104459   595613   104297   596009   103979   596093   103889   596363   103583   596789   103079   596963   102953   597209   102653   597419   102533   597599   102329   597689   102203   597899   102077   598007   101957   600689   344543   250673   366683
   366983   250343   598127   230213   470207   229763   470279   229703   470417   229553   470597   229343   470783   229139   471137   228797   471299   228617   471467   228257   471803   228113   471929   227873   472469   227363   472799   227189   472847   227147   473453   226487   473579   226409   473723   226217   473999   225989   474029   225809   474437   225527   474497   225503   474659   225299   476087   345329   101879   449663   333023
   332987   449699   101627   474779   293147   406883   293099   407489   292427   407639   292283   407783   292037   408137   291833   408263   291569   408497   291443   408713   291287   409007   290963   409337   290657   409379   290489   409817   290183   409967   289889   410243   289727   410687   289103   411167   288773   411479   288389   411779   287939   412073   287873   412157   287813   414467   344243   225227   598379   250307   367019
   367277   250199   598643   225167   412457   281849   418169   281807   418259   281717   418337   281579   418667   281297   418763   281207   418889   280949   419147   280817   419303   280589   419423   280547   419597   280253   419777   279977   420149   279689   420593   279407   420677   279269   420803   279029   421103   278843   421397   278489   421643   278279   421943   277919   422459   347513   287549   474839   101363   449807   332729
   332699   449963   101279   474857   287387   422249   194027   506147   193793   506327   193649   506537   193433   506843   193133   506963   193013   507029   192887   507329   192407   507743   192053   508037   191903   508223   191747   508349   191507   508559   191297   508817   191033   509027   190709   509393   190577   509477   190403   509693   190283   509909   189929   188519   669413   277757   412619   225149   598727   250043   367307
   367559   249923   598799   225089   412949   277643   510569    59357   640733    59159   640943    58913   641279    58679   641579    58367   641789    58193   641897    57809   642233    57587   642623    57269   642833    57107   642947    56963   643199    56633   643463    56453   643589    56123   643919    55997   644057    55889   644519    55457   644669    55259   646937   345689   189437   422363   287057   474917   101207   450083   332447
   332393   450209   100937   474983   286973   422369   189389   644789   174989   525257   174653   525593   174407   525677   174197   525869   173969   526073   173867   526199   173783   526307   173357   526709   173273   526739   173177   527123   172877   527333   172607   527453   172517   527633   172307   527789   172097   528137   171707   528623   171299   535169   341339    55217   510617   277637   413033   225023   599069   249797   367613
   367733   249779   599153   224969   413243   277247   510767    55163   528929   237233   462827   237143   462953   236723   463433   236549   463787   236087   464129   235793   464327   235559   464483   235307   464963   235013   464999   234917   465173   234713   465407   234587   465809   234089   465977   233759   466517   233357   467183   232709   230567   584027   171077   644843   189239   422759   286763   475037   100853   450227   332273
   332183   450257   100733   475289   286589   422789   189017   644933   170957   467399   219017   481043   218873   481157   218627   481589   217907   482213   217697   482387   217499   482597   217319   482753   217169   483389   216233   483827   215939   484079   215723   484607   215393   484727   215273   484853   214943   485123   214589   486449   347099   232607   529049    55073   510989   277217   413417   224717   599273   249749   367823
   367889   249593   599303   224603   413537   276953   511163    54983   529229   232499   485447   144887   555167   144719   555593   144323   555707   143999   556487   143243   556943   142979   557033   142949   557273   142697   557537   142433   557789   142019   558203   141719   558497   141443   558827   140939   559277   140663   559709   347033   214559   467507   170777   645023   188843   423053   286469   475403   100703   450413   332117
   331907   450473   100493   475427   286427   423173   188483   645137   170369   467549   214463   559367    24077   675977    23789   676253    23747   676337    23633   676469    23417   676649    23327   676727    23087   676943    23039   676979    22859   677309    22619   677639    22349   677813    22079   678077    21803   679127   347957   140639   485543   232457   529637    54869   511523   276833   413579   224579   599513   249533   368099
   368117   249503   599537   224423   413807   276827   511703    54773   530063   232307   485567   140477   678407   129497   570587   129347   570719   129263   570887   128987   571037   128873   571679   128159   571853   128033   572027   127913   572303   127649   572399   127583   572519   127373   572843   127139   577043   344363    21599   559529   214439   467699   169943   645233   188303   423179   286199   475583   100469   450503   331889
   331553   450557   100403   475679   285953   423299   188249   645383   169919   467897   213953   559583    21569   572903   195077   504953   195023   505073   194867   505187   194729   505283   194687   505523   194087   505949   184649   515429   184487   515597   184133   515993   183797   516293   183683   517217   348353   127103   678437   140423   486053   232109   530087    54623   511757   276707   414053   224327   599603   249449   368453
   368729   249419   599663   224309   414179   276593   511859    54563   530093   232103   486119   140339   678599   127079   516437   181757   518387   181409   518729   181199   518813   180779   519257   180647   519383   180419   520067   179903   520193   179693   520349   179579   520433   179357   179243   690467   183569   572927    21407   559667   213887   467903   169913   645443   188147   423413   285827   475697   100343   450587   331277
   331217   450677   100313   475877   285377   423503   187469   645467   169823   467927   213827   559673    21347   572969   183389   520679   110129   590123   109517   590537   109433   590609   109253   590867   108917   591113   108869   591509   108347   591743   108179   592133   107867   618053   322859   179327   516617   127037   678659   140333   486179   232079   530183    54539   512537   276503   414629   224129   599693   249329   368789
   369023   249287   600167   224033   414779   276449   512543    54503   530237   231947   486293   140207   678779   126827   516623   178853   592289     2129   697937     2039   697979     1823   698273     1709   698339     1619   698393     1559   698483     1499   698567     1283   699077   349343   107717   521153   183383   573179    21227   559799   213713   468059   169769   645503   187463   423557   285227   475973    99839   450719   330983
   330887   450899    99767   476183   285113   423617   187433   645629   169709   468113   213599   559883    21017   573263   183317   521309   107699   698729    90599   609533    90407   609743    90227   609803    90197   609989    89849   610187    89597   610439    89387   637379   322709     1277   592307   178697   516689   126743   678989   140123   486407   231893   530297    54377   512573   276389   414893   223823   600239   249107   369119
   369353   249089   600293   223757   415109   276293   512597    54323   530339   231479   486539   139967   679067   126359   516839   178643   592649     1103   610703   157427   542747   157133   542987   157007   543287   156707   543383   156467   543659   156119   546569   346547    89303   698903   107357   521363   183167   573647    20939   560039   213467   468527   169667   645683   187409   423713   284897   476249    99713   450917   330653
   330587   451097    99689   476369   284819   423749   187349   645713   169493   468647   213329   560123    20849   573863   183059   521393   107279   699053    89273   544223   154073   545939   153953   546263   153689   546599   153287   546869   153113   548039   348209   155783   610733      953   592727   178613   516947   126143   679157   139883   486677   231359   530513    54293   512657   276257   415187   223637   600317   248909   369419
   369647   248903   600659   223577   415517   276137   512843    54269   530549   231323   486797   139709   679463   126107   516959   178559   592763      947   610817   155747   546947    80039   620033    79907   620117    79847   620183    79769   620579   349553   153059   544259    89189   699059   107243   521447   183047   573899    20543   560297   213209   468683   169457   645737   187163   423869   284489   476429    99347   451103   330359
   330347   451397    99173   476477   284483   424007   186959   645839   169409   468737   213173   560459    20399   574109   182933   521519    96443   699119    89087   544919   152783   620393   324437   375707   323957   376127   323699   377687   348407    79613   547223   155087   610919      887   603563   178487   517073   125897   679607   139547   486833   231269   530597    54167   513047   275999   415523   223529   600833   248609   369659
   369959   248483   600857   223493   415559   275987   513059    53993   530693   231107   486977   139409   679709   125717   517079   178469   603947      809   611069   155069   547229    79367   376469    77003   623057    76679   624233   349043   323537   620639   152777   544937    88937   699197    96059   521537   182927   574289    20297   560597   213029   468899   169313   646013   186947   424019   284447   476513    99149   451523   330047
   329873   452009    99023   476603   284429   424037   186869   646067   169199   468953   212999   560639    20183   574367   182639   521567    96017   699287    88817   544979   152519   620657   323249   623717   149249   578777   321983    76289   376757    79349   547487   155027   611189      719   603989   178439   517367   125639   679823   139367   487007   231053   530807    53939   513137   275969   415577   223403   600983   247997   370133
   370217   247847   601043   223367   415949   275837   513353    53849   531143   230969   487133   139169   679829   125387   517403   178403   604223      683   611207   154943   547577    79229   377129   623723   522737   350003   177269    76283   322877   620777   152429   545063    88799   699323    95783   521603   182603   574619    20177   560837   212873   469037   168863   646157   186653   424169   284057   476639    98963   452159   329789
   329393   452393    98939   476753   283859   424223   186587   646193   168803   469613   212579   560873    20147   574667   182549   521657    95747   699437    88793   545387   152423   620813   379979    74609   378023   121229   550757   625397   320027    79193   547583   154619   611213      569   604259   178349   517457   125339   679859   139133   487427   230393   531203    53813   513419   275783   416147   223253   601067   247613   370613
   370619   247553   601079   223247   416243   275573   513767    53699   531263   230357   487637   139109   679883   125303   517469   178187   604613      563   611459   154523   547643   621227   317159   350963    76949   623327    75773   623003   382847    78779   152363   545483    88547   699443    95393   521819   182537   574703    20123   560897   212369   469649   168743   646307   186239   424433   283763   476759    98927   452453   329387
   329333   452597    98627   477149   283607   424547   186107   646397   168719   479147   212297   560939    19979   574799   182519   521879    95279   699449    88523   545759   551339    77849   351599   324299   376049   323879   376307   322319   375569   622157   148667   154247   611483      557   604727   178127   517487   125207   680027   139067   487709   220859   531287    53609   513899   275459   416399   222857   601379   247409   370673
   370883   247193   601487   222713   416543   275447   514013    53147   531863   219983   487889   138959   680213   125093   517553   178103   604733      479   611543   562307   145703   350453    79973   620099    79889   620159    79823   620237    79427   619967   554303   137699    88463   699527    95273   521903   182453   574913    19793   561047   212117   480023   168143   646859   185993   424559   283463   477293    98519   452813   329123
   328919   453107    98123   477359   283133   424667   185957   646889   168029   480047   211997   561083    19709   575027   182417   522113    95219   699539    86579   131297   351797   154067   546053   153743   546317   153407   546719   153137   546893   151967   545933   568709   613427      467   604787   177893   517589   124979   680297   138923   488009   219959   531977    53117   514049   275339   416873   222647   601883   246899   371087
   371177   246809   601949   222329   417089   275039   514103    53093   531983   219839   488057   138647   680453   124919   517619   177839   604829      389   584279   353459   157259   542873   157019   542999   156719   543299   156623   543539   156347   543887   153437   542579   115727   699617    95177   522167   182387   575087    19553   561359   211949   480167   168023   646913   185903   424967   282917   477677    98057   453197   328829
   328667   453293    97973   477809   282833   425003   185819   647033   167729   480209   211493   561377    19373   575153   182129   522383   605609   697673   377297    90473   609599    90263   609779    90203   609809    90017   610157    89819   610409    89567   610619    62627   609407     2333    94397   177623   517877   124853   680633   138629   488513   219797   532277    52973   514187   275003   417173   222197   602033   246713   371339
   371387   246689   602039   222149   417239   274817   514313    52967   532373   219707   488573   138617   680993   124793   517949   541439    63443   350663     2069   697967     2027   698183     1733   698297     1667   698387     1613   698447     1523   698507     1439   698723      929   697877   636563   158567   182057   575213    19013   561389   211433   480299   167633   647039   185693   425189   282767   477857    97967   453317   328619
   328589   453797    97919   477899   282713   425297   185483   647069   167627   480317   211403   561419    18959   575303   533549   495773   377147   109883   590489   109469   590573   109397   590753   109139   591089   108893   591137   108497   591659   108263   591827   107873   592139    81953   589877   204233   166457   124703   681047   138587   488603   219689   532379    52937   514523   274709   417293   222107   602087   246209   371417
   371627   246173   602333   222059   417617   274697   514529    52889   532523   219587   488633   138407   681089   581549   152909     9539   181619   518597   181277   518807   181193   519227   180749   519359   180623   519587   179939   520103   179813   520313   179657   520427   179573   520649   520763   518249   547097   118457    18917   561599   211373   480419   167483   647117   185477   425309   282389   477947    97673   453833   328379
   328373   454109    97553   477977   282383   425423   185369   647147   167267   480503   211319   561767   681293   109379   351653   195053   504983   194933   505139   194819   505277   194723   505319   194483   505919   194057   515357   184577   515519   184409   515873   184013   516209   183713   516323   182789   504929   590627    18713   138239   488687   219503   532739    52859   514637   274583   417623   222029   602453   245897   371633
   371663   245759   602543   221849   417719   274517   514643    52817   532757   219437   488723   561947    12647   355643   129419   570659   129287   570743   129119   571019   128969   571133   128327   571847   128153   571973   127979   572093   127703   572357   127607   572423   127487   572633   127163   572867   122963   570509   687359   138059   211283   480569   167249   647189   185363   425489   282287   478157    97463   454247   328343
   328109   454253    97379   478199   282167   425549   185267   647333   167099   480713   491867   130079   352049    24029   676217    23753   676259    23669   676373    23537   676589    23357   676679    23279   676919    23063   676967    23027   677147    22697   677387    22367   677657    22193   677927    21929   678203    20879   675929   569927   208139   219293   532907    52673   514739   274457   417839   221807   602627   245753   371897
   371939   245627   602639   221747   417863   274403   514823    52553   532919   488909   199487   352973   144839   555287   144413   555683   144299   556007   143519   556763   143063   557027   142973   557057   142733   557309   142469   557573   142217   557987   141803   558287   141509   558563   141179   559067   140729   559343   140297   555119   500519   211097   167087   647453   185183   425603   282143   478259    97367   454379   328067
   328007   454823    97007   478403   282059   425783   185153   647477   165833   429563   352907   218963   481133   218849   481379   218417   482099   217793   482309   217619   482507   217409   482687   217253   482837   216617   483773   216179   484067   215927   484283   215399   484613   215279   484733   215153   485063   214883   485417   213557   480989   270443   534173    52529   514853   274223   417947   221603   602999   245183   371999
   372023   245087   603047   221327   417953   274187   514949    51899   519509   115979   237179   462863   237053   463283   236573   463457   236219   463919   235877   464213   235679   464447   235523   464699   235043   464993   235007   465089   234833   465293   234599   465419   234197   465917   234029   466247   233489   466649   232823   467297   469439   462773   180497   648107   185057   425819   282053   478679    96959   454919   327983
   327869   454967    96857   478787   281933   425903   515279   638459   358667   174749   525353   174413   525599   174329   525809   174137   526037   173933   526139   173807   526223   173699   526649   173297   526733   173267   526829   172883   527129   172673   527399   172553   527489   172373   527699   172217   527909   171869   528299   171383   528707   164837   525017    61547   184727   274103   418073   221219   603149   245039   372137
   372179   245033   603209   221093   418079   428039   497663   354317    59273   640847    59063   641093    58727   641327    58427   641639    58217   641813    58109   642197    57773   642419    57383   642737    57173   642899    57059   643043    56807   643373    56543   643553    56417   643883    56087   644009    55949   644117    55487   644549    55337   644747    53069   640649   202343   271967   281927   478913    96797   454973   327827
   327737   455219    96779   478937   281663   263909    30593   193859   506213   193679   506357   193469   506573   193163   506873   193043   506993   192977   507119   192677   507599   192263   507953   191969   508103   191783   508259   191657   508499   191447   508709   191189   508973   190979   509297   190613   509429   190529   509603   190313   509723   190097   510077   511487   505979   436097   418343   221069   603227   244787   372269
   372299   244667   603257   219677   403889   352493   281837   418199   281747   418289   281669   418427   281339   418709   281243   418799   281117   419057   280859   419189   280703   419417   280583   419459   280409   419753   280229   420029   279857   420317   279413   420599   279329   420737   279203   420977   278903   421163   278609   421517   278363   421727   278063   422087   277547   418157   296117   480329    96749   455339   327707
   327629   455513   605477   468473   355763   293123   406907   292517   407579   292367   407723   292223   407969   291869   408173   291743   408437   291509   408563   291293   408719   290999   409043   290669   409349   290627   409517   290189   409823   290039   410117   289763   410279   289319   410903   288839   411233   288527   411617   288227   412067   287933   412133   287849   412193   285539   406859   231533    94529   244493   372377
   372689   460937    81749   354677   229799   470243   229727   470303   229589   470453   229409   470663   229223   470867   228869   471209   228707   471389   228539   471749   228203   471893   228077   472133   227537   472643   227207   472817   227159   472859   226553   473519   226427   473597   226283   473789   226007   474017   225977   474197   225569   474479   225509   474503   225347   474707   223919   469793   618257   239069   327317
   377543   224897   355463   106823   593387   106487   593573   106373   593903   106019   593993   105983   594107   105557   594569   105389   594899   104933   595157   104759   595277   104693   595547   104393   595709   103997   596027   103913   596117   103643   596423   103217   596927   103043   597053   102797   597353   102587   597473   102407   597677   102317   597803   102107   597929   101999   598049    99317   592973   475109   322463
   348527   353747   256889   443129   256757   443363   256517   443837   256133   443987   255977   444089   255839   444293   255659   444539   255383   444677   255239   444833   255137   444929   255053   445019   254777   445307   254207   445967   254003   446087   253733   446399   253349   446759   252899   447119   252869   447179   252323   448067   251639   448397   251177   448907   251003   449117   250853   449303   250643   443039   351479
   314807   339137   361013   338669   361433   338543   361637   338279   361769   338213   361799   338033   361979   337907   362147   337793   362309   337349   362693   337283   363017   336887   363149   336827   363317   336437   363767   336059   363977   335879   364193   335693   364337   335633   364499   335123   364997   334877   365213   334637   365513   334379   365759   333929   366227   333737   366287   333713   366383   372167   360749
