   330653   369419   330359   369659   330047   370133   329789   370613   329387   370673   329123   371087   328829   371339   328619   371417   328379   371633   328343   371897   328067   371999   327983   372137   327839   372179   327737   372299   327629   372689   327209   372803   326999   373343   326657   373859   326063   374063   325889   374123   325673   374399   325319   374789   325187   374987   324977   375113   324773   375533   346439
   375359   248903   451397   248483   452009   247847   452393   247553   452597   247193   453107   246809   453293   246689   453797   246173   454109   245759   454253   245627   454823   245087   454967   245033   455219   244667   455513   244403   455627   244217   455849   243857   456167   243239   456809   242867   457277   242639   457403   242453   457559   242399   457697   242093   458027   241883   458189   241679   239597   564917   324647
   324593   458363    99023   601043    98939   601079    98627   601487    98123   601949    97973   602039    97919   602333    97553   602543    97379   602639    97007   603047    96857   603209    96779   603257    96443   603947    96017   604223    95747   604613    95279   604733    95219   604829    95009   605117    94613   605477    94463   605573    94397   605837    93923   606113    93683   606443    93557   607049   347033   241643   375413
   375449   241463   606503   223253   476759   222857   477293   222647   477677   222197   477857   222107   477947   222029   478157   221807   478259   221603   478679   221219   478913   221069   479147   219983   480047   219839   480209   219707   480317   219677   480419   219503   480569   219293   480989   218963   481133   218849   481379   218417   482099   217793   482309   217619   482507   217409   217253   612377    93503   458543   324557
   324497   458663    93479   482687   283463   416873   282917   417173   282767   417293   282389   417623   282287   417839   282143   417947   282053   418073   281927   418157   281837   418199   281747   418289   281669   418343   281579   418667   281297   418763   281207   418889   280949   419147   280817   419303   280589   419423   280547   419597   280253   419777   279977   420149   279689   278843   489659   217319   606527   241343   375509
   375569   241337   606587   217169   420593   275039   425003   274709   425309   274583   425489   274457   425603   274223   425819   274103   425987   273929   426233   273719   426353   273617   426737   273233   426893   272933   427079   272903   427247   272603   427439   272549   427529   272093   427967   272009   428003   271967   428177   271703   428369   271517   428639   271163   270659   506537   279413   482837    93419   458669   324437
   324299   458747    93263   483389   279407   429083   185369   514643   185267   514823   185153   514949   184727   515357   184577   515519   184409   515873   184013   516209   183713   516323   183569   516617   183383   516689   183167   516947   183047   517073   182927   517217   182639   517403   182549   517469   182519   517553   182417   517619   182129   517949   181757   518597   347957   270923   420599   216617   606743   241259   375707
   376049   241127   606959   216233   420677   270593   518387    52313   647747    52253   647783    51977   648107    51767   648257    51713   648677    51287   648803    50849   649217    50723   649379    50549   649619    50363   649799    50177   649877    50069   650183    49529   650483    49463   650813    49019   651017    48767   651473    48497   651767    48197   652499   347099   181619   429413   279329   483773    93047   458879   323957
   323879   458957    92849   483827   279269   429467   181277   652229   166259   533837   166043   533993   165947   534173   165533   534923   164987   535169   164477   535697   164279   535757   164147   535967   163859   536273   163307   537413   162419   537743   162257   538049   161879   538199   161639   538553   161309   538739   160997   539039   160877   539309   347057    47777   518729   270539   420737   216179   607157   241049   376127
   376307   241013   607253   215939   420803   270509   518807    47513   539267   228077   472133   227537   472643   227207   472817   227159   472859   226553   473519   226427   473597   226283   473789   226007   474017   225977   474197   225569   474479   225509   474503   225347   474707   225227   474839   225149   474917   225023   475037   224897   475679   348419   160739   652493   181199   429497   279203   484067    92753   458993   323699
   323537   459047    92699   484079   279029   429563   181193   652667   160499   475289   209987   490169   209639   490463   209147   490967   208877   491219   208673   491339   208589   491429   208469   491627   208367   491669   208223   491789   208139   491969   207953   492059   207923   492377   207593   492563   207377   492719   207113   493733   347933   224717   539507    47339   518813   270443   420977   215927   607307   240959   376469
   376757   240893   607337   215723   421103   270407   519227    47279   539633   224603   493013   135599   564617   135353   564797   135017   565337   134489   565589   134369   565667   134219   565793   134087   565973   133949   566273   133439   566723   132953   567059   132863   567257   132623   567569   132347   567719   132059   570659   345689   206993   475403   160373   652727   180779   429599   278903   484283    92669   459113   323249
   322877   459209    92657   484607   278609   429677   180749   652913   160367   475427   206939   568097    16223   683789    16187   683909    16073   683939    15887   684239    15737   684647    15233   684857    15137   684923    15017   685109    14759   685337    14639   685637    14327   685973    13997   686039    13907   693533   341027   131909   493067   224579   539639    47093   519257   270329   421397   215399   607349   240797   377129
   377147   240623   607517   215393   421517   270323   519359    46889   539663   224423   493109   131639   686177   121523   578537   121403   578693   121229   578999   120899   579239   120503   579533   120299   579713   120233   580259   119633   580379   119429   580763   119087   581099   118673   581549   118409   583733   346259    13829   568367   206897   475583   160343   653117   180647   429683   278489   484613    92489   459383   322859
   322709   459749    92387   484727   278363   429719   180623   653153   160319   475697   206879   568643    13553   581663   186653   513419   186239   513899   185993   514049   185903   514187   185693   514523   185477   522383   177383   522659   177269   522749   176699   523433   176369   523673   176243   174137   691037   118343   686453   131363   493127   224309   539687    46853   519383   270287   421643   215279   607619   240257   377297
   377393   240203   607769   215273   421727   270209   519509    46649   539837   224129   493193   131297   686519   118277   523793   173357   526709   173273   526739   173177   527123   172877   527333   172607   527453   172517   527633   172307   527789   172097   528137   171707   528623   171299   529229   348077   176213   581729    13487   568709   206813   475877   160169   653357   180497   429797   278279   484733    92237   459803   322613
   322463   460073    91733   484853   278063   430019   180419   653363   160163   475973   206603   568877    13367   581843   176159   528929   101207   599069   100853   599273   100703   599513   100469   599603   100343   599693    99839   600239    99713   600317    99347   600689    99173   615137   334877   171077   523847   118163   686639   131129   493403   224033   539843    46643   519587   269987   421943   215153   608273   239933   377543
   377687   239879   608303   214943   422087   269663   520067    46499   540149   223919   493463   130817   686669   117989   523877   170957   600857   344207   355853   344039   356093   343787   356693   343073   356969   342899   357347   342653   357359   342569   357509   342413   337859   368729    99149   529049   176129   582017    13337   569189   206543   476087   159857   653507   179939   430343   277919   485063    91703   460127   322319
   321983   460157    91583   485123   277757   430427   179903   653777   159839   476183   206483   569237    13217   582167   175949   529637    88799   357659    83177   616943    83009   617249    82619   617447    82469   617657    82307   617843    81953   618257    81737   621029   346349   342347   611207   170369   524057   117839   686789   130769   493523   223823   540167    46229   520103   269579   422249   214883   608423   239849   378023
   378593   239633   608429   214589   422363   269573   520193    46187   540173   223757   493607   130589   686843   117833   524087   169943   611213   342239   618329   149069   550973   148913   551339   148517   551549   148193   551849   148079   551933   147977   560939   340709    81677   357767    88793   530063   175919   582173    13163   569417   206399   476249   159833   653819   179813   430433   277643   485417    91577   460373   321413
   321323   460463    91397   485447   277637   430487   179693   653903   159773   476369   206153   569663    13127   582209   175499   530087    88547   357809    81629   552179   146477   553583   146417   553733   146249   554207   145703   554417   145433   555287   348527   147827   618377   342197   611459   169919   524507   117797   686879   130343   493853   223637   540233    46103   520313   269519   422369   214559   608609   239543   378683
   378779   239417   608633   214463   422459   269237   520349    45959   540269   223577   493937   130259   686897   117779   524939   169913   611483   341927   618437   147743   554699    71789   628373    71333   628679    71249   628877    71069   642419   336239   145307   552263    81569   358079    88523   530093   175067   582227    13109   569747   206069   476429   159737   654047   179657   430769   277547   485543    91373   460589   321227
   321077   460619    91163   485567   277247   430823   179579   654053   159629   476477   206039   569927    13043   582509   174989   530183    88463   358229    81299   552317   145259   629339   315599   384437   315407   384737   315179   388109   346553    70667   554747   147689   618707   341777   611543   169823   525017   117497   686963   130079   493967   223529   540377    45953   520427   269183   422759   214439   608843   239387   378929
   378953   239333   608987   213953   422789   269057   520433    45497   540383   223493   493973   129959   686969   117443   525257   169769   611837   341729   618833   147347   554753    70589   385079    68699   631409    68477   636473   344957   314927   629417   145253   552659    81173   358277    88169   530237   174749   582563    13037   570047   206033   476513   159623   654509   179573   430949   277217   486053    91019   460673   321053
   320843   460709    90863   486119   276953   431363   179357   654593   159617   476603   206027   570113    12983   582677   174413   530297    88079   358499    81077   552707   145037   629567   314879   631559   140207   621869   287933    68447   385127    70439   554969   147299   618929   341507   611927   169709   525593   117329   687023   129893   493979   223403   540389    45413   520649   268643   423053   213887   609143   239297   379163
   379307   239087   609173   213827   423173   268637   520679    45377   540437   223367   494069   129593   687083   117269   525599   169667   611969   341339   619187   147197   555119    70199   385193   639839   497729   350003   202277    60167   314813   629807   144887   552809    80819   358667    88037   530339   174407   582737    12923   570413   205937   476639   159569   654629   179327   431369   276833   486179    90833   460919   320699
   320687   460937    90647   486293   276827   431399   179243   654743   159407   488633   205913   570419    12899   582767   174329   530513    88007   358703    80039   552899   144839   629843   385379    54869   412073    78137   559799   645137   314627    70163   555167   147107   619967   341303   611999   169493   525677   117239   687107   129587   494093   211373   540599    45263   520763   268607   423179   213713   609359   239069   379319
   379397   239027   609407   213599   423299   268493   521153    45179   540713   211319   494387   129539   687317   117119   525809   169457   612137   341273   620033   146933   555593    69317   310439   355049    68597   631529    63533   631307   389567   630689   144413   553073    79973   358733    87869   530549   174197   582887    12689   570467   205619   488687   159293   654827   178853   431513   276707   486407    90599   460979   320609
   320339   461147    90473   486449   276593   431567   178697   654923   159233   488723   205487   570497    12647   582983   173969   530597    87833   359027    79907   553229   574289   615617   353453   315569   384599   315269   384827   311897   384407    84389   125717   146777   620099   340979   612173   169409   526037   117023   687359   129509   494519   211283   540773    45083   521309   268439   423413   213557   609533   238859   379667
   379703   238709   609599   213467   423503   268403   521363    44963   540779   211097   494609   129497   687437   116993   526073   169313   612263   340937   620117   146543   122489   363767    71633   628673    71327   628757    71129   628937    57587   628217   577517   553463    79889   359069    87743   530693   173933   583013    12569   570509   205397   488909   159227   655043   178643   431603   276503   486539    90407   461297   320303
   320219   461333    90263   486677   276449   431663   178613   655229   159017   489179   205319   570587    12413   583139   173867   530807    87623   359129   623327   542579   351479   146423   553589   146273   553757   145799   554303   145589   554573   144719   553529   157427    76679   340877   612383   169199   526139   116867   687593   129419   494687   210827   540989    44777   521393   268343   423557   213329   609743   238673   379787
   379853   238499   609779   213209   423617   268199   521447    44633   541097   210809   494699   129287   687683   116639   526199   168863   612497   312089    70997   359297   149033   551093   148667   551489   148457   551813   148157   551927   148073   552029   139067   550937   629009   387917    87509   531143   173807   583367    12323   570719   205307   489197   158909   655373   178559   431807   276389   486797    90227   461507   320153
   320027   461609    90203   486833   276293   431993   178487   655649   158657   489407   205223   570743    12269   583469   173783   531203    86837   403979   353657    83063   616997    82757   617387    82559   617537    82349   617699    82163   618053    81749   618269    78977   616829   296027   613169   168803   526223   116537   687737   129263   494783   210599   541349    44357   521519   268013   423713   213173   609803   238397   379979
   379997   238313   609809   213029   423749   267863   521537    44279   541439   210557   494849   129119   687767   116483   526307   542999   595277   331277   344153   355967   343913   356219   343313   356933   343037   357107   342659   357353   342647   357437   342497   357593   362147   355799   104729   157007   173699   583523    12239   570887   205157   489449   158567   655727   178469   432143   276257   486977    90197   461693   320009
   319817   461843    90017   487007   276137   432149   178439   655757   158537   489479   205133   571019    12227   583619   559343   151643   365129   100937   599153   100733   599303   100493   599537   100403   599663   100313   600167    99767   600293    99689   600659    99317   600833    84869   598799   548363   140663   116387   687779   128987   494873   210527   541469    44249   521567   267857   423869   212999   609989   238163   380189
   380327   237857   610157   212873   424007   267803   521603    44159   541577   210467   494903   128969   687809   585317   470207   351929   173297   526733   173267   526829   172883   527129   172673   527399   172553   527489   172373   527699   172217   527909   171869   528299   171383   528707   170777   526649   229799   114689    12197   571037   205103   489539   158429   655847   178403   432203   275999   487133    89849   462149   319679
   319673   462239    89819   487427   275987   432287   178349   655883   158393   489689   205019   571133     9887   106619     8969   186587   513767   186107   514013   185957   514103   185819   514313   185483   514529   177623   522623   177347   522737   177257   523307   176573   523637   176333   523763   525869   513353   593387   690119   128873   494987   210317   541613    44123   521657   267719   424019   212579   610187   237767   380333
   380417   237563   610409   212369   424037   267647   521819    43943   541763   210263   495119   572399   678077   353747   121469   578603   121313   578777   121007   579107   120767   579503   120473   579707   120293   579773   119747   580373   119627   580577   119243   580919   118907   581333   118457   581597   116273   578483    21929   127607   204887   489743   158243   656063   178187   432359   275969   487637    89597   462443   319589
   319547   462719    89567   487709   275837   432413   178127   656153   158189   489833   495707   118253   358979    16217   683819    16097   683933    16067   684119    15767   684269    15359   684773    15149   684869    15083   684989    14897   685247    14669   685367    14369   685679    14033   686009    13967   686099     6473   683783   581753   204299   210173   541817    43853   521879   267593   424169   212297   610439   237287   380459
   380837   237233   610619   212117   424223   267569   521903    43577   542117   504527   198179   354317   135389   564653   135209   564989   134669   565517   134417   565637   134339   565787   134213   565919   134033   566057   133733   566567   133283   567053   132947   567143   132749   567383   132437   567659   132287   567947   129347   564407   501827   195479   157889   656429   178103   432437   275783   487889    89387   462773   319169
   319127   462827    89303   488009   275573   432449   177893   656519   542873   177167   352073   209837   490367   209543   490859   209039   491129   208787   491333   208667   491417   208577   491537   208379   491639   208337   491783   208217   491867   208037   492053   207947   492083   207629   492413   207443   492629   207287   492893   206273   490019   522839   157133    43487   522113   267557   424433   211997   610703   237179   380879
   380909   237143   610733   211949   424547   267479   522167   656939   147089   351587   227873   472469   227363   472799   227189   472847   227147   473453   226487   473579   226409   473723   226217   473999   225989   474029   225809   474437   225527   474497   225503   474659   225299   474779   225167   474857   225089   474983   224969   475109   224327   471929   552917    43067   177839   432527   275459   488057    89273   462863   319097
   319049   462953    89189   488513   275447   432587   525353    33863   352949   166169   533963   166013   534059   165833   534473   165083   535019   164837   535529   164309   535727   164249   535859   164039   536147   163733   536699   162593   537587   162263   537749   161957   538127   161807   538367   161453   538697   161267   539009   160967   539129   160697   533747   666143   174653   267419   424559   211493   610817   237053   380957
   381323   236723   610919   211433   424667   266633   166703   352907    52259   647753    52223   648029    51899   648239    51749   648293    51329   648719    51203   649157    50789   649283    50627   649457    50387   649643    50207   649829    50129   649937    49823   650477    49523   650543    49193   650987    48989   651239    48533   651509    48239   651809    47507   647693   533303   433373   275339   488573    89087   463283   318683
   318629   463433    88937   488603   425189   584183   352049   185363   514739   185183   514853   185057   515279   184649   515429   184487   515597   184133   515993   183797   516293   183683   516437   183389   516623   183317   516839   183059   516959   182933   517079   182789   517367   182603   517457   182537   517487   182453   517589   182387   517877   182057   518249   181409   514637   115823   274817   211403   611069   236573   381377
   381533   236549   611189   488759   408713   193469   275003   425297   274697   425423   274517   425549   274403   425783   274187   425903   274019   426077   273773   426287   273653   426389   273269   426773   273113   427073   272927   427103   272759   427403   272567   427457   272477   427913   272039   427997   272003   428039   271829   428303   271637   428489   271367   428843   429347   424967   291293   211247    88817   463457   318473
   318377   463787   614177   464999   210347   283133   417089   282833   417239   282713   417617   282383   417719   282167   417863   282059   417953   281933   418079   281849   418169   281807   418259   281717   418337   281663   418427   281339   418709   281243   418799   281117   419057   280859   419189   280703   419417   280583   419459   280409   419753   280229   420029   279857   420317   421163   416543   235007    85829   236219   381629
   381659   463919    75407    87629   223247   477149   222713   477359   222329   477809   222149   477899   222059   477977   221849   478199   221747   478403   221327   478787   221093   478937   220859   480023   219959   480167   219797   480299   219689   480329   219587   480503   219437   480713   219017   481043   218873   481157   218627   481589   217907   482213   217697   482387   217499   482597   482753   476753   624599   236087   318347
   384479   441029   352973    98963   601067    98927   601379    98519   601883    98057   602033    97967   602087    97673   602453    97463   602627    97367   602999    96959   603149    96797   603227    96749   603563    96059   603989    95783   604259    95393   604727    95273   604787    95177   604997    94889   605393    94529   605543    94433   605609    94169   606083    93893   606323    93563   606449    92957   600983   258977   315527
   302579   135089   248609   451523   247997   452159   247613   452453   247409   452813   246899   453197   246713   453317   246209   453833   245897   454247   245753   454379   245183   454919   245039   454973   244787   455339   244493   455603   244379   455789   244157   456149   243839   456767   243197   457139   242729   457367   242603   457553   242447   457607   242309   457913   241979   458123   241817   458327   460409   451103   397427
   353567   330587   369647   330347   369959   329873   370217   329393   370619   329333   370883   328919   371177   328667   371387   328589   371627   328373   371663   328109   371939   328007   372023   327869   372167   327827   372269   327707   372377   327317   372797   327203   373007   326663   373349   326147   373943   325943   374117   325883   374333   325607   374687   325217   374819   325019   375029   324893   375233   324473   369353
