   332987   367277   332699   367559   332393   367733   332183   367889   331907   368117   331553   368729   331217   369023   330887   369353   330587   369647   330347   369959   329873   370217   329393   370619   329333   370883   328919   371177   328667   371387   328589   371627   328373   371663   328109   371939   328007   372023   327869   372167   327827   372269   327707   372377   327317   372797   327203   373007   326663   374063   346043
   373349   250199   449963   249923   450209   249779   450257   249593   450473   249503   450557   249419   450677   249287   450899   249089   451097   248903   451397   248483   452009   247847   452393   247553   452597   247193   453107   246809   453293   246689   453797   246173   454109   245759   454253   245627   454823   245087   454967   245033   455219   244667   455513   244403   455627   244217   455849   243857   242603   559367   326657
   326147   456167   100853   599273   100703   599513   100469   599603   100343   599693    99839   600239    99713   600317    99347   600689    99173   600857    99023   601043    98939   601079    98627   601487    98123   601949    97973   602039    97919   602333    97553   602543    97379   602639    97007   603047    96857   603209    96779   603257    96443   603947    96017   604223    95747   604613    95279   609407   343037   243839   373859
   373943   243239   604733   224603   475427   224423   475679   224309   475877   224033   476087   223823   476249   223637   476429   223529   476513   223403   476639   223253   476759   222857   477293   222647   477677   222197   477857   222107   477947   222029   478157   221807   478259   221603   478679   221219   478913   221069   479147   219983   480047   219839   480209   219707   480317   219677   218417   609803    95273   456767   326063
   325889   456809    95219   480419   285953   414179   285539   414629   285227   414893   284897   415187   284489   415523   284447   415577   284057   416147   283763   416399   283463   416873   282917   417173   282767   417293   282389   417623   282287   417839   282143   417947   282053   418073   281927   418157   281837   418199   281747   418289   281669   418343   281579   418667   281297   418799   347873   219587   604787   243197   374117
   374123   242867   604829   219503   418763   276593   423503   276449   423617   276293   423749   276137   424007   275987   424037   275837   424223   275573   424547   275447   424667   275039   425003   274817   425297   274697   425423   274457   425603   274223   425819   274103   425987   273929   426233   273719   426353   273617   426737   273233   426893   272933   427079   272903   427403   347957   281243   480503    95177   457139   325883
   325673   457277    95009   480569   281117   427247   187349   512843   186959   513059   186869   513353   186587   513767   186107   514013   185957   514103   185819   514313   185483   514529   185369   514643   185267   514823   185153   514949   184727   515357   184577   515519   184409   515873   184013   516209   183713   516323   183569   516617   183383   516689   183167   180749   683909   272759   418889   219437   604997   242729   374333
   374399   242639   605117   219293   419057   272567   516947    53813   646307    53609   646859    53117   646913    53069   647033    52967   647069    52889   647147    52817   647333    52553   647477    52517   647627    52313   647747    52253   647783    51977   648107    51767   648257    51713   648677    51287   648803    50849   649217    50723   649379    50549   662957   334637   183059   427439   280949   480713    94889   457367   325607
   325319   457553    94613   480989   280859   427457   183047   649619   168719   531863   168029   531983   167729   532373   167627   532523   167267   532757   167099   532919   166973   533303   166679   533363   166457   533747   166169   533963   166013   534059   165833   534473   165083   535019   164837   535529   164309   535727   164249   535859   164039   547097   336437    50387   516959   272549   419147   219017   605393   242453   374687
   374789   242447   605477   218963   419189   272477   517073    50363   536147   229703   470417   229553   470597   229343   470783   229139   471137   228797   471299   228617   471467   228257   471803   228113   471929   227873   472469   227363   472799   227189   472847   227147   473453   226487   473579   226409   473723   226217   473999   225989   225509   596093   163859   649643   182933   427529   280817   481043    94529   457559   325217
   325187   457607    94463   481133   280703   427913   182927   649799   163733   474029   211433   488603   211373   488687   211283   488759   211097   489179   210809   489407   210527   489539   210347   489689   210263   489833   209987   490169   209639   490463   209039   491129   208787   491333   208667   491417   208577   491537   208379   491789   348353   225977   536273    50207   517079   272093   419303   218873   605543   242399   374819
   374987   242309   605573   218849   419417   272039   517217    50177   536699   225809   491639   138209   561809   138059   562007   137723   562307   137597   562439   137399   562613   137303   563117   136649   563447   136463   563663   136193   564407   135389   564653   135209   564917   135017   565337   134489   565589   134369   569927   343787   208367   474197   163307   649829   182789   427967   280589   481157    94433   457697   325019
   324977   457913    94397   481379   280583   427997   182639   649877   162593   474437   208337   565667    18443   681677    18287   681773    17957   682259    17729   682337    17579   682673    17327   683303    16649   683453    16529   683513    16319   683777    16223   683789    16187   683933    16067   684119    15767   685973   346439   134339   491669   225569   537413    50129   517367   272009   419423   218627   605609   242093   375029
   375113   241979   605837   217907   419459   272003   517403    50069   537587   225527   491783   134219   684269   123719   576299   123323   577043   122939   577397   122579   577517   122477   577613   122267   577799   122069   577979   121889   578309   121607   578453   121523   578537   121403   578693   121229   580379   347033    15737   565787   208223   474479   162419   649937   182603   428003   280547   482099    94169   458027   324893
   324773   458123    93923   482213   280409   428039   182549   650183   162263   474503   208139   565793    15359   578999   189017   511163   188519   511523   188303   511757   188147   512537   187463   512573   187409   520763   178853   521309   178643   521393   178559   521519   178469   521567   178403   523637   338543   121007   684647   134213   491867   225503   537743    49823   517457   271967   419597   217793   606083   241883   375233
   375359   241817   606113   217697   419753   271829   517469    49529   537749   225347   491969   134087   684773   120899   521657   175919   524507   175067   525017   174749   525353   174413   525599   174197   525869   173969   526073   173867   526199   173783   526307   173357   526709   173273   530087   345749   178349   579107    15233   565919   208037   474659   162257   650477   182537   428177   280253   482309    93893   458189   324647
   324593   458327    93683   482387   280229   428303   182519   650483   161957   474707   207953   565973    15149   579239   178187   526739   103043   597053   102797   597353   102587   597473   102407   597677   102317   597803   102107   597929   101999   598049   101879   598379   101363   598799   349043   173267   521819   120767   684857   134033   492053   225299   538049    49523   517487   271703   419777   217619   606323   241679   375413
   375449   241643   606443   217499   420029   271637   517553    49463   538127   225227   492059   133949   684869   120503   521879   173177   598727   347099   352949   346553   353459   346349   353747   346223   353819   346139   354317   345473   354677   345263   354779   344969   342899   361337   101279   526829   178127   579503    15137   566057   207947   474779   161879   650543   182453   428369   279977   482507    93563   458363   324557
   324497   458543    93557   482597   279857   428489   182417   650813   161807   474839   207923   566273    15083   579533   178103   527123   100937   355049    84449   615599    84389   615743    84239   615827    84137   616073    83903   616229    83717   616367    83597   617249   348527   344957   599069   172883   521903   120473   684923   133733   492083   225167   538199    49193   517589   271517   420149   217409   606449   241463   375509
   375533   241343   606503   217319   420317   271367   517619    49019   538367   225149   492377   133439   684989   120299   522113   172877   609743   344543   616529   151169   548957   150503   549509   150473   549623   150323   549707   150287   549767   149867   558827   341027    83477   355463    90263   527129   177893   579707    15017   566567   207629   474857   161639   650987   182387   428639   279689   482687    93503   458663   324473
   324437   458669    93479   482753   279413   428843   182129   651017   161453   474917   207593   566723    14897   579713   177839   527333    90227   355643    83459   550169   148667   551489   148457   551813   148157   551927   148073   552029   147827   559667   341927   149837   616547   344363   609779   172673   522167   120293   685109   133283   492413   225089   538553    48989   517877   271163   420593   217253   606527   241337   375569
   375707   241259   606587   217169   420599   270923   517949    48767   538697   225023   492563   132953   685247   120233   522383   172607   609809   344327   616589   149717   552263    73943   626159    73673   626363    73613   626477    73517   634943   341339   147743   550289    83417   355679    90197   527399   177623   579773    14759   567053   207443   474983   161309   651239   182057   429083   279407   482837    93419   458747   324299
   323957   458879    93263   483389   279329   429347   181757   651473   161267   475037   207377   567059    14669   580259   177383   527453    90017   355763    83219   550379   147347   626627   316859   383153   316703   383429   316373   394367   339137    73379   552659   149627   616787   344243   609989   172553   522623   119747   685337   132947   492629   224969   538739    48533   518249   270659   420677   216617   606743   241127   376049
   376127   241049   606959   216233   420737   270593   518387    48497   539009   224897   492719   132863   685367   119633   522737   172517   610157   344207   616799   149579   552707    73043   383813    70997   629339    70589   631013   348077   316193   626963   147299   550427    83207   355799    89849   527489   177269   580373    14639   567143   207287   475109   160997   651509   181619   429413   279269   483773    93047   458957   323879
   323699   458993    92957   483827   279203   429467   181409   651767   160967   475289   207113   567257    14369   580577   177257   527633    89819   355853    83177   550607   147197   626987   316097   629567   142733   614177   293099    70439   383909    73019   552809   149399   616829   344153   610187   172373   522749   119429   685637   132749   492893   224717   539039    48239   518597   270539   420803   216179   607049   241013   376307
   376469   240959   607157   215939   420977   270509   518729    48197   539129   213467   493013   132623   685679   119243   522839   172307   610409   344039   616943   149249   552899    72923   383969   629843   500369   350003   199637    70163   316037   627083   147107   550757    83063   355967    89597   527699   177167   580763    14327   567383   206993   486539   160877   651809   181277   429497   279029   484067    92849   459047   323537
   323249   459113    92753   484079   278903   429563   181199   652229   160739   486677   206939   567569    13997   580919   176699   527789    89567   356093    83009   550937   147089   627383   385127    67679   406907    85829   557273   632327   314879    72623   552917   149069   616997   343913   610439   172217   523307   119087   686009   132437   493067   213329   539267    47777   518807   270443   421103   215927   607253   240893   376757
   377129   240797   607307   215723   421163   270407   518813    47513   539309   213209   493109   132347   686039   118907   523433   172097   610619   343313   617387   149033   553073    65147   303287   351929    70667   629417    68993   629009   396719   634859   146933   550973    82619   356693    89387   527909   176573   581099    13967   567659   206897   486797   160697   652493   181193   429599   278843   484283    92699   459209   322877
   322859   459383    92669   484607   278609   429677   180779   652499   160499   486833   206879   567719    13907   581333   176333   528137    89303   356933    82559   551093   560123   625307   360869   316853   383303   316577   383633   305639   383147    74699   139883   148913   617447   343073   610703   171869   523673   118673   686099   132287   493127   213173   539507    47507   519227   270329   421397   215399   607337   240623   377147
   377297   240257   607349   215393   421517   270323   519359    47339   539633   213029   493193   132059   686177   118457   523763   171707   610733   342659   617537   147689   130589   358667    73847   626333    73643   626393    73529   626489    65063   626063   569417   552317    82469   357347    89273   528299   176243   581549    13829   567947   206813   486977   160373   652667   180647   429683   278489   484613    92657   459749   322709
   322613   459803    92489   484727   278363   429719   180623   652727   160367   487007   206603   568097    13553   581597   176213   528623    89189   357353   618257   541439   358079   148517   551549   148193   551849   148079   551933   147977   552179   140339   551339   158567    81749   342653   610817   171383   523793   118409   686453   131909   493403   212999   539639    47279   519383   270287   421643   215279   607517   240203   377393
   377543   239933   607619   215273   421727   270209   519509    47093   539663   212873   493463   131639   686519   118343   523847   171299   611069   342239    78653   358979   151049   549503   150497   549533   150383   549683   150299   549719   150239   550139   141179   548837   621353   357767    88937   528707   176159   581663    13487   568367   206543   487133   160343   652913   180497   429797   278279   484733    92387   460073   322463
   322319   460127    92237   484853   278063   430019   180419   653117   160319   487427   206483   568643    13367   581729   176129   528929    88799   366269   351479    84407   615617    84263   615767    84179   615869    83933   616103    83777   616289    83639   616409    82757   615557   333737   611207   171077   523877   118277   686639   131363   493523   212579   539687    46889   519587   269987   421943   215153   607769   239879   377687
   378023   239849   608273   214943   422087   269663   520067    46853   539837   212369   493607   131297   686669   118253   524057   540377   596927   338669   347057   353453   346547   353657   346259   353783   346187   353867   345689   354533   345329   354743   345227   355037   357107   352907   103079   159629   175949   581753    13337   568709   206399   487637   160169   653153   179939   430343   277919   485063    91733   460157   321983
   321413   460373    91703   485123   277757   430427   179903   653357   160163   487709   206273   568877    13217   581843   174329   151163   350963   102953   597209   102653   597419   102533   597599   102329   597689   102203   597899   102077   598007   101957   598127   101627   598643   101207   596963   548843   525677   118163   686789   131129   493733   212297   539843    46649   520103   269579   422249   214883   608303   239633   378593
   378683   239597   608423   214589   422363   269573   520193    46643   540149   212117   493853   130817   686843   583619   502409   354257   175499   524939   174989   525257   174653   525593   174407   525809   174137   526037   173933   526139   173807   526223   173699   526649   173297   526733   169919   524087   197597   116387    13163   569189   206153   487889   159857   653363   179813   430433   277643   485417    91583   460409   321323
   321227   460463    91577   485447   277637   430487   179693   653507   159839   488009   206069   569237    13037   109253   361463   188843   511487   188483   511703   188249   511859   187469   512543   187433   512597   179243   521153   178697   521363   178613   521447   178487   521537   178439   521603   176369   510989   590753   686969   130769   493937   211997   540167    46499   520313   269519   422369   214559   608429   239543   378779
   378929   239417   608609   214463   422459   269237   520349    46229   540173   211949   493967   571037   680027   352973   123707   576683   122963   577067   122609   577427   122489   577529   122393   577739   122207   577937   122027   578117   121697   578399   121553   578483   121469   578603   121313   578777   119627   576287    19979   128969   206039   488057   159833   653777   179657   430769   277547   485543    91397   460589   321077
   321053   460619    91373   485567   277247   430823   179579   653819   159773   488513   493979   117443   353567    18329   681719    18233   682049    17747   682277    17669   682427    17333   682679    16703   683357    16553   683477    16493   683687    16229   683783    16217   683819    16073   683939    15887   684239    14033   681563   582563   206027   211493   540233    46187   520427   269183   422759   214439   608633   239387   378953
   379163   239333   608843   213953   422789   269057   520433    46103   540269   490859   200033   356219   138197   561947   137999   562283   137699   562409   137567   562607   137393   562703   136889   563357   136559   563543   136343   563813   135599   564617   135353   564797   135089   564989   134669   565517   134417   565637   130079   561797   499973   209147   159737   653903   179573   430949   277217   486053    91163   460673   320843
   320699   460709    91019   486119   276953   431363   179357   654047   543887   449699   351653   211403   488633   211319   488723   211247   488909   210827   489197   210599   489479   210467   489659   210317   489743   210173   490019   209837   490367   209543   490967   208877   491219   208673   491339   208589   491429   208469   491627   208217   488573   250307   156119    45959   520649   268643   423053   213887   608987   239297   379307
   379319   239087   609143   213827   423173   268637   520679   655883   135647   103913   229589   470453   229409   470663   229223   470867   228869   471209   228707   471389   228539   471749   228203   471893   228077   472133   227537   472643   227207   472817   227159   472859   226553   473519   226427   473597   226283   473789   226007   474017   474497   470303   564359    44123   179327   431369   276833   486179    90863   460919   320687
   320609   460937    90833   486293   276827   431399   522659    22859   363569   168143   531977   168023   532277   167633   532379   167483   532739   167249   532907   167087   533033   166703   533327   166643   533549   166259   533837   166043   533993   165947   534173   165533   534923   164987   535169   164477   535697   164279   535757   164147   535967   152909   531287   677147   177347   268607   423179   213713   609173   239069   379397
   379667   239027   609359   213599   423299   431513   505319   365369    53699   646397    53147   646889    53093   646937    52973   647039    52937   647117    52859   647189    52673   647453    52529   647489    52379   647693    52259   647753    52223   648029    51899   648239    51749   648293    51329   648719    51203   649157    50789   649283    50627   649457    37049   646193   194687   268493   276707   486407    90647   460979   320339
   320303   461147    90473   486449   425489   260339    16097   187163   513047   186947   513137   186653   513419   186239   513899   185993   514049   185903   514187   185693   514523   185477   514637   185363   514739   185183   514853   185057   515279   184649   515429   184487   515597   184133   515993   183797   516293   183683   516437   183389   516623   183317   516839   519257   512657   439667   274517   213557   609533   238859   379703
   379787   238709   609599   489449   265619   352049   276503   423557   276389   423713   276257   423869   275999   424019   275969   424169   275783   424433   275459   424559   275339   424967   275003   425189   274709   425309   274583   425549   274403   425783   274187   425903   274019   426077   273773   426287   273653   426389   273269   426773   273113   427073   272927   427103   272603   423413   434387   210557    90407   461297   320219
   320153   461333   610919   462827   352133   285827   414467   285377   414779   285113   415109   284819   415517   284483   415559   284429   415949   283859   416243   283607   416543   283133   417089   282833   417239   282713   417617   282383   417719   282167   417863   282059   417953   281933   418079   281849   418169   281807   418259   281717   418337   281663   418427   281339   418709   281207   414053   237179    89087   238673   379853
   379979   462443    73859    90203   224579   475583   224327   475697   224129   475973   223919   476183   223757   476369   223577   476477   223493   476603   223367   476753   223247   477149   222713   477359   222329   477809   222149   477899   222059   477977   221849   478199   221747   478403   221327   478787   221093   478937   220859   480023   219959   480167   219797   480299   219689   480329   481589   475403   626147   237563   320027
   320009   438443   356969   100733   599303   100493   599537   100403   599663   100313   600167    99767   600293    99689   600659    99317   600833    99149   600983    98963   601067    98927   601379    98519   601883    98057   602033    97967   602087    97673   602453    97463   602627    97367   602999    96959   603149    96797   603227    96749   603563    96059   603989    95783   604259    95393   604727    90599   599153   261563   379997
   366683   140639   250043   450083   249797   450227   249749   450413   249533   450503   249449   450587   249329   450719   249107   450917   248909   451103   248609   451523   247997   452159   247613   452453   247409   452813   246899   453197   246713   453317   246209   453833   245897   454247   245753   454379   245183   454919   245039   454973   244787   455339   244493   455603   244379   455789   244157   456149   457403   449807   333323
   353963   332729   367307   332447   367613   332273   367823   332117   368099   331889   368453   331277   368789   330983   369119   330653   369419   330359   369659   330047   370133   329789   370613   329387   370673   329123   371087   328829   371339   328619   371417   328379   371633   328343   371897   328067   371999   327983   372137   327839   372179   327737   372299   327629   372689   327209   372803   326999   373343   325943   367019
