   348077   352049   347933   352133   347813   352493   347099   352949   347033   353453   346547   353567   346349   353747   346223   353819   346139   353963   345749   354317   345473   354677   345263   354779   344969   355049   344543   355643   344327   355763   344207   355853   344039   356093   343787   356693   343073   356969   342899   357347   342653   357359   342569   357509   342413   357659   342239   357809   341927   339749   365369
   358229   264827   435257   264743   435563   264437   435647   264353   435839   264113   435923   264059   436097   263849   436283   263567   436607   263267   437153   262733   437357   262643   437693   262253   437819   262139   438029   261959   438233   261587   438443   261017   439007   260873   439157   260807   439253   260717   439463   260339   439799   259967   440177   259823   440339   259499   440849   259019   257273   530297   341777
   341729   441029   115127   584993   114689   585413   114419   585677   114269   585839   114143   585917   113969   586073   113657   586493   113417   586679   113213   586979   112919   587219   112589   587429   112403   587669   112253   587987   111893   588173   111767   588347   111623   588509   111323   588737   111263   588779   111053   588977   110819   589409   110567   589529   110129   590123   109517   603047   335123   258977   358277
   358499   258827   590537   239087   460937   239027   461147   238709   461333   238499   461609   238313   461843   237857   462239   237563   462719   237233   462827   237143   462953   236723   463433   236549   463787   236087   464129   235793   464327   235559   464483   235307   464963   235013   464999   234917   465173   234713   465407   234587   465809   234089   465977   233759   466517   233357   232307   581333   109469   441179   341507
   341339   441263   109433   467183   302723   397427   302573   397493   302459   397589   301943   398129   301793   398303   301649   398423   301463   398759   301073   399137   300857   399197   300779   399263   300317   399887   300023   399989   299807   400307   299447   400643   299147   400943   298937   401417   298049   401993   297953   402197   297707   402383   297503   402923   296969   292367   458189   232823   590573   258743   358667
   358703   258563   590609   232709   403097   291287   409043   290669   409349   290627   409517   290189   409823   290039   410117   289763   410279   289319   410903   288839   411233   288527   411617   288227   412067   287933   412133   287849   412193   287549   412619   287057   413033   286763   413417   286469   413579   286199   414053   285827   414467   285377   414779   285113   283133   479147   296909   467297   109397   441443   341303
   341273   441479   109379   467399   296843   415109   200657   499397   200513   499523   200357   499853   200063   499973   199853   500333   199637   500483   199487   500603   199313   500957   198977   501077   198833   501287   198689   501383   198503   501593   198347   501827   197963   502079   197759   502409   197507   502553   197159   502883   197033   503003   196799   196709   654743   284897   403163   232607   590627   258527   358733
   358979   258449   590753   232499   403253   284819   503267    65357   634679    65213   634859    65063   634979    65003   635087    64667   635507    64439   635603    64157   635939    64037   636149    63743   636287    63647   636407    63533   636533    63467   636563    63353   636809    63059   637067    62927   637283    62687   637379    62597   637499    62477   651809   334247   196739   415187   296753   467507   109253   441557   341027
   340979   441563   109139   467549   296507   415517   196583   637709   182549   517469   182519   517553   182417   517619   182129   517949   181757   518387   181409   518729   181199   518813   180779   519257   180647   519383   180497   519587   179939   520103   179813   520313   179657   520427   179573   520649   179327   520763   178853   521309   178643   521879   348209    62297   503423   284489   403499   232457   590867   258443   359027
   359069   258437   591089   232109   403757   284483   503483    62219   521393   245033   455219   244667   455513   244403   455627   244217   455849   243857   456167   243239   456809   242867   457277   242639   457403   242453   457559   242399   457697   242093   458027   241883   458327   241643   458543   241343   458669   241259   458879   241049   459047   348443   178613   637787   196523   415523   296249   467897   108917   441569   340937
   340877   441887   108893   467903   296129   415559   196187   637817   178559   458993   225989   474029   225809   474437   225509   474503   225347   474707   225227   474839   225149   474917   225023   475037   224897   475289   224603   475427   224423   475679   224309   475877   224033   476087   223823   476249   223637   476429   223529   476753   348527   241013   521447    62189   503819   284447   403877   232103   591113   258119   359129
   359147   257987   591137   232079   403889   284429   503963    61703   521519   240893   476513   151817   548363   151607   548453   151517   548753   151169   548843   151049   549503   150497   549533   150383   549683   150299   549719   150239   550139   149837   550289   149627   550427   149399   550757   149069   550973   148913   565517   333713   223493   459113   178487   638303   196043   415577   296117   467927   108869   442019   340859
   340709   442139   108497   468059   296027   415949   195863   638423   178469   459209   223403   551339    30137   669887    30059   670139    29789   670343    29429   670583    29387   670673    29243   670853    29129   671189    28703   671357    28403   671717    28277   671777    27947   672227    27689   672557    27239   685679   335669   148667   476603   240797   521537    61583   504143   284057   403979   231947   591509   257867   359297
   359357   257687   591659   231893   404489   283859   504197    61553   521567   240623   476639   148517   672827   138059   562007   137723   562307   137597   562439   137399   562613   137303   563117   136649   563447   136463   563663   136193   564359   135599   564617   135353   564797   135089   564989   134669   578117   335507    27179   551489   223367   459383   178439   638453   195809   416147   295517   468113   108347   442319   340649
   340169   442367   108263   468473   295313   416243   195737   638459   178403   459749   223247   551549    27143   565589   202343   497729   202049   498053   201797   498557   201359   498803   200867   499283   193133   506963   193013   507029   192887   507329   192407   507743   192053   508037   191903   527399   329333   134417   672863   148457   476759   240257   521603    61547   504269   283763   404693   231533   591743   257639   359837
   360167   257519   591827   231479   404819   283607   504479    61343   521657   240203   477149   148193   673019   134369   508223   189239   510989   188843   511703   188249   511859   187469   512543   187433   512597   187349   512843   186959   513059   186869   513353   186587   513767   186107   185993   676253   191783   565637    26987   551813   222857   459803   178349   638663   195527   416399   295187   468527   108179   442487   339839
   339413   442517   107873   468647   295037   416543   195479   638999   178187   460073   222713   551849    26849   565667   191747   514049   116867   583367   116537   583523   116387   583727   116273   583997   115979   584153   115823   584249   115727   584393   115589   584663   115133   601487   332183   185957   508259   134339   673157   148157   477293   239933   521819    61007   504527   283463   404969   231359   592133   257489   360593
   360749   257189   592139   231323   405347   282917   504563    60953   521903   239879   477359   148079   673193   134219   508349   185903   596009     7607   692423     7547   692753     7079   692963     6917   693137     6857   693179     6689   693353     6569   693533     6329   351653   691463   103997   514103   191657   565787    26813   551927   222647   460127   178103   639053   195443   417089   294659   468683   107867   442817   339257
   339137   442829   107717   468737   294509   417173   195413   639083   177893   460157   222329   551933    26783   565793   191507   514187   103979   693683    97973   602039    97919   602333    97553   602543    97379   602999    96857   603209    96779   603257    96443   618269   334493     6323   596027   185819   508499   134213   673223   148073   477677   239849   522113    60923   504593   282833   405497   231269   592289   257177   360869
   361013   256967   592307   231107   405527   282767   504599    60869   522167   239633   477809   147977   673247   134087   508709   185693   596093     6317   603947   164987   535169   164477   535697   164279   535757   164147   535967   163859   536273   163307   569417   316703    96059   693689   103913   514313   191297   565919    26759   552029   222197   460373   177839   639137   195407   417239   294479   468899   107699   443039   338993
   338669   443117   107357   468953   294347   417293   195389   639269   177623   460409   222149   552179    26693   565973   191189   514523   103889   693809    96017   537413   161309   538739   160997   539039   160877   539267   160697   539507   160373   560639   328589   162593   603989     6197   596117   185483   508817   134033   673313   147827   477857   239597   522383    60737   504617   282713   405659   231053   592649   256889   361337
   361433   256877   592727   230969   405689   282389   504677    60443   522623   239543   477899   147743   673613   133949   508973   185477   596363     5987   604223   162419   539639    87623   612497    87293   612923    86993   613163    86837   634079   328619   160367   537587    95783   694019   103643   514529   191033   566057    26393   552263   222107   460463   177383   639563   195329   417617   294317   469037   107279   443129   338573
   338543   443249   107243   469439   294179   417623   195077   639689   177347   460589   222059   552317    26387   566273   190979   514637   103583   694079    95747   537743   160343   613253   332447   367613   332273   367889   331907   328109   389783    86753   539663   162263   604259     5927   596423   185369   509027   133733   673619   147689   477947   239417   522659    60317   504929   282383   405827   230567   592763   256757   361463
   361637   256643   592973   230393   405857   282287   504953    60293   522737   239387   477977   147347   673649   133439   509297   185363   596789     5813   604613   162257   539687    86579   368117    84449   615599    84389   631859   333719   331889   613427   160319   537749    95393   694193   103217   514643   190709   566567    26357   552659   222029   460619   177269   639713   195053   417719   294149   469613   107033   443363   338369
   338279   443489   106823   469649   294059   417839   195023   639839   177257   460673   221849   552707    26339   566723   190613   514739   103079   694223    95279   538049   160163   613607   331553   615743   153743   575579   320687    84263   368453    86399   539843   161957   604727     5783   596927   185267   509393   133283   673667   147299   478157   239333   522749    60167   504983   282167   405947   230357   593183   256517   361727
   361769   256169   593387   230213   406403   282143   505073    60149   522839   239297   478199   147197   673769   132953   509429   185183   596963     5693   604733   161879   540149    86369   368729   615827   516947   350003   183059    84179   331277   613637   159857   538127    95273   694313   103043   514823   190577   567053    26237   552809   221807   460709   177167   639857   194933   417863   293603   469793   106619   443837   338237
   338213   443873   106487   470207   293507   417947   194867   640007   176699   472133   221747   552899    26189   567059   190529   514853   102953   694349    95219   538199   159839   613763   372269    67709   379319   124427   546263   632297   327737    86243   540167   161807   604787     5657   597053   185153   509477   132947   673817   147107   478259   227873   523307    59999   505139   282059   406499   229799   593519   256133   361793
   361799   256019   593573   229763   406547   282053   505187    59957   523433   227537   478403   147089   674117   132863   509603   185057   597209     5639   604829   161639   540173    79769   366683   366287    84407   615617    68147   615557   333323   620237   159833   538367    95177   694367   102797   514949   190403   567143    25889   552917   221603   472469   176573   640049   194819   417953   293459   470243   106433   443987   338207
   338033   444029   106373   470279   293357   418073   194729   640127   176369   472643   221327   553073    25847   567257   190313   515279   102653   694487    95009   538553   547817   597677   310223   332393   367733   332117   368099   371897   367559   102329   152189   161453   604997     5519   597353   184727   509693   132749   674159   146933   478679   227363   523637    59879   505277   281933   406649   229727   593633   255977   361973
   361979   255917   593903   229703   406859   281927   505283    59747   523673   227207   478787   146777   674273   132623   509723   184649   597419     5483   605117   540989   129497   371387    87509   612713    87083   613013    86843   613169    65927   612383   570509   159017    94889   694523   102587   515357   190283   567383    25733   553229   221219   472799   176333   640259   194723   418079   293147   470303   106103   444089   338027
   337907   444167   106019   470417   293123   418157   194687   640307   176243   472817   221093   553463    25643   567569   190097   515429   102533   694619   605543   122609   371417   161267   539009   160967   539129   160739   539309   160499   539633   139367   538697   577397    94463     5387   597473   184577   509909   132437   674363   146543   478913   227189   523763    59699   505319   281849   406883   229589   593987   255839   362099
   362147   255713   593993   229553   406907   281837   505523    59417   523793   227159   478937   146477   674483   132347   510077   184487   597599   350453    76283   383303   164837   535529   164309   535727   164249   535859   164039   536147   163733   536699   130589   535019   623723   349553   102407   515519   189929   567659    25523   553529   221069   472847   176213   640589   194483   418169   293099   470453   106013   444293   337859
   337793   444347   105983   470597   292517   418199   194087   640613   176159   472859   219983   553583    25469   567719   189437   515597    97367   689267   365513    97967   602087    97673   602453    97463   602627    97007   603149    96797   603227    96749   603563    81737   602033    10739   602639   184409   510569   132287   674537   146423   480023   227147   523847    59393   505919   281807   407489   229409   594023   255659   362213
   362309   255467   594107   229343   407579   281747   505949    59357   523877   226553   480047   146417   674699   132059   510617   530183   570887     8543     7583   692459     7253   692927     7043   693089     6869   693149     6827   693317     6653   693437     6473   693677   348353   692399   129119   169823   189389   567947    25307   553589   219959   473453   176129   640649   194057   418259   292427   470663   105899   444539   337697
   337349   444623   105557   470783   292283   418289   194027   640733   175949   473519   219839   553733    25247   568097   511523   491783   367823   116639   583469   116483   583619   116279   583733   116009   584027   115853   584183   115757   584279   115613   584417   115343   584873    98519   583139   208223   188483   131909   674759   146273   480167   226487   524057    59273   505979   281717   407723   229223   594449   255383   362657
   362693   255329   594569   229139   407783   281669   506147    59159   524087   226409   480209   146249   674837   125207   156119    23753   189017   511163   188303   511757   188147   512537   187463   512573   187409   512657   187163   513047   186947   513137   186653   513419   186239   513899   514013   510767   543887   574799    25169   553757   219797   473597   175919   640847   193859   418337   292223   470867   105437   444677   337313
   337283   444767   105389   471137   292037   418343   193793   640943   175499   473723   219707   554207   675029   555683   370673   202277   497957   201953   498209   201449   498647   201203   499139   200723   506873   193043   506993   192977   507119   192677   507599   192263   507953   191969   508103   172607   497663   144323    24977   145799   480299   226283   524507    59063   506213   281663   407969   228869   594617   255239   362723
   363017   255173   594899   228797   408137   281579   506327    58913   524939   226217   480317   554747     6263   364499   137999   562283   137699   562409   137567   562607   137393   562703   136889   563357   136559   563543   136343   563813   135647   564407   135389   564653   135209   564917   135017   565337   121889   561947   693743   145259   219689   473789   175067   641093   193679   418427   291869   471209   105107   444833   336989
   336887   444869   104933   471299   291833   418667   193649   641279   174989   473999   481379   124337   364337    30119   669947    29867   670217    29663   670577    29423   670619    29333   670763    29153   670877    28817   671303    28649   671603    28289   671729    28229   672059    27779   672317    27449   672767    14327   669869   575669   218627   226007   525017    58727   506357   281339   408173   228707   595073   255137   363119
   363149   255077   595157   228617   408263   281297   506537    58679   525257   474479   213557   366293   151643   548399   151553   548489   151253   548837   151163   548957   150503   549509   150473   549623   150323   549707   150287   549767   149867   550169   149717   550379   149579   550607   149249   550937   149033   551093   134489   548189   486449   225527   174749   641327   193469   418709   291743   471389   104849   444929   336857
   336827   444953   104759   471467   291569   418763   193433   641579   525677   206939   351479   225977   474197   225569   474497   225503   474659   225299   474779   225167   474857   225089   474983   224969   475109   224717   475403   224579   475583   224327   475697   224129   475973   223919   476183   223757   476369   223577   476477   223253   474017   493067   174329    58427   506573   281243   408437   228539   595247   255053   363179
   363317   254987   595277   228257   408497   281207   506843   642899   166973   351563   244787   455339   244493   455603   244379   455789   244157   456149   243839   456767   243197   457139   242729   457367   242603   457553   242447   457607   242309   457913   241979   458123   241679   458363   241463   458663   241337   458747   241127   458957   240959   454973   533033    57107   193163   418799   291509   471749   104729   445019   336689
   336437   445229   104693   471803   291443   418889   511487    36467   351797   182537   517487   182453   517589   182387   517877   182057   518249   181619   518597   181277   518807   181193   519227   180749   519359   180623   519509   180419   520067   179903   520193   179693   520349   179579   520433   179357   520679   179243   521153   178697   521363   178127   517457   663539   188519   281117   408563   228203   595313   254777   363569
   363767   254699   595547   228113   408713   280949   487637   365759    65327   634793    65147   634943    65027   635003    64919   635339    64499   635567    64403   635849    64067   635969    63857   636263    63719   636359    63599   636473    63473   636539    63443   636653    63197   636947    62939   637079    62723   637319    62627   637409    62507   637529    48197   634649   212369   419057   291293   471893   104459   445307   336239
   336059   445799   104393   471929   290999   539837    45263   200609   499493   200483   499649   200153   499943   200033   500153   199673   500369   199523   500519   199403   500693   199049   501029   198929   501173   198719   501317   198623   501503   198413   501659   198179   502043   197927   502247   197597   502499   197453   502847   197123   502973   197003   503207   503297   499349   160169   409007   228077   595613   254207   363947
   363977   254039   595709   473579   508559   220859   290963   409337   290657   409379   290489   409817   290183   409967   289889   410243   289727   410687   289103   411167   288773   411479   288389   411779   287939   412073   287873   412157   287813   412457   287387   412949   286973   413243   286589   413537   286427   413807   285953   414179   285539   414629   285227   414893   416873   408719   191447   226427   104297   445967   336029
   335879   446003   599537   448829   241817   302579   397433   302513   397547   302417   398063   301877   398213   301703   398357   301583   398543   301247   398933   300869   399149   300809   399227   300743   399689   300119   399983   300017   400199   299699   400559   299363   400859   299063   401069   298589   401957   298013   402053   297809   402299   297623   402503   297083   403037   407639   397283   251177   100469   254003   364127
   364193   252323    77513   118673   239069   460979   238859   461297   238673   461507   238397   461693   238163   462149   237767   462443   237287   462773   237179   462863   237053   463283   236573   463457   236219   463919   235877   464213   235679   464447   235523   464699   235043   464993   235007   465089   234833   465293   234599   465419   234197   465917   234029   466247   233489   466649   467699   460919   622493   447683   335813
   334379   619967   364883   115013   585317   114593   585587   114329   585737   114167   585863   114089   586037   113933   586349   113513   586589   113327   586793   113027   587087   112787   587417   112577   587603   112337   587753   112019   588113   111833   588239   111659   588383   111497   588683   111269   588743   111227   588953   111029   589187   110597   589439   110477   589877   109883   590489    96959   584879    80039   365627
   372179   169709   264749   435263   264443   435569   264359   435653   264167   435893   264083   435947   263909   436157   263723   436439   263399   436739   262853   437273   262649   437363   262313   437753   262187   437867   261977   438047   261773   438419   261563   438989   260999   439133   260849   439199   260753   439289   260543   439667   260207   440039   259829   440183   259667   440507   259157   440987   442733   435179   327827
   334637   347957   352073   347873   352193   347513   352907   347057   352973   346553   353459   346439   353657   346259   353783   346187   353867   346043   354257   345689   354533   345329   354743   345227   355037   344957   355463   344363   355679   344243   355799   344153   355967   343913   356219   343313   356933   343037   357107   342659   357353   342647   357437   342497   357593   342347   357767   342197   358079   360257   351929
