   347099   352949   347033   353453   346547   353567   346349   353747   346223   353819   346139   353963   345749   354317   345473   354677   345263   354779   344969   355049   344543   355643   344327   355763   344207   355853   344039   356093   343787   356693   343073   356969   342899   357347   342653   357359   342569   357509   342413   357659   342239   357809   341927   358229   341729   358499   341339   358703   341273   320027   385817
   358979   264353   435839   264113   435923   264059   436097   263849   436283   263567   436607   263267   437153   262733   437357   262643   437693   262253   437819   262139   438029   261959   438233   261587   438443   261017   439007   260873   439157   260807   439253   260717   439463   260339   439799   259967   440177   259823   440339   259499   440849   259019   441029   258827   441263   258563   441479   258449   250307   538127   341027
   340979   441563   114269   585839   114143   585917   113969   586073   113657   586493   113417   586679   113213   586979   112919   587219   112589   587429   112403   587669   112253   587987   111893   588173   111767   588347   111623   588509   111323   588737   111263   588779   111053   588977   110819   589409   110567   589529   110129   590123   109517   590537   109433   590609   109379   590753   109139   604259   334379   258443   359027
   359069   258437   591089   238499   461609   238313   461843   237857   462239   237563   462719   237233   462827   237143   462953   236723   463433   236549   463787   236087   464129   235793   464327   235559   464483   235307   464963   235013   464999   234917   465173   234713   465407   234587   465809   234089   465977   233759   466517   233357   467183   232709   467399   232499   467549   232307   485567   328667   108917   441569   340937
   340877   441887   108893   467897   301943   398129   301793   398303   301649   398423   301463   398759   301073   399137   300857   399197   300779   399263   300317   399887   300023   399989   299807   400307   299447   400643   299147   400943   298937   401417   298049   401993   297953   402197   297707   402383   297503   402923   296969   403097   296843   403253   296507   403757   296129   277637   473597   232109   591113   258119   359129
   359147   257987   591137   232103   403889   290627   409517   290189   409823   290039   410243   289727   410687   289103   411167   288773   411479   288389   411779   287939   412073   287873   412157   287813   412457   287387   412949   286973   413243   286589   413537   286427   413807   285953   414179   285539   414629   285227   414893   284897   415187   284489   415523   284447   283607   478787   296117   467903   108869   442019   340859
   340709   442139   108497   467927   296027   415577   200063   499973   199853   500333   199637   500483   199487   500603   199313   500957   198977   501077   198833   501287   198689   501383   198503   501593   198347   501827   197963   502079   197759   502409   197507   502553   197159   502883   197033   503003   196799   503267   196709   503483   196187   503963   195863   193793   658487   284429   403979   232079   591509   257867   359297
   359357   257687   591659   231947   404489   284057   504197    65027   635003    64919   635339    64499   635567    64403   635849    64067   635969    63857   636263    63719   636359    63599   636473    63473   636539    63443   636653    63197   636947    62939   637079    62723   637319    62627   637409    62507   637529    62297   637787    62189   638303    61583   652727   333929   195809   415949   295517   468059   108347   442319   340649
   340169   442367   108263   468113   295313   416147   195737   638453   182387   517877   182057   518249   181619   518597   181277   518807   181193   519227   180749   519359   180623   519509   180419   520067   179903   520193   179693   520349   179579   520433   179357   520679   179243   521153   178697   521363   178613   521447   178487   521537   178439   173807   695117    61553   504269   283859   404693   231893   591743   257639   359837
   360167   257519   591827   231533   404819   283763   504479    61547   521603   244403   455627   244217   455849   243857   456167   243239   456809   242867   457277   242639   457403   242453   457559   242399   457697   242093   458027   241883   458189   241679   458363   241463   458663   241337   458747   241127   458957   241013   459047   240893   459749   348407   178403   638459   195527   416243   295187   468473   108179   442487   339839
   339749   442517   107873   468527   295037   416543   195479   638663   178349   459209   225569   474479   225509   474503   225347   474707   225227   474839   225149   474917   225023   475037   224897   475289   224603   475427   224423   475679   224309   475877   224033   476087   223823   476249   223637   476429   223529   476513   223403   476753   348827   240797   521657    61343   504527   283463   404969   231479   592133   257489   360257
   360593   257273   592139   231359   405347   283133   504563    61007   521819   240623   476639   151253   548837   151163   548957   150503   549509   150473   549623   150323   549707   150287   549767   149867   550169   149717   550379   149579   550607   149249   550937   149033   551093   148667   551489   148457   551813   148157   552029   348443   223367   459383   178187   638999   195443   416873   294659   468647   107867   442733   339413
   339257   442817   107717   468683   294509   417089   195413   639053   178127   459803   223247   551927    29867   670217    29663   670577    29423   670619    29333   670763    29153   670877    28817   671303    28649   671603    28289   671729    28229   672059    27779   672317    27449   672767    27179   672863    26987   673613   347957   148079   476759   240203   521879    60953   504593   282917   405497   231323   592289   257189   360749
   360869   257177   592307   231269   405527   282833   504599    60923   521903   239933   477149   148073   673157   137399   562613   137303   563117   136649   563447   136463   563663   136193   564359   135599   564617   135353   564797   135089   564989   134669   565517   134417   565637   134339   565787   134213   565973   347873    26849   551933   222857   460073   178103   639083   195407   417173   294479   468737   107699   442829   339137
   338993   443039   107357   468899   294347   417239   195389   639137   177893   460127   222713   552179    26813   565919   201449   498647   201203   499139   200723   499349   200609   499493   200483   499649   200153   507743   192053   508037   191903   508223   191657   508499   191447   508709   191189   184409   665303   134087   673193   147827   477293   239879   522113    60869   504617   282767   405659   231107   592649   256967   361013
   361337   256889   592727   231053   405689   282713   504677    60737   522167   239849   477359   147743   673223   133949   508973   188249   512537   187463   512573   187409   512657   187163   513047   186947   513137   186587   513767   186107   514013   185957   514103   185819   514313   185483   184133   678599   191033   566057    26783   552263   222647   460157   177839   639269   195329   417293   294317   468953   107279   443117   338669
   338573   443129   107243   469037   294179   417617   195077   639563   177623   460373   222329   552317    26759   566273   190979   514529   116387   583727   116273   583997   115979   584153   115823   584249   115727   584393   115589   584663   115133   584879   115013   585317   114593   599153   335009   185477   509027   133733   673247   147689   477677   239633   522383    60443   504929   282389   405827   230969   592763   256877   361433
   361463   256757   592973   230567   405857   282383   504953    60317   522623   239597   477809   147347   673313   133439   509297   185369   585587     7043   693089     6869   693149     6827   693317     6653   693437     6473   693677     6323   693689     6263   693809     5987   694919   348527   114419   514637   190709   566567    26693   552659   222197   460409   177383   639689   195053   417623   294149   469439   107033   443249   338543
   338369   443363   106823   469613   294059   417719   195023   639713   177347   460463   222149   552707    26387   566723   190613   514643   114329   694079    97367   602999    96959   603149    96797   603227    96749   603563    96059   603989    95783   604613    95279   620813   332699     5927   585677   185363   509393   133283   673619   147299   477857   239543   522659    60293   504983   282287   405947   230393   593183   256643   361637
   361727   256517   593387   230357   406403   282167   505073    60167   522737   239417   477899   147197   673649   132947   509429   185267   596789     5813   604733   164039   536147   163733   536699   162593   537587   162263   537749   161957   538199   161639   559367   328067    95273   694193   103217   514739   190577   567059    26357   552809   222107   460589   177269   639839   194933   417839   293603   469649   106619   443489   338279
   338237   443837   106487   469793   293507   417863   194867   639857   177257   460619   222059   552899    26339   567143   190529   514823   103079   694223    95219   538553   160373   539639   160343   539687   160169   539843   159857   540173   159773   540383   349793   161453   604787     5783   596927   185183   509477   132863   673667   147107   477947   239387   522749    60149   505139   282143   406499   230213   593519   256169   361769
   361793   256133   593573   229799   406547   282059   505187    59999   522839   239333   477977   147089   673769   132749   509603   185153   596963     5693   604829   161309   540269    86843   613169    86753   613427    86399   613637    86243   615137   348419   159737   538697    95177   694313   103043   514853   190403   567257    26237   552917   222029   460673   177167   640007   194819   417947   293459   470207   106433   443873   338213
   338207   443987   106373   470243   293357   417953   194729   640049   176699   460709   221849   553073    26189   567383   190313   514949   102953   694349    95009   538739   159629   613889   331889   368453   331277   368789   330983   330653   387977    86117   540377   161267   604997     5657   597053   185057   509693   132623   673817   146933   478157   239297   523307    59957   505277   282053   406649   229763   593633   256019   361799
   361973   255977   593903   229727   406859   281933   505283    59879   523433   239087   478199   146777   674117   132437   509723   184727   597209     5639   605117   160997   540389    85853   369119    83903   616229    83717   631529   334637   330887   614153   159617   539009    94889   694367   102797   515279   190283   567569    25889   553229   221807   460919   176573   640127   194723   418073   293147   470279   106103   444029   338033
   338027   444089   106019   470303   293123   418079   194687   640259   176369   460937   221747   553463    25847   567659   190097   515357   102653   694487    94613   539039   159569   614177   330587   616367   153953   561809   334247    83639   369419    85829   540437   160967   605393     5519   597353   184649   509909   132347   674159   146543   478259   239069   523637    59747   505319   281927   406883   229703   593987   255917   361979
   362099   255839   593993   229589   406907   281849   505523    59699   523673   239027   478403   146477   674273   132287   510077   184577   597419     5483   605477   160877   540599    85619   369647   616829   530297   350003   169709    83177   330359   614387   159407   539129    94529   694523   102587   515429   189929   567719    25733   553529   221603   460979   176333   640307   194483   418157   293099   470417   106013   444167   337907
   337859   444293   105983   470453   292517   418169   194087   640589   176243   461147   221327   553583    25643   567947   189437   515519   102533   694619    94463   539267   159293   614483   314807    67547   365759   138197   546053   632459   385199    85523   540713   160739   605543     5387   597473   184487   510569   132059   674363   146423   478679   238859   523763    59417   505919   281837   407489   229553   594023   255713   362147
   362213   255659   594107   229409   407579   281807   505949    59393   523793   238709   478913   146417   674483   131909   510617   184013   597599     5009   605573   160697   540773    85313   421943   365369    83777   616289    68477   616103   278063   614693   159233   539309    94433   694997   102407   515993   189389   568097    25523   553589   221093   461297   176213   640613   194057   418199   292427   470597   105899   444347   337793
   337697   444539   105557   470663   292367   418259   194027   640649   176159   461333   221069   553733    25469   568367   189239   516209   102329   695003    94397   539507   542207   612263   312029   331553   368729   331217   369023   369353   368117    87743   157799   160499   605609     5003   597677   183797   510767   131639   674537   146273   478937   238673   523847    59357   505979   281747   407639   229343   594449   255467   362309
   362657   255383   594569   229223   407723   281717   506147    59273   523877   227159   479147   146249   674699   131363   510989   183713   597689     4937   605837   157523   156719   351587    86837   613253    86579   613607    86369   613763    84869   613163   543287   542483    94169   695069   102317   516293   189017   568643    25307   553757   220859   472847   176129   640733   193859   418289   292283   470783   105437   444623   337349
   337313   444677   105389   470867   292223   418337   193679   640847   175949   472859   219983   554207    25247   568709   188843   516323   102203   695087   606587   517553   350213   160367   539663   160319   539837   160163   540149   159833   540233   159623   539633   182453    93419     4919   597803   183683   511163   131297   674759   145799   480023   227147   524057    59159   506327   281669   407783   229139   594617   255329   362693
   362723   255239   594899   228869   407969   281663   506357    59063   524087   226553   480047   145703   674837   131129   511487   183569   597899   696659    73517   371939   163859   536273   163307   537413   162419   537743   162257   538049   161807   538367   140639   535967   626489     3347   102107   516437   188519   568877    25169   554303   219959   473453   175919   640943   193649   418343   292037   471137   105107   444767   337283
   336989   444833   104933   471209   291869   418427   193469   641093   175499   473519   219839   554417    25127   569189   188483   516617   100403      449   367307    97007   603047    96857   603209    96779   603257    96443   603947    96017   604223    95393   604727    79193   602639   699557   599603   183389   511523   130817   674879   145589   480167   226487   524507    58913   506537   281579   408137   228797   595073   255173   363017
   363119   255137   595157   228707   408173   281339   506573    58727   524939   226427   480209   145433   675029   130769   511703   527453   571037   351479     6917   693137     6857   693179     6689   693353     6569   693533     6329   693683     6317   693743     6197   694019     5087   692963   128969   172553   188303   569237    24977   554573   219797   473579   175067   641279   193433   418667   291833   471299   104849   444869   336887
   336857   444929   104759   471389   291743   418709   193163   641327   174989   473723   219707   554699    24923   569417   511859   497597   364997   116279   583733   116009   584027   115853   584183   115757   584279   115613   584417   115343   584873   115127   584993   114689   585413   100853   583619   202409   188147   130589   675083   145307   480299   226283   525017    58679   506843   281297   408263   228617   595247   255077   363149
   363179   255053   595277   228539   408437   281243   506873    58427   525257   226007   480317   145259   675197   576299   491627    21407   187469   512543   187433   512597   187349   512843   186959   513059   186869   513419   186239   513899   185993   514049   185903   514187   185693   514523   515873   511757   208379   123707    24809   554747   219689   473999   174749   641579   193133   418763   291569   471467   104729   444953   336827
   336689   445019   104693   471749   291509   418799   193043   641639   174413   474017   219677   554753   675347   116537    34703   201359   498803   200867   499283   200657   499397   200513   499523   200357   499853   192263   507953   191969   508103   191783   508349   191507   508559   191297   508817   515597   498557   583469    24659   145253   480329   225989   525593    58367   506963   281207   408497   228257   595313   254987   363317
   363569   254777   595547   228203   408563   281117   506993    58217   525599   225977   480419   560597    18329   352133   137393   562703   136889   563357   136559   563543   136343   563813   135647   564407   135389   564653   135209   564917   135017   565337   134489   565589   134369   565667   134219   565793   134033   562607   681677   139409   219587   474029   174407   641789   193013   418889   291443   471803   104459   445229   336437
   336239   445307   104393   471893   291293   419057   192977   641813   174329   474197   484067   132953   352049    29789   670343    29429   670583    29387   670673    29243   670853    29129   671189    28703   671357    28403   671717    28277   671777    27947   672227    27689   672557    27239   672827    27143   673019    26393   670139   567053   215939   225809   525677    58193   507029   280949   408713   228113   595613   254699   363767
   363947   254207   595709   228077   408719   280859   507119    58109   525809   482837   211097   351563   151169   548843   151049   549503   150497   549533   150383   549683   150299   549719   150239   550139   149837   550289   149627   550427   149399   550757   149069   550973   148913   551339   148517   551549   148193   551849   147977   548753   488909   217169   174197   641897   192887   419147   291287   471929   104297   445799   336059
   336029   445967   103997   472133   290999   419189   192677   642197   526073   210527   351179   225527   474497   225503   474659   225299   474779   225167   474857   225089   474983   224969   475109   224717   475403   224579   475583   224327   475697   224129   475973   223919   476183   223757   476369   223577   476477   223493   476603   223253   474437   489479   173933    57809   507329   280817   409007   227873   596009   254039   363977
   364127   254003   596027   227537   409043   280703   507599    57269   513353   351599   244379   455789   244157   456149   243839   456767   243197   457139   242729   457367   242603   457553   242447   457607   242309   457913   241979   458123   241817   458327   241643   458543   241343   458669   241259   458879   241049   458993   240959   459113   240257   455603   186653   642737   192407   419303   290963   472469   103979   446003   335879
   335813   446087   103913   472643   290669   419417   508259   621353     4889   182129   517949   181757   518387   181409   518729   181199   518813   180779   519257   180647   519383   180497   519587   179939   520103   179813   520313   179657   520427   179573   520649   179327   520763   178853   521309   178643   521393   178559   521519   178469   521567   526199   517619    78653   191747   280589   409337   227363   596093   253919   364193
   364313   253733   596117   227207   409349   280583   494609   366077    65003   635087    64667   635507    64439   635603    64157   635939    64037   636149    63743   636287    63647   636407    63533   636533    63467   636563    63353   636809    63059   637067    62927   637283    62687   637379    62597   637499    62477   637709    62219   637817    61703   638423    47279   634979   205397   419423   290657   472799   103889   446273   335693
   335669   446399   103643   472817   289889   540167    41519   200033   500153   199673   500369   199523   500519   199403   500693   199049   501029   198929   501173   198719   501317   198623   501503   198413   501659   198179   502043   197927   502247   197597   502499   197453   502847   197123   502973   197003   503207   196739   503297   196523   503819   196043   504143   506213   499943   159839   410117   227189   596363   253607   364337
   364373   253349   596423   473789   525353   221219   290489   409817   290183   409967   289763   410279   289319   410903   288839   411233   288527   411617   288227   412067   287933   412133   287849   412193   287549   412619   287057   413033   286763   413417   286469   413579   286199   414053   285827   414467   285377   414779   285113   415109   284819   415517   284483   415559   416399   409379   174653   226217   103583   446657   335633
   335507   446759   601487   196583   226409   301877   398213   301703   398357   301583   398543   301247   398933   300869   399149   300809   399227   300743   399689   300119   399983   300017   400199   299699   400559   299363   400859   299063   401069   298589   401957   298013   402053   297809   402299   297623   402503   297083   403037   296909   403163   296753   403499   296249   403877   422369   398063   503423    98519   253247   364499
   364883   449153    75407   371339   238397   461693   238163   462149   237767   462443   237287   462773   237179   462863   237053   463283   236573   463457   236219   463919   235877   464213   235679   464447   235523   464699   235043   464993   235007   465089   234833   465293   234599   465419   234197   465917   234029   466247   233489   466649   232823   467297   232607   467507   232457   467699   214439   461507   624599   250853   335123
   334493   430487   365627   114167   585863   114089   586037   113933   586349   113513   586589   113327   586793   113027   587087   112787   587417   112577   587603   112337   587753   112019   588113   111833   588239   111659   588383   111497   588683   111269   588743   111227   588953   111029   589187   110597   589439   110477   589877   109883   590489   109469   590573   109397   590627   109253   590867    95747   585737   269519   365513
   391889   161879   264167   435893   264083   435947   263909   436157   263723   436439   263399   436739   262853   437273   262649   437363   262313   437753   262187   437867   261977   438047   261773   438419   261563   438989   260999   439133   260849   439199   260753   439289   260543   439667   260207   440039   259829   440183   259667   440507   259157   440987   258977   441179   258743   441443   258527   441557   449699   435653   308117
   314189   347057   352973   346553   353459   346439   353657   346259   353783   346187   353867   346043   354257   345689   354533   345329   354743   345227   355037   344957   355463   344363   355679   344243   355799   344153   355967   343913   356219   343313   356933   343037   357107   342659   357353   342647   357437   342497   357593   342347   357767   342197   358079   341777   358277   341507   358667   341303   358733   379979   352907
