    34217   666143    33773   666437    33479   666647    33149   666983    32993   667019    32579   667577    32363   667697    32237   667817    32057   668033    31847   668609    31319   668699    31259   668813    31139   669023    30977   669113    30839   669329    30593   669659    30137   669887    30059   670139    29789   670343    29429   670583    29387   670673    29243   670853    29129   671189    28703   671357    28403   679859   338573
   671717   308723   391367   308519   391679   308249   391889   307919   392423   307529   392669   307283   392837   307079   393059   306749   393299   306533   393587   306377   393677   306209   393857   306029   394007   305933   394157   305783   394367   305597   394523   305477   394637   305363   394739   305219   395027   304937   395159   304763   395453   304349   396203   303767   396293   303683   396413   303497   396713   346547    28289
    28277   396533   159233   540779   159017   541097   158657   541439   158537   541577   158393   541763   158189   542117   157823   542207   157769   542447   157523   542579   157259   542873   157019   542999   156719   543299   156623   543539   156347   543887   155783   544259   155087   544937   155027   545063   154619   545483   154247   545933   154067   546053   153743   546317   153437   546599   153287   549533   344957   303473   671729
   671777   303377   546869   281837   418259   281717   418337   281663   418427   281339   418709   281243   418799   281117   419057   280859   419189   280703   419417   280583   419459   280409   419753   280229   420029   279857   420317   279413   420599   279329   420737   279203   420977   278903   421163   278609   421517   278363   421727   278063   422087   277757   422363   277637   422459   277247   276707   493967   153137   396629    28229
    27947   396719   153113   422789   347957   352073   347873   352193   347513   352907   347057   352973   346553   353567   346349   353747   346223   353819   346139   353963   345749   354317   345473   354677   345263   354779   344969   355463   344363   355679   344243   355799   344153   355967   343913   356219   343313   356933   343037   357107   342659   357353   342647   357437   342497   342197   363017   277217   546893   303287   672059
   672227   303119   546947   276953   357593   337283   363119   336857   363179   336689   363569   336239   363947   336029   364127   335813   364313   335669   364373   335507   364883   335009   365129   334793   365369   334493   365627   334247   366077   333779   366287   333713   366383   333539   366683   333023   367019   332729   367307   332447   367613   332273   367823   332117   310559   404489   342413   423053   153059   396887    27779
    27689   396953   152909   423173   342347   368099   243857   456167   243239   456809   242867   457277   242639   457403   242453   457559   242399   457697   242093   458027   241883   458189   241679   458363   241463   458663   241337   458747   241127   458957   241013   459047   240893   459209   240623   459749   240203   460073   239879   460157   239633   460409   239543   234089   574703   331907   357659   276833   547097   303053   672317
   672557   302969   547223   276827   357767   331889   460589   107357   592727   107243   592973   106823   593387   106487   593573   106373   593903   106019   593993   105983   594107   105557   594569   105389   594899   104933   595157   104759   595277   104693   595547   104393   595709   103997   596027   103913   596117   103643   596423   103217   596927   103043   621017   323957   239417   368117   342239   423179   152783   397037    27449
    27239   397259   152777   423413   341927   368453   239387   597053   224579   475583   224327   475697   224129   475973   223919   476183   223757   476369   223577   476477   223493   476603   223367   476753   223247   477149   222713   477359   222329   477809   222149   477899   222059   477977   221849   478199   221747   478403   221327   478787   221093   479147   348077   102953   460619   331553   358079   276593   547229   302747   672767
   672827   302723   547487   276503   358229   331277   460673   102797   478937   287939   412073   287873   412157   287813   412457   287387   412949   286973   413243   286589   413537   286427   413807   285953   414179   285539   414629   285227   414893   284897   415187   284489   415523   284447   415577   284057   416147   283763   416399   283463   272093   492413   221069   597209   239333   368729   341777   423503   152519   397283    27179
    27143   397427   152429   423557   341729   368789   239297   597353   219983   416873   271367   428843   270923   429413   270539   429497   270443   429599   270329   429683   270287   429797   269987   430343   269579   430487   269237   430823   269057   431363   268637   431399   268493   431567   268403   431663   268199   431993   267863   266927   513353   283133   480023   102653   460709   331217   358277   276449   547577   302579   672863
   673019   302573   547583   276389   358499   330983   460919   102587   480047   282917   432149   196043   504143   195809   504269   195527   504527   195443   504593   195407   504617   195329   504929   195053   504983   194933   505139   194819   505277   194723   505319   194483   505919   194057   505979   193859   506213   193679   193469   661547   267857   417089   219959   597419   239087   369023   341507   423617   152423   397433    26987
    26849   397493   152363   423713   341339   369119   239069   597473   219839   417173   267803   506357    69809   630353    69539   630689    69203   630863    68993   631187    68777   631307    68597   631529    68447   631859    67883   632153    67733   632297    67679   632447    67547   632483    67307   632717    66809   655727   326147   193649   432203   282833   480167   102533   460937   330887   358667   276293   547643   302513   673157
   673193   302459   547709   276257   358703   330653   460979   102407   480209   282767   432287   193433   633209   182639   517403   182549   517469   182519   517553   182417   517619   182129   517949   181757   518387   181409   518729   181199   518813   180779   519257   180647   519383   180497   519587   179939   520103   349343    66797   506573   267719   417239   219797   597599   239027   369353   341303   423749   152297   397547    26813
    26783   397589   152219   423869   341273   369419   238859   597677   219707   417293   267647   506843    66749   520193   245753   454379   245183   454919   245039   454973   244787   455339   244493   455603   244379   455789   244157   464999   234917   465173   234599   465419   234197   465977   233759   231947   574289   179813   633257   193163   432359   282713   480299   102329   461147   330587   358733   276137   547787   302417   673223
   673247   301943   547817   275999   358979   330359   461297   102317   480317   282389   432413   193133   633377   179693   466517   230969   469439   230393   469649   230213   470207   229763   470279   229703   470417   229553   470597   229343   470783   229139   471137   228797   471299   228617   228257   591509   233489   520313    66629   506873   267593   417617   219689   597689   238709   369647   341027   424007   152189   398063    26759
    26693   398129   152183   424019   340979   369659   238673   597803   219677   417623   267569   506963    66533   520349   233357   471467   160697   539507   160373   539639   160343   539687   160169   539843   159857   540167   159833   540233   159737   540377   159623   540389   159569   563357   326657   228539   466649   179657   633473   193043   432437   282383   480329   102203   461333   330347   359027   275987   547823   301877   673313
   673613   301793   548003   275969   359069   330047   461507   102107   480419   282287   432449   193013   633497   179579   467183   228113   540599    45497   654593    45377   654743    45179   654923    44963   655229    44633   655649    44249   655847    44123   656063    43853   656603   348527   159407   471893   232823   520427    66509   506993   267557   417719   219587   597899   238499   369959   340937   424037   152003   398213    26393
    26387   398303   151967   424169   340877   370133   238397   597929   219503   417839   267479   507029    66383   520433   232709   471929   159293   656429   142217   558203   141719   558497   141443   558827   140939   559277   140663   559367   140477   559583   140339   582887   325607    43577   540713   228077   467297   179573   633623   192977   432527   282167   480503   102077   461609   329873   359129   275837   548039   301703   673619
   673649   301649   548069   275783   359147   329789   461693   101999   480569   282143   432587   192887   633629   179357   467399   227873   551093    43487   559673   207629   492563   207377   492719   207113   493013   206939   493109   206879   493193   206603   206543   636359   140333   656519   148913   472133   232607   520649    66377   507119   267419   417863   219437   598007   238313   370217   340859   424223   151937   398357    26357
    26339   398423   151883   424433   340709   370613   238163   598049   219293   417947   267017   507329    66239   520679   232499   472469   148667   656609   140297   493523   205487   494609   205319   494699   205223   494849   205133   494903   204887   200867   644057   206483   559709    43397   551339   227537   467507   179327   633767   192677   432989   282059   480713   101957   461843   329393   359297   275573   548123   301583   673667
   673769   301463   548189   275459   359357   329387   462149   101879   480989   282053   433049   192407   633833   179243   467549   227363   551489    43319   559799   206273   495149   129959   570113   129593   570419   129539   570497   129497   602033   318377   204857   493733   140207   656687   148517   472643   232457   520763    66173   507599   266957   417953   219017   598127   237857   370619   340649   424547   151817   398543    26237
    26189   398759   151643   424559   340169   370673   237767   598379   218963   418073   266933   507743    66083   521153   232307   472799   148457   656783   140123   493853   204557   570587    22193   677927    21929   678203    21599   679127   349043   129419   495449   206153   559883    43223   551549   227207   467699   178853   633923   192263   433073   281933   481043   101627   462239   329333   359837   275447   548363   301247   673817
   674117   301073   548399   275339   360167   329123   462443   101363   481133   281927   433319   192053   634013   178697   467897   227189   551813    43067   560039   206069   495563   129347   678437   127163   572867   127103   572969   349913    21569   570659   204443   493937   139967   656939   148193   472817   232109   521309    65993   507953   266687   418079   218873   598643   237563   370883   339839   424667   151607   398933    25889
    25847   399137   151553   424967   339749   371087   237287   598727   218849   418157   266633   508037    65927   521363   232103   472847   148157   656993   139883   493973   204437   570719    21407   572927   200063   592307   257639   127079   678599   129287   495569   206033   560123    43013   551849   227159   467903   178643   634079   191969   433373   281849   481157   101279   462719   328919   360257   275039   548453   300869   674159
   674273   300857   548489   275003   360593   328829   462773   101207   481379   272933   433673   191903   634169   178613   467927   227147   551927    42989   560297   206027   495629   129263   678659   574913   407579   350003   292427   125093    21347   570743   204377   493979   139709   657017   148079   472859   232079   521393    65837   508103   266333   427073   218627   598799   237233   371177   339413   425003   151517   399149    25733
    25643   399197   151253   425189   339257   371387   237179   599069   218417   427103   266159   508223    65699   521447   231893   473453   148073   657233   139547   494069   204359   570887   678989   124919   442367   107699   499943   575087    21017   129119   495647   205937   560459    42773   551933   226553   468113   178559   634307   191783   433847   272903   481589   100937   462827   328619   360749   274817   548753   300809   674363
   674483   300779   548837   274709   360869   328589   462863   100853   482099   272759   433877   191747   634373   178487   468473   226487   552029    42737   560597   205913   495707   571853    19373   350093   127139   572903   127037   572843   680633   128153   204299   494093   139409   657269   147977   473519   231533   521519    65633   508259   266129   427247   217907   599153   237143   371417   339137   425297   151169   399227    25523
    25469   399263   151163   425309   338993   371627   237053   599273   217793   427403   266117   508349    65609   521537   231479   473579   147827   657323   139367   494387   501659    95783   350963    22079   678077    21803   678407    20879   677813   604223   198347   205619   560639    42683   552179   226427   468527   178469   634397   191657   433889   272603   482213   100733   462953   328379   361013   274697   548843   300743   674537
   674699   300317   548957   274583   361337   328373   463283   100703   482309   272567   434249   191507   634649   178439   468647   226409   552263    42533   560837   494987   491537   381629   129893   570413   129587   570467   129509   570509    97973   570047   208469   205019   139169   657473   147743   473597   231359   521567    65357   508499   265757   427439   217697   599303   236723   371633   338669   425423   151049   399689    25307
    25247   399887   150503   425489   338543   371663   236573   599513   217619   427457   265739   508559    65327   521603   231323   473723   147689   657497   139133   489689    55949   205397   494687   205307   494783   205157   494873   205103   495119   499139   494519   210317   560873    42509   552317   226283   468683   178403   634679   191447   434267   272549   482387   100493   463433   328343   361463   274517   549503   300119   674759
   674837   300023   549509   274457   361637   328109   463457   100469   482507   272477   434297   191297   634793   178349   468737   226217   552659    42299   533837    63647   207443   492629   207287   492893   206993   493067   206897   493127   206813   493403   493463   492377   166169   657707   147347   473789   231269   521657    65213   508709   265709   427529   217499   599537   236549   371897   338369   425549   150497   399983    25169
    25127   399989   150383   425603   338279   371939   236219   599603   217409   427967   265703   508817    65147   521819   231107   473999   552707   653777   374399   141803   558287   141509   558563   141179   559067   140729   559343   140639   559529   140423   559667   117119   557789    46229   147299   226007   468899   178187   634859   191189   434303   272039   482597   100403   463787   328067   361727   274403   549623   300017   674879
   675029   299807   549683   274223   361769   328007   463919   100343   482687   272009   434387   191033   634943   178127   468953   486977   111269   351479    45413   654629    45263   654827    45083   655043    44777   655373    44357   655757    44159   655883    43943   656153    43403   654509   588737   213029   231053   521879    65063   508973   265619   427997   217319   599663   236087   371999   338237   425783   150323   400199    24977
    24923   400307   150299   425819   338213   372023   235877   599693   217253   428003   265547   509027    65027   521903   228203   450557   373349   160499   539633   160367   539663   160319   539837   160163   540149   159839   540173   159773   540269   159629   540383   159617   540437   136649   539309   249449   471803   178103   634979   190979   434459   272003   482753   100313   464129   327983   361793   274187   549707   299699   675083
   675197   299447   549719   274103   361799   327869   464213    99839   482837   271967   434813   190709   635003   528623   682337   108497   230567   469613   230357   469793   229799   470243   229727   470303   229589   470453   229409   470663   229223   470867   228869   471209   228707   471389   471749   469037    17669   171383    65003   509297   265193   428039   217169   600167   235793   372137   338207   425903   150287   400559    24809
    24767   400643   150239   425987   338033   372167   235679   600239   216617   428177   265157   509393   635603   167087   125717   245627   454823   245087   454967   245033   455219   244667   455513   244403   455627   244217   455849   235007   465089   234833   465407   234587   465809   234029   466247   468059   454253   532919    64403   190613   434849   271829   483389    99767   464327   327839   361973   274019   549767   299363   675239
   675347   299147   550139   273929   361979   327827   464447    99713   483773   271703   434927   514187    36599   350663   182603   517457   182537   517487   182453   517589   182387   517877   182057   518249   181619   518597   181277   518807   181193   519227   180749   519359   180623   519509   180419   520067   179903   517367   663407   185819   265079   428303   216233   600293   235559   372179   338027   426077   149867   400859    24659
    24593   400943   149837   426233   337907   372269   235523   600317   216179   428489   255467   493607   373859    69653   630467    69317   630803    69143   631013    68819   631229    68699   631409    68477   631559    68147   632123    67853   632273    67709   632327    67559   632459    67523   632699    67289   633197    44279   630197   206399   444539   271517   483827    99689   464483   327737   362099   273773   550169   299063   675413
   675593   298937   550289   273719   362147   327707   464699    99347   484067   430433   602627    38459   195863   504197   195737   504479   195479   504563   195413   504599   195389   504677   195077   504953   195023   505073   194867   505187   194729   505283   194687   505523   194087   505949   194027   506147   193793   506327   506537   503963    97379   269573   215939   600659   235307   372299   337859   426287   149717   401069    24413
    24179   401417   149627   426353   337793   372377   235043   600689   484079   405659   186653   271163   429083   270593   429467   270509   429563   270407   429677   270323   429719   270209   430019   269663   430427   269519   430769   269183   430949   268643   431369   268607   431513   268439   431603   268343   431807   268013   432143   433079   428639   294347   215927    99317   464963   327629   362213   273653   550379   298589   675827
   675923   298049   550427   273617   362309   327317   464993    98519   208139   207593   287933   412133   287849   412193   287549   412619   287057   413033   286763   413417   286469   413579   286199   414053   285827   414467   285377   414779   285113   415109   284819   415517   284483   415559   284429   415949   283859   416243   283607   416543   427913   412067   491867   601487   235013   372689   337697   426389   149579   401957    24083
    24077   401993   149399   426737   337349   372797   234713   569417   351929   224423   475679   224309   475877   224033   476087   223823   476249   223637   476429   223529   476513   223403   476639   223253   476759   222857   477293   222647   477677   222197   477857   222107   477947   222029   478157   221807   478259   221603   478679   221219   478913   220859   475427   130589   465293   327209   362657   273269   550607   298013   675929
   675977   297953   550757   273233   362693   319817   683303   376049   107279   592763   107033   593183   106619   593519   106433   593633   106103   593987   106013   594023   105899   594449   105437   594617   105107   595073   104849   595247   104729   595313   104459   595613   104297   596009   103979   596093   103889   596363   103583   596789   103079   596963    78989   592649    16703   380189   337313   426773   149249   402053    24029
    23789   402197   149069   426893   333737   427079   125303   243839   456767   243197   457139   242729   457367   242603   457553   242447   457607   242309   457913   241979   458123   241817   458327   241643   458543   241343   458669   241259   458879   241049   458993   240959   459113   240797   459383   240257   459803   239933   460127   239849   460373   239597   460463   465917   456149   272927   366269   273113   550937   297809   676217
   676253   297707   550973   428369   371339   295517   336887   363149   336827   363317   336437   363767   336059   363977   335879   364193   335693   364337   335633   364499   335123   364997   334877   365213   334637   365513   334379   365759   333929   366227   333719   366293   333623   366467   333323   366983   332987   367277   332699   367559   332393   367733   332183   367889   389447   362723   328667   271637   149033   402299    23753
    23747   402383   557987   408563   336989   347933   352133   347813   352493   347099   352949   347033   353453   346439   353657   346259   353783   346187   353867   346043   354257   345689   354533   345329   354743   345227   355037   344543   355643   344327   355763   344207   355853   344039   356093   343787   356693   343073   356969   342899   357347   342653   357359   342569   357509   357809   352049   291443   142019   297623   676259
   676337   418199   128987   206039   281747   418289   281669   418343   281579   418667   281297   418763   281207   418889   280949   419147   280817   419303   280589   419423   280547   419597   280253   419777   279977   420149   279689   420593   279407   420677   279269   420803   279029   421103   278843   421397   278489   421643   278279   421943   277919   422249   277643   422369   277547   422759   423299   418169   571019   281807    23669
   676943   270659   355049   159227   540989   158909   541349   158567   541469   158429   541613   158243   541817   157889   542183   157799   542237   157559   542483   157427   542747   157133   542987   157007   543287   156707   543383   156467   543659   156119   544223   155747   544919   155069   544979   154943   545387   154523   545759   154073   545939   153953   546263   153689   546569   153407   546719   150473   540773   429347    23063
     2957   353459   308639   391487   308327   391757   308117   392087   307583   392477   307337   392723   307169   392927   306947   393257   306707   393473   306419   393629   306329   393797   306149   393977   305999   394073   305849   394223   305639   394409   305483   394529   305369   394643   305267   394787   304979   395069   304847   395243   304553   395657   303803   396239   303713   396323   303593   396509   303293   391283   697049
   361433    33863   666233    33569   666527    33359   666857    33023   667013    32987   667427    32429   667643    32309   667769    32189   667949    31973   668159    31397   668687    31307   668747    31193   668867    30983   669029    30893   669167    30677   669413    30347   669869    30119   669947    29867   670217    29663   670577    29423   670619    29333   670763    29153   670877    28817   671303    28649   671603    20147   665789
