   342497   357593   342347   357767   342197   358079   341777   358277   341507   358667   341303   358733   341027   359027   340937   359129   340859   359297   340649   359837   339839   360257   339413   360749   339137   361013   338669   361433   338543   361637   338279   361769   338213   361799   338033   361979   337907   362147   337793   362309   337349   362693   337283   363017   336887   363149   336827   363317   336437   366227   344543
   363767   259829   440183   259667   440507   259157   440987   258977   441179   258743   441443   258527   441557   258443   441569   258119   442019   257867   442319   257639   442487   257489   442733   257189   442829   256967   443117   256877   443249   256643   443489   256169   443873   256019   444029   255917   444167   255713   444347   255467   444623   255329   444767   255173   444869   255077   444953   254987   447119   345749   336239
   336059   445229   110477   589877   109883   590489   109469   590573   109397   590627   109253   590867   108917   591113   108869   591509   108347   591743   108179   592133   107867   592289   107699   592649   107279   592763   107033   593183   106619   593519   106433   593633   106103   593987   106013   594023   105899   594449   105437   594617   105107   595073   104849   595247   104729   595313   104459   595709   346439   254777   363947
   363977   254699   595613   233357   467183   232709   467399   232499   467549   232307   467897   232103   467927   231947   468113   231533   468527   231359   468683   231269   468899   231053   469037   230567   469613   230357   469793   229799   470243   229727   470303   229589   470453   229409   470663   229223   470867   228869   471209   228707   471389   228539   471749   228203   471893   228077   210557   608987   104393   445307   336029
   335879   445799   103997   472133   296909   403163   296753   403499   296249   403877   296117   403979   295517   404693   295187   404969   294659   405497   294479   405659   294317   405827   294149   405947   293603   406499   293459   406649   293147   406883   293099   407489   292427   407639   292283   407783   292037   408137   291833   408263   291569   408497   291443   408713   291287   411617   344327   227873   596009   254207   364127
   364193   254039   596027   227537   409007   284819   415517   284483   415559   284429   415949   283859   416243   283607   416543   283133   417089   282833   417239   282389   417623   282287   417839   282143   417947   282053   418073   281927   418157   281837   418199   281747   418289   281669   418343   281579   418667   281297   418763   281207   418889   280949   419147   280817   279977   487007   290999   472469   103979   445967   335813
   335693   446003   103913   472643   290963   419303   196043   504143   195809   504269   195527   504527   195443   504593   195407   504617   195329   504929   195053   504983   194933   505139   194819   505277   194723   505319   194483   505919   194057   505979   193859   506213   193679   506357   193469   506573   193163   506873   193043   506993   192977   507119   192677   192263   663539   280703   409043   227363   596093   254003   364313
   364337   253919   596117   227207   409337   280589   507599    61583   638453    61547   638663    61007   639053    60923   639137    60737   639563    60317   639713    60167   639857    59999   640049    59879   640259    59699   640589    59393   640649    59273   640847    59063   641093    58727   641327    58427   641639    58217   641813    58109   642197    57773   647333   343037   192407   419417   290669   472799   103889   446087   335669
   335633   446273   103643   472817   290657   419423   192053   642419   178187   521879   178103   522113   177839   522383   177383   522659   177269   522749   177167   523307   176573   523637   176333   523763   176213   523847   176129   524057   175919   524507   175067   525017   174749   525353   174413   525599   174329   525809   174137   526037   173933   173699   699947    57587   507953   280583   409349   227189   596363   253733   364373
   364499   253607   596423   227159   409379   280547   508037    57383   526139   239933   460127   239849   460373   239597   460463   239417   460619   239333   460709   239087   460937   239027   461147   238709   461333   238499   461609   238313   461843   237857   462239   237563   462719   237233   462827   237143   462953   236723   463433   236549   234197   577739   173867   642623   191969   419459   290627   472847   103583   446399   335507
   335123   446657   103217   472859   290489   419597   191903   642737   173807   463787   222329   477809   222149   477899   222059   477977   221849   478199   221747   478403   221327   478787   221093   478937   220859   480023   219959   480167   219707   480317   219677   480419   219503   480569   219293   480989   218963   481133   218849   481589   347513   236219   526199    57269   508103   280409   409517   227147   596789   253349   364883
   364997   253247   596927   226553   409817   280253   508223    57173   526223   236087   481379   147743   552317   147347   552707   147197   552899   147089   553073   146777   553463   146477   553583   146417   553733   146249   554207   145703   554417   145433   554699   145259   554753   145037   555119   144839   555593   144323   628937   274697   218627   463919   173783   642833   191783   419753   290189   473453   103079   446759   335009
   334877   447107   103043   473519   290183   419777   191747   642899   173357   464129   217907   555707    26237   673817    25889   674159    25733   674363    25523   674537    25307   674759    25169   674879    24977   675083    24809   675239    24659   675413    24413   675827    24083   675929    24029   676217    23753   696659   328619   144299   482099   235877   526649    57107   508259   280229   409823   226487   596963   252899   365129
   365213   252869   597053   226427   409967   279857   508349    57059   526709   235793   482213   143999   676259   132947   567143   132749   567383   132437   567659   132287   567947   131909   568367   131363   568709   131129   569189   130769   569417   130343   569747   130079   570047   129893   570413   129587   572303   346259    23747   556007   217793   464213   173297   642947   191657   420149   290039   473579   102953   447137   334793
   334637   447179   102797   473597   289889   420317   191507   643043   173273   464327   217697   556487    23669   570467   197597   502499   197453   502847   197123   502973   197003   503207   196739   503297   196583   503483   196187   512597   187163   513047   186947   513137   186653   513419   186239   186107   667769   129539   676337   143519   482309   235679   526733    56963   508499   279689   410117   226409   597209   252827   365369
   365513   252323   597353   226283   410243   279413   508559    56807   526739   235559   482387   143243   676373   129509   514013   184013   516209   183713   516323   183569   516617   183383   516689   183167   516947   183047   517073   182927   517217   182639   517403   182549   517469   182519   179693   686897   185993   570497    23633   556763   217619   464447   173267   643199   191447   420593   289763   473723   102653   447683   334493
   334379   448067   102587   473789   289727   420599   191297   643373   173177   464483   217499   556943    23537   570509   185957   517553   113213   586979   112919   587219   112589   587429   112403   587669   112253   587987   111893   588173   111767   588347   111623   588509   111323   589409   348353   182453   514049   129497   676469   143063   482507   235523   526829    56633   508709   279407   410279   226217   597419   251939   365627
   365759   251639   597473   226007   410687   279329   508817    56543   527123   235307   482597   142979   676589   129419   514103   182417   588737     4637   695777     4139   695873     4127   695927     4007   696077     3923   696239     3593   696617     3119   697049     2927   351797   694223   111269   517589   185903   570587    23417   557027   217409   464699   172883   643463   191189   420677   289319   473999   102533   448367   334247
   333929   448397   102407   474017   289103   420737   191033   643553   172877   464963   217319   557033    23357   570659   185819   517619   111263   697127    93557   606503    93479   606587    93263   606959    92957   607157    92753   607307    92669   607349    92489   608609   348407     2879   588743   182387   514187   129347   676649   142973   482687   235043   527129    56453   508973   279269   410903   225989   597599   251609   366077
   366269   251177   597677   225977   411167   279203   509027    56417   527333   235013   482753   142949   676679   129287   514313   182129   588779     2789   607619   159833   540233   159737   540377   159623   540389   159569   540599   159293   540773   159227   543287   347099    92387   697217   111227   517877   185693   570719    23327   557057   217253   464993   172673   643589   190979   420803   288839   474029   102329   448829   333737
   333719   448907   102317   474197   288773   420977   190709   643883   172607   464999   217169   557273    23279   570743   185483   517949   111053   697373    92237   540989   157889   542183   157799   542447   157523   542579   157259   542873   157019   563543   328919   159017   607769     2633   588953   182057   514523   129263   676727   142733   482837   235007   527399    56123   509297   279029   411233   225809   597689   251099   366287
   366293   251003   597803   225569   411479   278903   509393    56087   527453   234917   483389   142697   676919   129119   514529   181757   588977     2609   608273   158909   542999    83477   616547    83417   616787    83207   616829    83063   617657   349043   157007   541097    91733   697397   111029   518249   185477   570887    23087   557309   216617   465089   172553   643919   190613   421103   288527   474437   102203   449003   333713
   333623   449117   102107   474479   288227   421163   190577   644009   172517   465173   216233   557537    23063   571019   185369   518387   110819   697457    91703   541349   156707   616997   327209   372803   326999   373343   326657   321053   401957    83009   543299   158657   608303     2549   589187   181619   514637   128987   676943   142469   483773   234833   527489    55997   509429   278843   411779   225527   597899   250889   366383
   366467   250853   597929   225509   412067   278609   509477    55949   527633   234713   483827   142433   676967   128969   514643   181409   589439     2423   608423   158567   543383    82757   373859    79889   620159    79823   649457   320687   326147   617249   156623   541439    91583   697583   110567   518597   185363   571037    23039   557573   216179   465293   172373   644057   190529   421397   287939   474497   102077   449153   333539
   333323   449303   101999   474503   287933   421517   190403   644117   172307   465407   215939   557789    23027   571133   185267   518729    99173   697673    91577   541469   156467   617387   326063   620237   151967   575429   322613    79769   373943    82619   543539   158537   608429     2333   600833   181277   514739   128873   676979   142217   484067   234599   527699    55889   509603   278489   412073   225503   598007   250703   366683
   366983   250673   598049   225347   412133   278363   509693    55487   527789   234587   484079   142019   677147   128327   514823   181199   600857     2273   608633   158429   543659    82559   374063   620393   520649   350003   179357    79613   325943   617447   156347   541577    91373   697733    99149   518807   185183   571679    22859   557987   215927   465419   172217   644519   190313   421643   287873   474659   101957   449333   333023
   332987   449363   101879   474707   287849   421727   190283   644549   172097   466247   215723   558203    22697   571847   185153   519227    99023   697877    91163   541613   156119   617537   323699    50177   377393   124577   548039   649829   376307    82469   543887   158393   608843     2129   600983   180779   514853   128159   677309   141803   484283   233759   527909    55457   509723   278279   412157   225299   598127   250643   367019
   367277   250343   598379   225227   412193   278063   509909    55337   528137   233489   484607   141719   677387   128153   514949   180749   601043     2069   609143   158243   544223   618377   427079   379319    79847   620183    50549   620117   272927    81629   155783   541763    90863   697937    98963   519257   185057   571853    22619   558287   215399   466517   171869   644669   190097   421943   287813   474779   101627   449663   332729
   332699   449699   101363   474839   287549   422087   189929   644747   171707   476369   215393   558497    22367   571973   184727   519359    98939   697967    90833   541817   550757    79973   298049   327203   373007   326663   373349   378953   372797   620033   149249   158189   609173     2039   601067   180647   515279   128033   677639   141509   484613   223637   528299    55259   510077   277919   412457   225167   598643   250307   367307
   367559   250199   598727   225149   412619   277757   510569    55217   528623   223577   484727   141443   677657   127979   515357   180623   601079     2027   609359   155747   126743   350963    83459   616589    83219   616799    83177   616943    82349   616529   573263   544259    90647   697979    98927   519383   184649   572027    22349   558563   215279   476429   171383   644789   189437   422249   287387   474857   101279   449807   332447
   332393   449963   101207   474917   287057   422363   189389   644843   171299   476477   215273   558827    22193   572093   184577   519509    98627   698183   609809   540167   371087   157823   542207   157559   542483   157427   542747   157133   542987   136463   542117   159839    90197     1823   601379   180497   515429   127913   677813   141179   484733   223529   528707    55163   510617   277643   412949   225089   598799   250043   367613
   367733   249923   599069   225023   413033   277637   510767    55073   528929   223493   484853   140939   677927   127649   515519   180419   601487   349787    86117   352907   159773   540269   159629   540383   159617   540437   159407   540713   159233   540779   156719   540173   613889   350219    98519   519587   184487   572357    22079   559067   215153   476513   171077   644933   189239   422369   286973   474983   100937   450083   332273
   332183   450209   100853   475037   286763   422459   189017   645023   170957   476603   214943   559277    21929   572399   184409   520067   602333   691997   351599    93503   606527    93419   606743    93047   607049    92849   607253    92699   607337    92657   607517    91397   606449     8009    97673   179939   515597   127607   678077   140729   485063   223403   529049    54983   510989   277547   413243   224969   599153   249797   367823
   367889   249779   599273   224897   413417   277247   511163    54869   529229   223367   485123   140663   678203   127583   515873   532523    93563     5783     4229   695867     4133   695879     4079   695999     3929   696083     3767   696413     3389   696887     2957   697079   348209   695369   606443   167483   184133   572423    21803   559343   214883   476639   170777   645137   188843   422759   286589   475109   100733   450227   332117
   331907   450257   100703   475289   286469   422789   188519   645233   170369   476753   214589   559367    21599   572519   518813   501317   351653   113027   587087   112787   587417   112577   587603   112337   587753   112019   588113   111833   588239   111659   588383   111497   588683   110597   586793   198689   181193   127487   678407   140639   485417   223253   529637    54773   511487   277217   413537   224717   599303   249749   368099
   368117   249593   599513   224603   413579   276953   511523    54623   530063   223247   485447   140477   678437   127373   486539    13109   183797   516293   183683   516437   183389   516623   183317   516839   183059   516959   182933   517079   182789   517367   182603   517457   182537   517487   520313   515993   213467   572633    21569   559529   214559   476759   169943   645383   188483   423053   286427   475403   100493   450413   331889
   331553   450473   100469   475427   286199   423173   188303   645443   169919   477149   214463   559583    18587   564653    32237   197507   502553   197159   502883   197033   503003   196799   503267   196709   503423   196523   503819   187409   512843   186959   513059   186869   513353   186587   513767   513899   502409   135353   681419   140423   485543   222857   530087    54563   511703   276833   413807   224579   599537   249533   368453
   368729   249503   599603   224423   414053   276827   511757    54539   530093   222713   485567   567053   656609   353747   132863   567257   132623   567569   132347   567719   132059   568097   131639   568643   131297   568877   130817   569237   130589   569663   130259   569927   129959   570113   129593   570419   127703   567059    43397   132953   214439   477293   169913   645467   188249   423179   285953   475583   100403   450503   331277
   331217   450557   100343   475679   285827   423299   188147   645503   169823   477359   488513    51899   371387    26189   674117    25847   674273    25643   674483    25469   674699    25247   674837    25127   675029    24923   675197    24767   675347    24593   675593    24179   675923    24077   675977    23789   676253     3347   673769   648107   211493   222647   530183    54503   511859   276707   414179   224327   599663   249449   368789
   369023   249419   599693   224309   414467   276593   512537    54377   530237   480209   203663   425309   147689   552659   147299   552809   147107   552917   146933   553229   146543   553529   146423   553589   146273   553757   145799   554303   145589   554573   145307   554747   145253   554969   144887   555167   144413   555683    71069   552263   496343   219797   169769   645629   187469   423413   285539   475697   100313   450587   330983
   330887   450677    99839   475877   285377   423503   187463   645683   542237   431603   352493   222197   477857   222107   477947   222029   478157   221807   478259   221603   478679   221219   478913   221069   479147   219983   480047   219839   480299   219689   480329   219587   480503   219437   480713   219017   481043   218873   481157   218417   477677   268403   157769    54323   512543   276503   414629   224129   600167   249329   369119
   369353   249287   600239   224033   414779   276449   512573    53939   501077   122267   239879   460157   239633   460409   239543   460589   239387   460673   239297   460919   239069   460979   238859   461297   238673   461507   238397   461693   238163   462149   237767   462443   237287   462773   237179   462863   237053   463283   236573   463457   465809   460073   198929   646067   187433   423557   285227   475973    99767   450719   330653
   330587   450899    99713   476087   285113   423617   512657   633623       59   178127   521903   177893   522167   177623   522623   177347   522737   177257   522839   176699   523433   176369   523673   176243   523793   176159   523877   175949   524087   175499   524939   174989   525257   174653   525593   174407   525677   174197   525869   173969   526073   526307   521819    66383   187349   276389   414893   223919   600293   249107   369419
   369647   249089   600317   223823   415109   275999   494699   356969    61553   638459    61343   638999    60953   639083    60869   639269    60443   639689    60293   639839    60149   640007    59957   640127    59747   640307    59417   640613    59357   640733    59159   640943    58913   641279    58679   641579    58367   641789    58193   641897    57809   642233    52673   638423   205307   424007   284897   476183    99689   450917   330359
   330347   451097    99347   476249   417293   555287    36467   195863   504197   195737   504479   195479   504563   195413   504599   195389   504677   195077   504953   195023   505073   194867   505187   194729   505283   194687   505523   194087   505949   194027   506147   193793   506327   193649   506537   193433   506843   193133   506963   193013   507029   192887   507329   507743   503963   144719   282713   223757   600659   248909   369659
   369959   248903   600689   486119   267569   212999   284489   415523   284447   415577   284057   416147   283763   416399   283463   416873   282917   417173   282767   417617   282383   417719   282167   417863   282059   417953   281933   418079   281849   418169   281807   418259   281717   418337   281663   418427   281339   418709   281243   418799   281117   419057   280859   419189   420029   415187   432437   213887    99317   451103   330047
   329873   451397   602039   465917   355679   296843   403253   296507   403757   296129   403889   296027   404489   295313   404819   295037   405347   294509   405527   294347   405689   294179   405857   294059   406403   293507   406547   293357   406859   293123   406907   292517   407579   292367   407723   292223   407969   291869   408173   291743   408437   291509   408563   291293   408719   288389   403097   234089    97967   248609   370133
   370217   453317    86369    91019   232823   467297   232607   467507   232457   467699   232109   467903   232079   468059   231893   468473   231479   468647   231323   468737   231107   468953   230969   469439   230393   469649   230213   470207   229763   470279   229703   470417   229553   470597   229343   470783   229139   471137   228797   471299   228617   471467   228257   471803   228113   471929   489449   466649   613637   246689   329789
   327983   234029   353567   110129   590123   109517   590537   109433   590609   109379   590753   109139   591089   108893   591137   108497   591659   108263   591827   107873   592139   107717   592307   107357   592727   107243   592973   106823   593387   106487   593573   106373   593903   106019   593993   105983   594107   105557   594569   105389   594899   104933   595157   104759   595277   104693   595547   104297   589529   465977   372023
   356933   354257   259823   440339   259499   440849   259019   441029   258827   441263   258563   441479   258449   441563   258437   441887   257987   442139   257687   442367   257519   442517   257273   442817   257177   443039   256889   443129   256757   443363   256517   443837   256133   443987   255977   444089   255839   444293   255659   444539   255383   444677   255239   444833   255137   444929   255053   445019   252887   440177   343073
   355463   342413   357659   342239   357809   341927   358229   341729   358499   341339   358703   341273   358979   340979   359069   340877   359147   340709   359357   340169   360167   339749   360593   339257   360869   338993   361337   338573   361463   338369   361727   338237   361793   338207   361973   338027   362099   337859   362213   337697   362657   337313   362723   336989   363119   336857   363179   336689   363569   333779   357509
