    34457   665603    34283   665747    34217   666143    33773   666437    33479   666647    33149   666983    32993   667019    32579   667577    32363   667697    32237   667817    32057   668033    31847   668609    31319   668699    31259   668813    31139   669023    30977   669113    30839   669329    30593   669659    30137   669887    30059   670139    29789   670343    29429   670583    29387   670673    29243   670853    29129   672767   345227
   671189   309359   390737   309137   391067   308933   391283   308639   391487   308327   391757   308117   392087   307583   392477   307337   392723   307169   392927   306947   393257   306707   393473   306419   393629   306329   393797   306149   393977   305999   394073   305849   394223   305639   394409   305483   394529   305369   394643   305267   394787   304979   395069   304847   395243   304553   395657   303803   303713   440183    28817
    28703   396239   159623   540389   159569   540599   159293   540773   159227   540989   158909   541349   158567   541469   158429   541613   158243   541817   157889   542183   157799   542237   157559   542483   157427   542747   157133   542987   157007   543287   156707   543383   156467   543659   156119   544223   155747   544919   155069   544979   154943   545387   154523   545759   154073   545939   153953   546947   345749   303767   671303
   671357   303683   546263   282053   418073   281927   418157   281837   418199   281747   418289   281669   418343   281579   418667   281297   418763   281207   418889   280949   419147   280817   419303   280589   419423   280547   419597   280253   419777   279977   420149   279689   420593   279407   420677   279269   420803   279029   421103   278843   421397   278489   421643   278279   421943   277919   274709   495119   153743   396323    28649
    28403   396413   153689   422249   348419   351599   348353   351797   348077   352049   347933   352133   347813   352493   347099   352949   347033   353453   346547   353567   346349   353747   346223   353819   346139   353963   345689   354533   345329   354743   344969   355049   344543   355643   344327   355763   344207   355853   344039   356093   343787   356693   343073   356969   342899   342647   361727   277757   546317   303593   671603
   671717   303497   546569   277643   357347   337859   362213   337697   362657   337313   362723   336989   363119   336857   363179   336689   363569   336239   363947   336029   364127   335813   364313   335669   364373   335507   364883   334877   365213   334637   365513   334379   365759   333929   366227   333737   366287   333713   366383   333539   366683   333023   367019   332729   329333   385379   342659   422363   153437   396509    28289
    28277   396533   153407   422369   342653   367307   244667   455513   244403   455627   244217   455849   243857   456167   243239   456809   242867   457277   242639   457403   242453   457559   242399   457697   242093   458027   241883   458189   241679   458363   241463   458663   241337   458747   241127   458957   241013   459047   240893   459209   240623   459749   240203   239333   568877   332699   357353   277637   546599   303473   671729
   671777   303377   546719   277547   357437   332447   460073   108263   591827   107873   592139   107717   592307   107357   592727   107243   592973   106823   593387   106487   593573   106373   593903   106019   593993   105983   594107   105557   594569   105389   594899   104933   595157   104759   595277   104693   595547   104393   595709   103997   596027   103913   616589   327629   239933   367559   342569   422459   153287   396629    28229
    27947   396713   153137   422759   342497   367613   239879   596117   225089   474983   224969   475109   224717   475403   224579   475583   224327   475697   224129   475973   223919   476183   223757   476369   223577   476477   223493   476603   223367   476753   223247   477149   222713   477359   222329   477809   222149   477899   222059   477977   221849   219983   606527   103889   460127   332393   357509   277247   546869   303293   672059
   672227   303287   546893   277217   357593   332273   460157   103643   478199   289319   411167   288773   411479   288389   411779   287939   412073   287873   412157   287813   412457   287387   412949   286973   413243   286589   413537   286427   413807   285953   414179   285539   414629   285227   414893   284897   415187   284489   415523   284447   272039   490967   221807   596363   239849   367733   342413   422789   153113   396719    27779
    27689   396887   152909   423053   342347   367823   239633   596423   221747   415577   272093   427997   272003   428039   271829   428303   271637   428489   271367   428843   270923   429347   270593   429467   270509   429563   270407   429677   270323   429719   270209   430019   269663   430427   269573   430487   269237   430823   269057   266933   512537   284429   478259   103583   460373   332183   357659   276953   547097   303119   672317
   672557   303053   547223   276833   357767   332117   460409   103217   478403   284057   431363   197003   503207   196739   503297   196583   503483   196187   503963   195863   504197   195737   504479   195479   504563   195413   504599   195389   504677   195077   504953   195023   505073   194867   505187   194729   505283   194687   505523   348827   268643   415949   221603   596789   239597   367889   342239   423173   152783   396953    27449
    27179   397037   152777   423179   342197   368099   239543   596927   221327   416147   268637   505919    70163   629927    70067   629987    69899   630197    69653   630467    69317   630803    69143   631013    68819   631229    68699   631409    68477   631559    68147   632123    67853   632273    67709   632327    67559   654053   327209   194087   431369   283859   478679   103079   460463   331907   357809   276827   547229   302969   672827
   672863   302747   547487   276707   358079   331889   460589   103043   478787   283763   431399   194057   632459   183317   516839   183059   516959   182933   517079   182789   517367   182603   517457   182537   517487   182453   517589   182387   517877   182057   518249   181619   518597   181277   518807   181193   180647   686897    67547   505949   268607   416243   221219   596963   239417   368117   341927   423299   152519   397259    27143
    26987   397283   152429   423413   341777   368729   239387   597053   221093   416399   268493   505979    67523   519227   246899   453197   246713   453317   246209   453833   245897   454247   245753   454379   245183   454919   245039   454973   244787   464447   235523   464699   235043   464993   235007   234599   570413   180779   632483   194027   431513   283607   478913   102953   460619   331277   358229   276593   547577   302723   673019
   673157   302579   547583   276503   358277   331217   460709   102797   478937   283463   431567   193859   632699   180749   465089   231533   468527   231359   468683   231107   468953   230969   469439   230393   469649   230213   470207   229763   470279   229703   470417   229553   470597   229343   215153   604223   234917   519257    67307   506147   268439   416543   221069   597209   239297   368789   341729   423503   152423   397427    26849
    26813   397433   152363   423557   341507   369023   239087   597353   220859   416873   268403   506213    67289   519383   234833   470783   161639   538553   161309   538739   160997   539039   160877   539267   160697   539507   160373   539639   160343   539687   160169   539843   159857   567059   322463   229223   465173   180623   632717   193793   431603   283133   479147   102653   460919   330983   358499   276449   547643   302573   673193
   673223   302513   547709   276389   358667   330887   460937   102587   480047   282917   431663   193679   633197   180497   465293   229139   540167    46643   653507    46229   653819    46103   654047    45497   654593    45377   654743    45179   654923    44963   655229    44633   683513   321053   159839   470867   234713   519509    66809   506327   268343   417089   219959   597419   239069   369119   341339   423617   152297   397493    26783
    26759   397547   152219   423713   341303   369353   239027   597473   219839   417173   268199   506357    66797   519587   234197   471137   159833   655649   142979   557033   142949   557273   142697   557537   142433   557789   142019   558203   141719   558497   141443   588347   319127    44357   540173   228869   465809   180419   633209   193649   431807   282833   480167   102533   460979   330653   358703   276293   547787   302459   673247
   673313   302417   547817   276257   358733   330587   461147   102407   480209   282767   431993   193469   633257   179939   465917   228797   540233    44279   558827   208367   491669   208223   491789   208139   491969   207953   492059   207923   492377   207593   206039   635939   141179   655727   159773   471209   234089   520067    66749   506537   268013   417239   219797   597599   238859   369419   341273   423749   152189   397589    26693
    26393   398063   152183   423869   341027   369647   238709   597677   219707   417293   267863   506573    66629   520103   234029   471299   159737   655757   140939   492563   206603   493463   206483   493607   206273   493853   206069   493973   206027   205223   638459   207443   559067    44249   540269   228707   465977   179903   633377   193433   432143   282713   480299   102329   461297   330359   358979   276137   547823   301943   673613
   673619   301877   548003   275999   359027   330347   461333   102317   480317   282389   432149   193163   633473   179813   466247   228617   540377    44159   559277   207377   494069   131297   569189   130769   569417   130343   569747   130079   570659   348527   205937   492629   140729   655847   159629   471389   233759   520193    66533   506843   267857   417617   219689   597689   238673   369659   340979   424007   152003   398129    26387
    26357   398213   151967   424019   340937   369959   238499   597803   219677   417623   267803   506873    66509   520313   233489   471467   149579   655883   140663   492719   205913   570047    23279   676919    23063   676967    22859   699197   327737   129959   494093   207287   559343    44123   550427   228539   466517   179693   633497   193133   432203   282383   480329   102203   461507   330047   359069   275987   548039   301793   673649
   673667   301703   548069   275969   359129   329873   461609   102107   480419   282287   432287   193043   633623   179657   466649   228257   550607    43943   559367   207113   494387   129893   677309   127913   572357   127607   606959   315179    22697   570113   205619   492893   140639   656063   149399   471749   233357   520349    66383   506963   267719   417719   219587   597899   238397   370133   340877   424037   151937   398303    26339
    26237   398357   151883   424169   340859   370217   238313   597929   219503   417839   267647   506993    66377   520427   232823   471803   149069   656153   140477   493013   205487   570419    22619   572423   202049   587417   260543   127583   677387   129587   494519   206993   559529    43853   550937   228203   467183   179579   633629   193013   432359   282167   480503   102077   461693   329789   359147   275837   548123   301649   673769
   673817   301583   548189   275783   359297   329393   461843   101999   480569   282143   432413   192977   633767   179573   467297   228113   550973    43577   559583   206939   494609   129539   677639   127103   408497   350003   291509   572903    22367   570467   205397   493067   140423   656429   149033   471893   232709   520433    66239   507029   267593   417863   219437   598007   238163   370613   340709   424223   151817   398423    26189
    25889   398543   151643   424433   340649   370619   237857   598049   219293   417947   267569   507119    66173   520649   232607   471929   148913   656519   140339   493109   205319   570497    18587   537749   439463   112589   497957   162257   681419   129509   494687   206897   559667    43487   551093   228077   467399   179357   633833   192887   432437   282059   480713   101957   462149   329387   359357   275573   548363   301463   674117
   674159   301247   548399   275459   359837   329123   462239   101879   480989   273653   432449   192677   633923   179327   467507   227873   551339    43403   559673   206879   494699   129287   658319   384827   127649   572399    93047   572093    41687   570719   205307   493127   140333   656603   148667   472133   232499   520679    66083   507329   267557   426353   219017   598127   237767   370883   340169   424547   151607   398759    25847
    25733   398933   151553   424559   339839   371087   237563   598379   218963   426389   267479   507599    65993   520763   232457   472469   148517   656609   140297   493193   495773   567569   372269    23087   676943    23039   677147      809   676727   132437   204233   206813   559709    43397   551489   227537   467549   179243   634013   192407   432527   273617   481043   101627   462443   328919   360167   275447   548453   301073   674273
   674363   300869   548489   275339   360257   328829   462719   101363   481133   273269   432587   192263   634079   178853   467897   227363   551549    43319   559799   498647   491627   351479   130817   569237   130589   569663   130259   569927   129347   568709   208379   201359   140207   656687   148457   472643   232109   521153    65927   507743   267419   426737   218873   598643   237287   371177   339749   424667   151517   399137    25643
    25523   399149   151253   424967   339413   371339   237233   598727   218849   426773   267017   507953    65837   521309   232103   472799   148193   656783   139547   486053    61547   206543   493523   206399   493733   206153   493937   206033   493979   494783   493403   213953   560459    43223   551813   227207   467903   178697   634169   192053   432989   273233   481157   101279   462773   328667   360593   275039   548753   300857   674483
   674537   300809   548837   275003   360749   328619   462827   101207   481379   273113   433049   191969   634307   178643   467927   227189   551849    43013   527399    64067   208337   491783   208217   491867   208037   492053   207947   492083   207629   492413   493967   491639   172607   656993   148157   472817   232079   521363    65699   508037   266957   426893   218627   598799   237179   371387   339257   425003   151169   399197    25469
    25307   399227   151163   425189   339137   371417   237143   599069   218417   427073   266927   508103    65633   521393   231947   472847   147827   625409   380879   142973   557057   142733   557309   142469   557573   142217   557987   141803   558287   141509   558563   111659   557027    74597   552179   227159   468059   178613   634373   191903   433079   272933   481589   100937   462863   328589   360869   274817   548843   300779   674699
   674759   300743   548957   274697   361013   328379   462953   100853   482099   272927   433319   191783   634397   178559   468113   498053   522113   378953    46499   653777    46187   653903    45959   654509    45413   654629    45263   654827    45083   655043    44777   655373    16493   653363   177893   201953   231893   521447    65609   508223   266687   427079   217907   599153   237053   371627   338993   425309   151049   399263    25247
    25169   399689   150503   425423   338669   371633   236723   599273   217793   427103   266633   508259    65357   521519   468737   452813   377543   161453   538697   161267   539009   160967   539129   160739   539309   160499   539633   160367   539663   160319   539837   160163   540149   132947   538367   247193   231269   178487   634649   191747   433373   272903   482213   100733   463283   328373   361337   274583   549503   300317   674837
   674879   300119   549509   274517   361433   328343   463433   100703   482309   272759   433673   191657   634679   521879   438419    95783   231479   468647   231323   468899   231053   469037   230567   469613   230357   469793   229799   470243   229727   470303   229589   470453   229409   470663   484853   468473   261587   178127    65327   508349   266333   427247   217697   599303   236573   371663   338573   425489   150497   399887    25127
    24977   399983   150473   425549   338543   371897   236549   599513   217619   427403   266159   508499    64157   511487   129593   246809   453293   246689   453797   246173   454109   245759   454253   245627   454823   245087   454967   245033   455219   235559   464483   235307   464963   235013   464999   465407   453107   188519   635849   191507   433847   272603   482387   100493   463457   328109   361463   274457   549533   300023   675029
   675083   300017   549623   274403   361637   328067   463787   100469   482507   272567   433877   509393   608987    13109   183167   516947   183047   517073   182927   517217   182639   517403   182549   517469   182519   517553   182417   517619   182129   517949   181757   518387   181409   518729   181199   518813   519359   516689    91019   190613   266129   427439   217499   599537   236219   371939   338369   425603   150383   399989    24923
    24809   400199   150323   425783   338237   371999   236087   599603   217409   427457   448397   185477   372797    70079   629939    70019   630107    69809   630353    69539   630689    69203   630863    68993   631187    68777   631307    68597   631529    68447   631859    67883   632153    67733   632297    67679   632447    45953   629843   514529   251609   272549   482597   100403   463919   328007   361769   274223   549683   299807   675197
   675239   299699   549707   274187   361793   327983   464129   100343   482687   259019   409517   351179   196799   503267   196709   503423   196523   503819   196043   504143   195809   504269   195527   504527   195443   504593   195407   504617   195329   504929   195053   504983   194933   505139   194819   505277   194723   505319   194483   503003   290489   440987   217319   599663   235877   372023   338213   425819   150299   400307    24767
    24659   400559   150287   425903   338207   372137   235793   599693   482753   575579   187469   272009   428003   271967   428177   271703   428369   271517   428639   271163   429083   270659   429413   270539   429497   270443   429599   270329   429683   270287   429797   269987   430343   269579   430433   269519   430769   269183   430949   433073   427913   124427   217253   100313   464213   327869   361799   274103   549719   299447   675347
   675413   299363   549767   274019   361973   327839   464327    99173   467699   209039   288839   411233   288527   411617   288227   412067   287933   412133   287849   412193   287549   412619   287057   413033   286763   413417   286469   413579   286199   414053   285827   414467   285377   414779   285113   415109   284819   415517   284483   415559   427967   410687   232307   600833   235679   372167   338033   425987   150239   400643    24593
    24413   400859   149867   426077   338027   372179   465419   572303    93479   225023   475037   224897   475289   224603   475427   224423   475679   224309   475877   224033   476087   223823   476249   223637   476429   223529   476513   223403   476639   223253   476759   222857   477293   222647   477677   222197   477857   222107   477947   222029   478157   480023   474917   127703   234587   327827   361979   273929   550139   299147   675593
   675827   299063   550169   273773   362099   377129   446657   372377   108179   592133   107867   592289   107699   592649   107279   592763   107033   593183   106619   593519   106433   593633   106103   593987   106013   594023   105899   594449   105437   594617   105107   595073   104849   595247   104729   595313   104459   595613   104297   596009   103979   596093    83417   591743   253349   322877   337907   426233   149837   400943    24179
    24083   401069   149717   426287   335009   350219   131129   244493   455603   244379   455789   244157   456149   243839   456767   243197   457139   242729   457367   242603   457553   242447   457607   242309   457913   241979   458123   241817   458327   241643   458543   241343   458669   241259   458879   241049   458993   240959   459113   240797   459383   240257   459803   460673   455339   349787   364997   273719   550289   298937   675923
   675929   298589   550379   427529   368453   314627   337793   362309   337349   362693   337283   363017   336887   363149   336827   363317   336437   363767   336059   363977   335879   364193   335693   364337   335633   364499   335123   365129   334793   365369   334493   365627   334247   366077   333779   366269   333719   366293   333623   366467   333323   366983   332987   367277   370673   362147   331553   272477   149627   401417    24077
    24029   401957   550757   410903   338279   348407   351653   348209   351929   347957   352073   347873   352193   347513   352907   347057   352973   346553   353459   346439   353657   346259   353783   346187   353867   346043   354317   345473   354677   345263   355037   344957   355463   344363   355679   344243   355799   344153   355967   343913   356219   343313   356933   343037   357107   357359   351587   289103   149249   298049   675977
   676217   404489   137399   204887   281933   418079   281849   418169   281807   418259   281717   418337   281663   418427   281339   418709   281243   418799   281117   419057   280859   419189   280703   419417   280583   419459   280409   419753   280229   420029   279857   420317   279413   420599   279329   420737   279203   420977   278903   421163   278609   421517   278363   421727   278063   422087   425297   417953   562607   295517    23789
    23027   376757   354257   159617   540437   159407   540713   159233   540779   159017   541097   158657   541439   158537   541577   158393   541763   158189   542117   157823   542207   157769   542447   157523   542579   157259   542873   157019   542999   156719   543299   156623   543539   156347   543887   155783   544259   155087   544937   155027   545063   154619   545483   154247   545933   154067   546053   153059   540383   323249   676979
   664667   259823   309269   390869   308939   391073   308723   391367   308519   391679   308249   391889   307919   392423   307529   392669   307283   392837   307079   393059   306749   393299   306533   393587   306377   393677   306209   393857   306029   394007   305933   394157   305783   394367   305597   394523   305477   394637   305363   394739   305219   395027   304937   395159   304763   395453   304349   396203   396293   390647    35339
   354779    34403   665723    34259   665789    33863   666233    33569   666527    33359   666857    33023   667013    32987   667427    32429   667643    32309   667769    32189   667949    31973   668159    31397   668687    31307   668747    31193   668867    30983   669029    30893   669167    30677   669413    30347   669869    30119   669947    29867   670217    29663   670577    29423   670619    29333   670763    29153   670877    27239   665549
