    35423   664613    35339   664679    35267   664847    34883   665267    34703   665507    34457   665603    34283   665747    34217   666143    33773   666437    33479   666647    33149   666983    32993   667019    32579   667577    32363   667697    32237   667817    32057   668033    31847   668609    31319   668699    31259   668813    31139   669023    30977   669113    30839   669329    30593   669659    30137   669887    30059   672827   344207
   670139   310223   389819   310049   390077   309899   390209   309599   390503   309479   390647   309269   390869   308939   391073   308723   391367   308519   391679   308249   391889   307919   392423   307529   392669   307283   392837   307079   393059   306749   393299   306533   393587   306377   393677   306209   393857   306029   394007   305933   394157   305783   394367   305597   394523   305477   394637   305363   303119   438989    29867
    29789   394739   160319   539837   160163   540149   159839   540173   159773   540269   159629   540383   159617   540437   159407   540713   159233   540779   159017   541097   158657   541439   158537   541577   158393   541763   158189   542117   157823   542207   157769   542447   157523   542579   157259   542873   157019   542999   156719   543299   156623   543539   156347   543887   155783   544259   155087   555707   336887   305267   670217
   670343   305219   544937   282833   417239   282713   417617   282383   417719   282167   417863   282059   417953   281933   418079   281849   418169   281807   418259   281717   418337   281663   418427   281339   418709   281243   418799   281117   419057   280859   419189   280703   419417   280583   419459   280409   419753   280229   420029   279857   420317   279413   420599   279329   420737   279203   421943   347057   155069   394787    29663
    29429   395027   155027   420977   349913   350213   349787   350453   349343   350963   348827   351479   348443   351587   348407   351653   348209   351929   347957   352073   347873   352193   347513   352907   347033   353453   346547   353567   346349   353747   346223   353819   346139   353963   345749   354317   345473   354677   345263   354779   344969   355049   344543   355643   344327   340979   361799   279029   544979   304979   670577
   670583   304937   545063   278903   355763   338573   361463   338369   361727   338237   361793   338033   361979   337907   362147   337793   362309   337349   362693   337283   363017   336857   363179   336689   363569   336239   363947   336029   364127   335813   364313   335669   364373   335507   364883   335009   365129   334793   365369   334493   365627   334247   366077   333779   330887   382847   344243   421103   154943   395069    29423
    29387   395159   154619   421163   344153   366269   245759   454253   245627   454823   245087   454967   245033   455219   244667   455513   244403   455627   244217   455849   243857   456167   243239   456809   242867   457277   242639   457403   242453   457559   242399   457697   242093   458027   241883   458189   241679   458363   241463   458663   241337   458747   241127   239879   567257   333737   355853   278843   545387   304847   670619
   670673   304763   545483   278609   355967   333719   458957   109397   590627   109253   590867   108917   591113   108869   591509   108347   591743   108179   592133   107867   592289   107699   592649   107279   592763   107033   593183   106619   593519   106433   593633   106103   593987   106013   594023   105899   594449   105437   594617   105107   595073   104849   617447   325187   241049   366287   344039   421397   154523   395243    29333
    29243   395453   154247   421517   343913   366293   241013   595247   225509   474503   225347   474707   225227   474839   225149   474917   225023   475037   224897   475289   224603   475427   224423   475679   224309   475877   224033   476087   223823   476249   223637   476429   223529   476513   223403   476639   223253   476759   222857   477293   222647   219689   606503   104759   458993   333713   356093   278489   545759   304553   670763
   670853   304349   545933   278363   356219   333623   459047   104729   477677   290489   409817   290183   409967   289889   410243   289727   410687   289103   411167   288773   411479   288389   411779   287939   412073   287873   412157   287813   412457   287387   412949   286973   413243   286589   413537   286427   413807   285953   414179   285539   272603   488909   222329   595277   240959   366383   343787   421643   154073   395657    29153
    29129   396203   154067   421727   343313   366467   240893   595313   222197   414629   272933   427079   272903   427247   272567   427457   272093   427967   272009   428003   271967   428177   271703   428369   271517   428639   271163   429083   270659   429413   270539   429497   270443   429599   270329   429683   270287   429797   269987   255137   523847   285377   477809   104693   459113   333539   356693   278279   545939   303803   670877
   671189   303767   546053   277919   356933   333323   459209   104459   477857   285227   430343   197927   502247   197597   502499   197453   502847   197123   502973   197003   503207   196739   503297   196583   503483   196187   503963   195863   504197   195737   504479   195479   504563   195413   504599   195389   504677   195077   193433   660053   269663   414779   222149   595547   240797   366683   343073   422087   153953   396239    28817
    28703   396293   153743   422249   343037   366983   240623   595613   222107   414893   269579   504953    71327   628757    71129   628937    70997   629339    70589   629567    70199   629843    70079   629939    70019   630107    69809   630353    69539   630689    69203   630863    68993   631187    68777   631307    68597   652229   327707   195053   430427   285113   477899   104393   459383   333023   356969   277757   546263   303713   671303
   671357   303683   546317   277643   357107   332987   459749   104297   477947   284897   430433   195023   631529   184409   515873   184013   516209   183713   516323   183569   516617   183383   516689   183167   516947   183047   517073   182927   517217   182639   517403   182549   517469   182519   517553   182417   179327   687023    68477   504983   269573   415109   222059   595709   240257   367019   342899   422363   153689   396323    28649
    28403   396413   153437   422369   342659   367277   240203   596009   222029   415187   269519   505073    68447   517619   248483   452009   247847   452393   247553   452597   247193   453107   246809   453293   246689   453797   246173   454109   236723   463433   236549   463919   235877   464213   235679   234197   577427   182387   631559   194933   430487   284819   477977   103997   459803   332729   357347   277637   546569   303593   671603
   671717   303497   546599   277547   357353   332699   460073   103979   478157   284489   430769   194867   631859   182129   464447   232499   467549   232109   467903   231947   468113   231533   468527   231359   468683   231269   468899   231053   469037   230567   469613   230357   469793   229799   212297   607157   235559   517877    68147   505139   269237   415517   221849   596027   239933   367307   342653   422459   153407   396509    28289
    28277   396533   153287   422759   342647   367559   239849   596093   221807   415523   269183   505187    67883   517949   235523   470243   163307   537413   162419   537743   162257   538049   161879   538199   161639   538553   161309   538739   160997   539039   160877   539267   160697   559667   328007   229763   464483   182057   632123   194819   430823   284483   478199   103913   460157   332447   357359   277247   546719   303473   671729
   671777   303377   546869   277217   357437   332393   460373   103889   478259   284447   430949   194729   632153   181757   464699   229727   539507    47339   652727    47093   653117    46853   653357    46643   653507    46229   653819    46103   654047    45953   654509    45413   676679   326663   160499   470279   235307   518249    67853   505277   269057   415559   221747   596117   239633   367613   342569   422789   153137   396629    28229
    27947   396713   153113   423053   342497   367733   239597   596363   221603   415577   268643   505283    67733   518387   235043   470303   160373   654629   144413   555683   143999   556487   143243   556943   142979   557033   142949   557273   142697   557537   142433   578309   328067    45377   539633   229703   464963   181619   632273   194723   431363   284429   478403   103643   460409   332273   357509   276953   546893   303293   672059
   672227   303287   546947   276833   357593   332183   460463   103583   478679   284057   431369   194687   632297   181409   464993   229589   539639    45263   557789   208667   491417   208577   491537   208379   491639   208337   491783   208217   491867   208037   206603   634979   142217   654743   160367   470417   235013   518597    67709   505319   268637   415949   221327   596423   239543   367823   342413   423173   153059   396719    27779
    27689   396953   152909   423179   342347   367889   239417   596789   221219   416147   268607   505523    67679   518729   235007   470453   160343   654827   142019   492053   206993   493067   206879   493193   206543   493523   206399   493733   206153   204887   638663   207953   557987    45179   539663   229553   464999   181277   632327   194483   431399   283859   478787   103217   460589   332117   357659   276827   547097   303053   672317
   672557   302969   547223   276707   357767   331907   460619   103079   478913   283763   431513   194087   632447   181199   465089   229409   549533    45083   558203   207947   493937   132347   567719   132059   568097   131639   568643   131297   590489   327737   206069   492059   141803   654923   150473   470597   234917   518807    67559   505919   268493   416243   221093   596927   239387   368099   342239   423299   152783   397037    27449
    27239   397259   152777   423413   342197   368117   239333   596963   221069   416399   268439   505949    67547   518813   234833   470663   150383   655043   141719   492083   206039   568877    23669   676373    23537   676589    23357   698387   328109   131129   493967   207923   558287    44963   549623   229343   465173   181193   632459   194057   431567   283607   478937   103043   460673   331889   357809   276593   547229   302747   672767
   672863   302723   547487   276503   358079   331553   460709   102953   479147   283463   431603   194027   632483   180779   465293   229223   549683    44777   558497   207629   493973   130817   676727   128987   571037   128873   601949   319169    23279   569189   206033   492377   141509   655229   150323   470783   234713   519227    67523   505979   268403   416543   220859   597053   239297   368453   341927   423503   152519   397283    27143
    26987   397427   152429   423557   341777   368789   239087   597209   219983   416873   268343   506147    67307   519257   234599   470867   150299   655373   141443   492413   206027   569237    23087   571679   202049   587417   260543   128327   676919   130769   493979   207593   558563    44633   549707   229139   465407   180749   632699   193859   431663   283133   480023   102797   460919   331217   358229   276449   547577   302579   673019
   673157   302573   547583   276389   358277   330983   460937   102653   480047   282917   431807   193793   632717   180647   465419   228869   549719    44357   558827   207443   494069   130589   676943   573899   408497   350003   291509   126107    23063   569417   205937   492563   141179   655649   150287   471137   234587   519359    67289   506213   268199   417089   219959   597353   239069   369023   341729   423617   152423   397433    26849
    26813   397493   152363   423713   341507   369353   239027   597419   219839   425549   268013   506327    66809   519383   234089   471209   149867   655727   140939   492629   205913   569663   676979    94613   439463   112589   497957   605393    23027   130343   494093   207377   559067    44279   550139   228797   465917   180623   633197   193679   431993   274457   480167   102587   460979   330653   358499   276293   547643   302513   673193
   673223   302459   547709   276257   358667   330587   461147   102533   480209   274403   432143   193649   633209   180497   465977   228707   550169    44249   559277   207287   494387   115589      719   380837   128969   571133    98057   571019   699287   584417   205619   492719   140729   655757   149837   471299   234029   519509    66797   506357   267863   425603   219797   597473   238859   369419   341339   423749   152297   397547    26783
    26759   397589   152219   423869   341303   369647   238709   597599   219707   425819   267857   506537    66749   519587   233759   471389   149717   655847   140663   492893   496889   560639   371897    23633   676469    23417   676649     1619   676337   139367   203117   207113   559343    44159   550289   228617   466247   180419   633257   193469   432149   274187   480299   102407   461297   330359   358703   276137   547787   302417   673247
   673313   301943   547817   275999   358733   330347   461333   102329   480329   274103   432203   193163   633377   179939   466517   228539   550379    44123   559367   493109   490463   372269   132287   567947   131909   568367   131363   568709   109517   567659   209543   206897   140639   655883   149627   471467   233489   520067    66629   506843   267803   425903   219677   597677   238673   369659   341273   424007   152189   398063    26693
    26393   398129   152183   424019   341027   369959   238499   597689   219587   425987   267719   506873    66533   520103   233357   471749   149579   656063   140477   490859    61343   206939   493127   206813   493463   206483   493607   206273   493853   495119   493013   209147   559529    43943   550427   228257   466649   179903   633473   193133   432287   274019   480419   102317   461507   330047   358979   275987   547823   301877   673613
   673619   301793   548003   275969   359069   329873   461609   102203   480503   273929   432359   193043   633497   179813   467183   228203   550607   656429   534473    65027   208589   491429   208469   491627   208367   491669   208223   491789   208139   491969   493403   491339   165533    43577   149399   471803   232823   520193    66509   506963   267647   426077   219503   597803   238397   370133   340937   424037   152003   398213    26387
    26357   398303   151967   424169   340877   370217   238313   597899   219437   426233   267593   506993    66383   520313   232709   471893   551927    17579   371939   144323   556007   143519   556763   143063   557027   142973   557057   142733   557309   142469   557573   121697   555593   682427   148079   228113   467297   179693   633623   193013   432413   273773   480569   102107   461693   329789   359129   275837   548039   301703   673649
   673667   301649   548069   275783   359147   329393   461843   102077   480713   273719   432437   192977   633629   179657   467399   509693   113027   373343    47279   652913    46889   653153    46649   653363    46499   653777    46187   653903    45959   654053    45497   654593    23327   652667   586979   190313   232607   520349    66377   507029   267569   426287   219293   597929   238163   370613   340859   424223   151937   398357    26339
    26237   398423   151883   424433   340709   370619   237857   598007   219017   426353   267557   507119    66239   520427   232079   443987   371999   162593   537587   162263   537749   161957   538127   161807   538367   161453   538697   161267   539009   160967   539129   160739   539309   140339   536699   256019   467927   179579   633767   192887   432449   273653   480989   101999   462149   329387   359297   275573   548123   301583   673769
   673817   301463   548189   275459   359357   329333   462239   101957   481043   273617   432527   192677   633833   521153   680993    92849   232457   467897   232103   468059   231893   468473   231479   468647   231323   468737   231107   468953   230969   469439   230393   469649   230213   470207   487709   467507    19013   178853    66173   507329   267479   426389   218963   598049   237767   370673   340649   424547   151817   398543    26189
    25889   398759   151643   424559   340169   370883   237563   598127   218873   426737   267419   507599   634793   513137   122579   247997   452159   247613   452453   247409   452813   246899   453197   246713   453317   246209   453833   245897   463283   236573   463457   236087   464129   235793   464327   465809   451523   186869    65213   192407   432587   273269   481133   101879   462443   329123   359837   275447   548363   301247   674117
   674159   301073   548399   275339   360167   328919   462719   101627   481157   273233   432989   508259    39323    12983   184133   515993   183797   516293   183683   516437   183389   516623   183317   516839   183059   516959   182933   517079   182789   517367   182603   517457   182537   517487   182453   517589   520679   515597   660683   191747   267017   426773   218849   598379   237287   371087   339839   424667   151607   398933    25847
    25733   399137   151553   424967   339749   371177   237233   598643   218627   426893   266633   497663   372299    71249   628877    71069   629009    70667   629417    70439   629807    70163   629927    70067   629987    69899   630197    69653   630467    69317   630803    69143   631013    68819   631229    68699   631409    47777   628679   202343   433373   273113   481379   101363   462773   328829   360257   275039   548453   300869   674273
   674363   300857   548489   275003   360593   328667   462827   101279   481589   272477   602453    39953   197759   502409   197507   502553   197159   502883   197033   503003   196799   503267   196709   503423   196523   503819   196043   504143   195809   504269   195527   504527   195443   504593   195407   504617   195329   504929   506573   502079    97553   427529   218417   598727   237179   371339   339413   425003   151517   399149    25643
    25523   399197   151253   425189   339257   371387   237143   598799   484067   550973   176159   272927   427103   272759   427439   272549   427913   272039   427997   272003   428039   271829   428303   271637   428489   271367   428843   270923   429347   270593   429467   270509   429563   270407   429677   270323   429719   270209   430019   444869   427073   149033   215939   101207   462863   328619   360749   274817   548753   300809   674483
   674537   300779   548837   274709   360869   328589   462953   603989   467699   211097   290189   409823   290039   410117   289763   410279   289319   410903   288839   411233   288527   411617   288227   412067   287933   412133   287849   412193   287549   412619   287057   413033   286763   413417   286469   413579   286199   414053   285827   414467   427403   409517   232307    96017   237053   371417   339137   425297   151169   399227    25469
    25307   399263   151163   425309   338993   371627   463787    64499    93503   225503   474659   225299   474779   225167   474857   225089   474983   224969   475109   224717   475403   224579   475583   224327   475697   224129   475973   223919   476183   223757   476369   223577   476477   223493   476603   223367   476753   223247   477149   222713   477359   480317   474497   635507   236219   328379   361013   274697   548843   300743   674699
   674759   300317   548957   274583   361337   375029   446657   374819   109379   590753   109139   591089   108893   591137   108497   591659   108263   591827   107873   592139   107717   592307   107357   592727   107243   592973   106823   593387   106487   593573   106373   593903   106019   593993   105983   594107   105557   594569   105389   594899   104933   595157    82559   590609   253349   324977   338669   425423   151049   399689    25247
    25169   399887   150503   425489   331277   350039   132749   245753   454379   245183   454919   245039   454973   244787   455339   244493   455603   244379   455789   244157   456149   243839   456767   243197   457139   242729   457367   242603   457553   242447   457607   242309   457913   241979   458123   241817   458327   241643   458543   241343   458669   241259   458879   460127   454247   349967   368729   274517   549503   300119   674837
   674879   300023   549509   425783   372167   317159   338543   361637   338279   361769   338213   361973   338027   362099   337859   362213   337697   362657   337313   362723   336989   363149   336827   363317   336437   363767   336059   363977   335879   364193   335693   364337   335633   364499   335123   364997   334877   365213   334637   365513   334379   365759   333929   366227   369119   361433   327839   274223   150497   399983    25127
    24977   399989   549767   265157   338207   349793   350219   349553   350663   349043   351179   348527   351563   348419   351599   348353   351797   348077   352049   347933   352133   347813   352493   347099   352973   346553   353459   346439   353657   346259   353783   346187   353867   346043   354257   345689   354533   345329   354743   345227   355037   344957   355463   344363   355679   359027   350093   434849   150239   300017   675029
   675083   401069   130079   352949   282767   417293   282389   417623   282287   417839   282143   417947   282053   418073   281927   418157   281837   418199   281747   418289   281669   418343   281579   418667   281297   418763   281207   418889   280949   419147   280817   419303   280589   419423   280547   419597   280253   419777   279977   420149   279689   420593   279407   420677   279269   420803   278063   417173   569927   298937    24923
   679829   379997   363119   160169   539843   159857   540167   159833   540233   159737   540377   159623   540389   159569   540599   159293   540773   159227   540989   158909   541349   158567   541469   158429   541613   158243   541817   157889   542183   157799   542237   157559   542483   157427   542747   157133   542987   157007   543287   156707   543383   156467   543659   156119   544223   155747   544919   144299   539687   320009    20177
     6869   261017   310187   389957   309929   390107   309797   390407   309503   390527   309359   390737   309137   391067   308933   391283   308639   391487   308327   391757   308117   392087   307583   392477   307337   392723   307169   392927   306947   393257   306707   393473   306419   393629   306329   393797   306149   393977   305999   394073   305849   394223   305639   394409   305483   394529   305369   394643   396887   389783   693137
   355799    35393   664667    35327   664739    35159   665123    34739   665303    34499   665549    34403   665723    34259   665789    33863   666233    33569   666527    33359   666857    33023   667013    32987   667427    32429   667643    32309   667769    32189   667949    31973   668159    31397   668687    31307   668747    31193   668867    30983   669029    30893   669167    30677   669413    30347   669869    30119   669947    27179   664583
