    39869   660167    39779   660347    39503   660563    39323   660887    39113   660899    39089   660983    38903   661139    38747   661439    38459   661553    38393   661673    38327   661769    38183   662357    37529   662513    37313   662789    37139   662957    36857   663239    36599   663539    36353   663713    36269   663797    36137   664043    35897   664253    35603   664583    35393   664667    35327   664739    35159   666143   346139
   665123   315527   384599   315269   384827   314927   385127   314813   385199   314627   385403   314513   385607   314267   385793   314189   385877   314063   386117   313853   386279   313637   386489   312989   387077   312779   387263   312737   387329   312383   387917   312029   388109   311747   388319   311603   388727   311183   389057   310889   389273   310559   389567   310283   389783   310187   389957   309929   309503   427967    34883
    34739   390107   166679   533363   166457   533747   166169   533963   166013   534059   165833   534473   165083   535019   164837   535529   164309   535727   164249   535859   164039   536147   163733   536699   162593   537587   162263   537749   161957   538127   161807   538367   161453   538697   161267   539009   160967   539129   160739   539309   160499   539633   160367   539663   160319   539837   160163   542447   344207   309899   665267
   665303   309797   540149   290039   410117   289763   410279   289319   410903   288839   411233   288527   411617   288227   412067   287933   412133   287849   412193   287549   412619   287057   413033   286763   413417   286469   413579   286199   414053   285827   414467   285377   414779   285113   415109   284819   415517   284483   415559   284429   415949   283859   416243   283607   416543   283133   282833   480713   159857   390209    34703
    34499   390407   159839   417089     2633   697397     2549   697583     2333   697733     2129   697937     2039   697979     1823   698273     1709   698339     1619   698393     1559   698483     1499   698567     1283   698729     1103   699053      947   699077      887   699197      719   699323      569   699443      557   699527      467   699557      389   699767       59   699953        5   355763   693179   282917   540167   309599   665507
   665549   309479   540173   282767   350039   344957   355463   344363   355679   344153   355967   343913   356219   343313   356933   343037   357107   342659   357353   342647   357437   342497   357593   342347   357767   342197   358079   341777   358277   341507   358667   341303   358733   341027   359027   340937   359129   340859   359297   340649   359837   339839   360257   339413   328589   379319   349967   417239   159833   390527    34457
    34403   390647   159773   417293   349919   360749   252827   447683   251939   448367   251609   448829   251099   449003   250889   449153   250703   449333   250643   449663   250307   449807   250043   450083   249797   450227   249749   450413   249533   450503   249449   450587   249329   450719   249107   450917   248909   451103   248609   451523   247997   452159   247613   242867   557027   339257   350087   282713   540233   309359   665603
   665723   309269   540269   282389   350093   339137   452453   114689   585413   114419   585677   114269   585839   114143   585917   113969   586073   113657   586493   113417   586679   113213   586979   112919   587219   112589   587429   112403   587669   112253   587987   111893   588173   111767   588347   111623   588509   111323   588737   111263   588779   111053   602453   334877   247553   360869   349913   417617   159737   390737    34283
    34259   390869   159629   417623   349793   361013   247409   588977   231323   468737   231107   468953   230969   469439   230393   469649   230213   470207   229763   470279   229703   470417   229553   470597   229343   470783   229139   471137   228797   471299   228617   471467   228257   471803   228113   471929   227873   472469   227363   472799   227189   225977   594449   111029   452597   338993   350213   282383   540377   309137   665747
   665789   308939   540383   282287   350219   338669   452813   110819   472847   296969   403097   296843   403253   296507   403757   296129   403889   296027   404489   295313   404819   295037   405347   294509   405527   294347   405689   294179   405947   293603   406499   293459   406649   293147   406883   293099   407489   292427   407639   292283   278609   476639   227159   589187   247193   361337   349787   417719   159623   391067    34217
    33773   391073   159617   417839   349553   361433   246899   589409   227147   407783   277637   422459   277247   422789   276953   423173   276827   423299   276593   423503   276449   423617   276293   423749   276137   424007   275987   424037   275783   424433   275459   424559   275339   424967   275003   425189   274709   425309   274583   272927   501077   292223   472859   110597   453107   338573   350453   282167   540389   308933   666233
   666437   308723   540437   282143   350663   338543   453197   110567   473453   292037   425489   203843   496343   203579   496889   203057   497117   202667   497597   202403   497663   202277   497957   201953   498209   201449   498647   201203   499139   200723   499349   200609   499493   200483   499649   200153   499943   200033   199403   648257   274517   407969   226553   589439   246809   361463   349343   417863   159569   391283    33569
    33479   391367   159407   417947   349043   361637   246713   589529   226487   408137   274457   500153    76679   623717    76283   624209    75773   624347    75539   624479    75407   624683    75269   624797    75167   624977    74903   625109    74873   625307    74687   625397    74597   625517    74363   625913    74027   639269   334793   199853   425549   291869   473519   110477   453293   338369   350963   282059   540599   308639   666527
   666647   308519   540713   282053   351179   338279   453317   110129   473579   291833   425603   199673   626033   190529   509603   190313   509723   190097   510077   189437   510617   189239   510989   188843   511487   188483   511703   188249   511859   187469   512543   187433   512597   187349   512843   186959   184487   677147    73973   500333   274403   408173   226427   589877   246689   361727   348827   417953   159293   391487    33359
    33149   391679   159233   418073   348527   361769   246209   590123   226409   408263   274223   500369    73943   513059   255077   444953   254987   445229   254699   445799   254039   446003   253919   446273   253607   446657   253247   447107   252887   447137   242093   458027   241817   458327   241643   240623   565919   186947   626063   199637   425783   291743   473597   109883   453797   338237   351479   281933   540773   308327   666857
   666983   308249   540779   281927   351563   338213   453833   109517   473723   291569   425819   199523   626147   186869   458543   239387   460673   239297   460919   239069   460979   238859   461297   238673   461507   238313   461843   237857   462239   237563   462719   237233   462827   237143   236087   575579   241463   513137    73859   500483   274187   408437   226283   590489   246173   361793   348443   418079   159227   391757    33023
    32993   391889   159017   418157   348419   361799   245897   590537   226217   408497   274103   500519    73847   513353   241343   462953   169769   530297   169667   530513   169457   530597   169313   530807   168863   531203   168743   531287   168143   531977   168023   532277   167633   547709   333779   237053   458663   186653   626159   199487   425903   291509   473789   109469   454109   338207   351587   281849   540989   308117   667013
   667019   307919   541097   281837   351599   338033   454247   109433   473999   291443   425987   199313   626333   186587   458669   236723   532379    52967   647069    52889   647147    52817   647333    52553   647477    52517   647627    52313   647747    52253   647783    51977   676259   321323   167627   463283   241337   513419    73673   500693   274019   408563   226007   590573   245759   361973   348407   418169   158909   392087    32987
    32579   392423   158657   418199   348353   361979   245753   590609   225989   408713   273929   500957    73643   513767   241259   463433   167483   648107   150239   550139   149837   550289   149627   550427   149399   550757   149069   550973   148913   551339   148517   566273   334247    51899   532523   236573   458747   186239   626363   199049   426077   291293   474017   109397   454253   338027   351653   281807   541349   307583   667427
   667577   307529   541439   281747   351797   337907   454379   109379   474197   291287   426233   198977   626393   186107   458879   236549   532739    51767   551549   213953   486119   213827   486293   213599   486449   213467   486677   213209   486833   213029   205397   631187   148457   648239   167267   463457   241127   513899    73613   501029   273773   408719   225809   590627   245627   362099   348209   418259   158567   392477    32429
    32363   392669   158537   418289   348077   362147   245183   590753   225569   409007   273719   501173    73529   514013   241049   463787   167249   648293   148193   487007   211433   488603   211373   488687   211283   488759   211097   489179   210809   207947   630863   212999   551813    51713   532757   236219   458957   185993   626477   198833   426287   290999   474437   109253   454823   337859   351929   281717   541469   307337   667643
   667697   307283   541577   281669   352049   337793   454919   109139   474479   290963   426353   198719   626489   185957   458993   235877   532907    51329   551849   212873   489407   138629   561389   138587   561599   138239   561797   138197   578603   332987   210599   487133   148157   648677   167099   464129   241013   514049    73517   501287   273653   409043   225527   590867   245087   362213   347957   418337   158429   392723    32309
    32237   392837   158393   418343   347933   362309   245039   591089   225509   409337   273617   501317    73379   514103   240959   464213   167087   648719   148079   487427   210527   561947    28277   671777    27947   672227    27689   693437   328667   138059   489479   212579   551927    51287   532919   235793   459047   185903   626627   198689   426389   290669   474497   108917   454967   337697   352073   281663   541613   307169   667769
   667817   307079   541763   281579   352133   337349   454973   108893   474503   290657   426737   198623   626963   185819   459113   235559   533033    51203   551933   212369   489539   137999   672557   135209   564917   135017   580379   334493    27449   562007   210467   487637   148073   648803   166973   464447   240893   514187    73043   501383   273269   409349   225503   591113   245033   362657   347873   418427   158243   392927    32189
    32057   393059   158189   418667   347813   362693   244787   591137   225347   409379   273233   501503    73019   514313   240797   464483   166703   649157   147977   487709   210347   562283    27239   565337   206897   652499   190613   134669   672767   137723   489659   212297   552029    50849   533303   235523   459209   185693   626987   198503   426773   290627   474659   108869   455219   337313   352193   281339   541817   306947   667949
   668033   306749   542117   281297   352493   337283   455339   108497   474707   290489   426893   198413   627083   185483   459749   235307   545063    50789   552179   212117   489689   137699   672827   565793   333719   350003   366287   134213    27179   562307   210317   487889   147827   649217   154943   464699   240257   514523    72923   501593   273113   409517   225299   591509   244667   362723   347513   418709   157889   393257    31973
    31847   393299   157823   418763   347099   363017   244493   591659   225227   409817   272933   501659    72623   514529   240203   464963   154619   649283   147743   488009   210263   562409   672863   118163   509393    47507   493109   581843    27143   137597   489743   211997   552263    50723   545387   235043   459803   185477   627383   198347   427073   290189   474779   108347   455513   336989   352907   281243   542183   306707   668159
   668609   306533   542207   281207   352949   336887   455603   108263   474839   290183   427103   198179   627953   185369   460073   235013   545483    50627   552317   211949   489833   562613     4919   365513   135089   564989   119627   564797   695087   137393   210173   488057   147689   649379   154523   464993   239933   514637    72053   501827   272903   409823   225167   591743   244403   363119   347057   418799   157799   393473    31397
    31319   393587   157769   418889   347033   363149   244379   591827   225149   420737   272759   502043    71993   514643   239879   464999   154073   649457   147347   488513   495119   119429   371339    28229   672059    27779   672317     6569   671729   580577   204887   211493   552659    50549   545933   235007   460127   185363   628013   197963   427247   279269   474857   108179   455627   336857   352973   281117   542237   306419   668687
   668699   306377   542483   280949   353453   336827   455789   107873   474917   279203   427403   197927   628097   185267   460157   234917   545939    50387   552707   494687   484733   367019   138617   561419   138407   561767   138209   561809   121403   561377   215273   205319   147299   649619   154067   465089   239849   514739    71909   502079   272603   420803   225089   592133   244217   363179   346553   419057   157523   393629    31307
    31259   393677   157427   419147   346547   363317   244157   592139   225023   421103   272567   502247    71879   514823   239633   465173   153953   649643   558287   484607    69143   211403   488633   211319   488723   211247   488909   210827   489197   492059   488573   215399   141719    50363   546053   234833   460373   185183   628127   197759   427439   278903   474983   107867   455849   336689   353459   280859   542579   306329   668747
   668813   306209   542747   280817   353567   336437   456149   107717   475037   278843   427457   197597   628139   185153   460409   234713   546263    49523   123887    68819   213887   486179   213713   486407   213557   486539   213329   486797   213173   486977   494609   486053   576119   650483   153743   465293   239597   514853    71867   502409   272549   421163   224969   592289   243857   363569   346439   419189   157259   393797    31193
    31139   393857   157133   419303   346349   363767   243839   592307   224897   421517   272477   502499    71789   514949   239543   465407   546599   620117   365759   149867   550169   149717   550379   149579   550607   149249   550937   149033   551093   148667   551489   133733   549767    79889   153407   234599   460463   185057   628217   197507   427529   278489   475109   107699   456167   336239   353657   280703   542873   306149   668867
   669023   306029   542987   280589   353747   336059   456767   107357   475289   278363   427913   197453   628373   184727   460589   234587   122489   378683    52937   647117    52859   647189    52673   647453    52529   647489    52379   647693    52259   647753    52223   648029    23747   647039   577517   465419   239417   515279    71633   502553   272093   421643   224717   592649   243239   363947   346259   419417   157019   393977    30983
    30977   394007   157007   419423   346223   363977   243197   592727   224603   421727   272009   502847    71333   515357   464327   687593   366227   169709   530339   169493   530549   169409   530693   169199   531143   168803   531263   168719   531863   168029   531983   167729   532373   152297   530237    12413   235679   184649   628673   197159   427997   278279   475403   107279   456809   336029   353783   280583   542999   305999   669029
   669113   305933   543287   280547   353819   335879   457277   107243   475427   278063   428003   197123   628679   515597   436739   124427   239333   460709   239087   460937   239027   461147   238709   461333   238499   461693   238163   462149   237767   462443   237287   462773   237179   462863   463919   460619   263267   184409    71327   502883   272003   421943   224579   592763   242729   364127   346187   419459   156719   394073    30893
    30839   394157   156707   419597   346043   364193   242639   592973   224423   422087   271967   502973    70997   506843   134087   255053   445019   254777   445307   254207   445967   254003   446087   253733   446399   253349   446759   252899   447119   252869   457913   241979   458189   241679   458363   459383   444929   193163   629009   197033   428039   277919   475583   107033   457367   335813   353963   280409   543299   305849   669167
   669329   305783   543383   280253   354257   335693   457403   106823   475679   277757   428177   503267   609533    22859   190403   509693   190283   509909   189929   510569   189389   510767   189017   511163   188519   511523   188303   511757   188147   512537   187463   512573   187409   512657   187163   513047   515519   509477    90473   196739   271829   422249   224327   593183   242603   364313   345749   419753   156623   394223    30677
    30593   394367   156467   419777   345689   364337   242453   593387   224309   422363   444167   489449   365213    76289   623723    75797   624233    75659   624467    75527   624599    75323   624737    75209   624839    75029   625103    74897   625133    74699   625319    74609   625409    74489   625643    74093   625979    60737   623327   210557   255839   277643   475697   106619   457553   335669   354317   280229   543539   305639   669413
   669659   305597   543659   279977   354533   335633   457559   106487   475877   424169   402197    51749   203663   496427   203117   496949   202889   497339   202409   497603   202343   497729   202049   498053   201797   498557   201359   498803   200867   499283   200657   499397   200513   499523   200357   499853   200063   499973   500603   496163   297809   275837   224129   593519   242447   364373   345473   420029   156347   394409    30347
    30137   394523   156119   420149   345329   364499   242399   593573   476759   384437   198929   277547   422759   277217   423053   276833   423179   276707   423413   276503   423557   276389   423713   276257   423869   275999   424019   275969   424223   275573   424547   275447   424667   275039   425003   274817   425297   274697   425423   427079   422369   315569   223247   106433   457607   335507   354677   279857   543887   305483   669869
   669887   305477   544223   279689   354743   335123   457697   103889   461609   223367   296909   403163   296753   403499   296249   403877   296117   403979   295517   404693   295187   404969   294659   405497   294479   405659   294317   405827   294059   406403   293507   406547   293357   406859   293123   406907   292517   407579   292367   407723   421397   403037   238397   596117   242309   364883   345263   420317   155783   394529    30119
    30059   394637   155747   420593   345227   364997   241883   575513   105557   231269   468899   231053   469037   230567   469613   230357   469793   229799   470243   229727   470303   229589   470453   229409   470663   229223   470867   228869   471209   228707   471389   228539   471749   228203   471893   228077   472133   227537   472643   227207   472817   474029   468683   124493   458123   335009   354779   279413   544259   305369   669947
   670139   305363   544919   279407   355037   316097   657269   365129   114593   585587   114329   585737   114167   585863   114089   586037   113933   586349   113513   586589   113327   586793   113027   587087   112787   587417   112577   587603   112337   587753   112019   588113   111833   588239   111659   588383   111497   588683   111269   588743   111227   588953    97553   585317    42737   383909   344969   420599   155087   394643    29867
    29789   394739   155069   420677   692399   405857   142979   252323   448067   251639   448397   251177   448907   251003   449117   250853   449303   250673   449363   250343   449699   250199   449963   249923   450209   249779   450257   249593   450473   249503   450557   249419   450677   249287   450899   249089   451097   248903   451397   248483   452009   247847   452393   457139   447179   294149     7607   279329   544937   305267   670217
   670343   305219   544979   420977   695369   320687   344543   355643   344327   355853   344039   356093   343787   356693   343073   356969   342899   357347   342653   357359   342569   357509   342413   357659   342239   357809   341927   358229   341729   358499   341339   358703   341273   358979   340979   359069   340877   359147   340709   359357   340169   360167   339749   360593   371417   355049     4637   279029   155027   394787    29663
    29429   395027   154247   400859     6827     2609   697457     2423   697673     2273   697877     2069   697967     2027   698183     1733   698297     1667   698387     1613   698447     1523   698507     1439   698723     1277   698903      953   699059      929   699119      809   699287      683   699437      563   699449      479   699539      449   699617      239   699947       53   700001   344243   697373   299147   545759   304979   670577
   670583   303377   530087   219293   289889   410243   289727   410687   289103   411167   288773   411479   288389   411779   287939   412073   287873   412157   287813   412457   287387   412949   286973   413243   286589   413537   286427   413807   285953   414179   285539   414629   285227   414893   284897   415187   284489   415523   284447   415577   284057   416147   283763   416399   283463   416873   417173   409967   169919   396629    29423
   670877   466247   355799   166643   533549   166259   533837   166043   533993   165947   534173   165533   534923   164987   535169   164477   535697   164279   535757   164147   535967   163859   536273   163307   537413   162419   537743   162257   538049   161879   538199   161639   538553   161309   538739   160997   539039   160877   539267   160697   539507   160373   539639   160343   539687   160169   539843   157559   533327   233759    29129
    17729   272039   315407   384737   315179   385079   314879   385193   314807   385379   314603   385493   314399   385739   314213   385817   314129   385943   313889   386153   313727   386369   313517   387017   312929   387227   312743   387269   312677   387623   312089   387977   311897   388259   311687   388403   311279   388823   310949   389117   310733   389447   310439   389723   310223   389819   310049   390077   390503   384479   682277
   353867    39839   660227    39659   660503    39443   660683    39119   660893    39107   660917    39023   661103    38867   661259    38567   661547    38453   661613    38333   661679    38237   661823    37649   662477    37493   662693    37217   662867    37049   663149    36767   663407    36467   663653    36293   663737    36209   663869    35963   664109    35753   664403    35423   664613    35339   664679    35267   664847    33863   660137
