    47507   652667    47279   652913    46889   653153    46649   653363    46499   653777    46187   653903    45959   654053    45497   654593    45377   654743    45179   654923    44963   655229    44633   655649    44279   655757    44159   655883    43943   656153    43577   656519    43403   656609    43319   656783    43067   656993    42989   657233    42737   657323    42533   657497    42467   657707    42227   657809    42179   674537   330887
   657983   324437   375707   323957   376127   323699   376469   323249   377129   322859   377297   322613   377543   322319   378023   321413   378683   321227   378929   321053   379163   320699   379319   320609   379667   320303   379787   320153   379979   320009   380189   319679   380333   319589   380459   319169   380879   319097   380957   318683   381377   318473   381629   318347   381707   317969   382103   317777   316853   412457    42023
    41927   382553   176129   524057   175919   524507   175067   525017   174749   525353   174413   525599   174329   525809   174137   526037   173933   526139   173807   526223   173699   526649   173297   526733   173267   526829   172883   527129   172673   527399   172553   527489   172373   527699   172217   527909   171869   528299   171383   528707   171077   529049   170777   529637   169943   530087   169913   539009   338369   317453   658079
   658127   317363   530183   300119   399983   300017   400199   299699   400559   299363   400859   299063   401069   298589   401957   298013   402053   297809   402299   297623   402503   297083   403037   296909   403163   296753   403499   296249   403877   296117   403979   295517   404693   295187   404969   294659   405497   294479   405659   294317   405827   294149   405947   293603   406499   293459   406883   346349   169823   382643    41879
    41759   382727   169769   406649     8669   691343     8597   691433     8543   691583     8369   691709     8243   691787     8087   691997     7907   692249     7673   692399     7583   692459     7253   692927     7043   693089     6869   693149     6827   693317     6653   693437     6473   693677     6323   693689     6263   693809     5987   694079     5813   694223     5693   694349     5639   696659   346259   293357   530237   317279   658247
   658277   317159   530297   293147   694487     1733   698297     1667   698387     1613   698447     1523   698507     1439   698723     1277   698903      953   699059      929   699119      719   699323      569   699443      557   699527      467   699557      389   699767       59   699953        5   350039   349919   350093   349793   350219   349553   350663   349043   351179   348527   359147   691037     5519   406859   169709   382847    41729
    41687   382883   169667   406907     5483   351563   260873   439157   260807   439253   260717   439463   260339   439799   259967   440177   259823   440339   259499   440849   259019   441029   258827   441263   258563   441479   258449   441563   258437   441887   257987   442139   257687   442367   257519   442517   257273   442817   257177   443039   256889   443129   256757   255383   535859   348443   694523   293099   530339   317123   658319
   658379   317087   530513   292517   694619   348419   443363   122579   577517   122477   577613   122267   577799   122069   577979   121889   578309   121607   578453   121523   578537   121403   578693   121229   578999   120899   579239   120503   579533   120299   579713   120233   580259   119633   580379   119429   580763   119087   581099   118673   581549   118409   597353   332117   256643   351587     5387   407489   169493   382919    41627
    41603   383069   169457   407579     5087   351599   256517   581663   240623   459749   240203   460073   239879   460157   239633   460409   239543   460589   239387   460673   239297   460919   239069   460979   238859   461297   238673   461507   238397   461693   238163   462149   237767   462443   237287   462773   237179   462863   237053   463283   236573   235877   575087   118343   443489   348407   694919   292427   530549   316937   658403
   658487   316907   530597   292367   694997   348353   443837   118277   463457   305783   394367   305597   394523   305477   394637   305363   394739   305219   395027   304937   395159   304763   395453   304349   396203   303767   396293   303683   396413   303497   396533   303377   396713   303287   396887   303053   397037   302747   397283   302579   417617   327737   236549   581729   256169   351653     5009   407639   169409   383099    41519
    41399   383147   169313   407723     5003   351797   256133   581753   236219   397433   285539   414629   285227   414893   284897   415517   284483   415559   284429   415949   283859   416243   283607   416543   283133   417089   282833   417239   282713   417623   282287   417839   282143   417947   282053   418073   281927   418157   281837   281747   484079   302573   463787   118253   443873   348209   695003   292283   530693   316859   658607
   658649   316703   530807   292223   695069   348077   443987   118163   463919   302513   418289   210173   490019   209837   490367   209543   490859   209039   491129   208787   491333   208667   491417   208577   491537   208379   491639   208337   491783   208217   491867   208037   492053   207947   492083   207629   492413   207443   206897   634079   281717   397493   236087   581843   256019   351929     4937   407783   169199   383303    41357
    41189   383429   168863   407969     4919   352049   255977   582017   235793   397547   281669   492629    84737   615473    84509   615539    84449   615599    84389   615743    84239   615827    84137   616073    83903   616229    83717   616367    83597   616529    83459   616589    83219   616799    83177   616943    83009   622793   343037   207377   418337   302459   464213   117989   444029   347957   695087   292037   531143   316577   658817
   659159   316373   531203   291869   695117   347933   444089   117839   464327   302417   418343   207287   617249   198179   502043   197927   502247   197597   502499   197453   502847   197123   502973   197003   503207   196739   503297   196583   503483   196187   503963   195863   504197   195737   504479   195479   188303   664667    82757   492719   281663   397589   235679   582167   255917   352073     4889   408137   168803   383633    40847
    40829   383813   168743   408173     4799   352133   255839   582173   235559   398063   281579   492893    82619   504563   262853   437273   262649   437363   262313   437753   262187   437867   261977   438047   261773   438419   261563   438989   260999   448397   251177   448907   251003   449117   250853   450557   338033   195443   617387   207113   418427   301943   464447   117833   444167   347873   695207   291833   531263   316193   659177
   659423   316097   531287   291743   695327   347813   444293   117797   464483   301877   418667   206993   617447   195413   449303   248609   451523   247997   452159   247613   452453   247409   452813   246899   453197   246689   453797   246173   454109   245759   454253   245627   454823   245087   244787   558287   250703   504593    82559   493013   281339   398129   235523   582209   255713   352193     4679   408263   168719   383909    40583
    40493   383969   168143   408437     4637   352493   255659   582227   235307   398213   281297   493067    82469   504599   250673   454967   178643   521393   178559   521519   178469   521567   178403   521657   178187   521879   178103   522113   177839   522383   177383   522659   177269   539639   332393   245039   449333   195407   617537   206939   418709   301793   464699   117779   444347   347513   695369   291569   531863   316037   659513
   659723   315977   531977   291509   695777   347099   444539   117497   464963   301703   418763   206879   617657   195389   449363   245033   522749    60149   640007    59957   640127    59747   640307    59417   640613    59357   640733    59159   640943    58913   641279    58679   649157   341507   177257   454973   250643   504617    82349   493127   281243   398303   235043   582509   255467   352907     4229   408497   168029   384029    40283
    40163   384107   168023   408563     4139   352949   255329   582563   235013   398357   281207   493193    82307   504677   250343   455339   177167   641579   158393   541763   158189   542117   157823   542207   157769   542447   157523   542579   157259   542873   157019   625397   266687    58427   522839   244667   449663   195329   617699   206813   418799   301649   464993   117443   444677   347057   695867   291443   531983   315899   659843
   660053   315893   532277   291293   695873   347033   444767   117329   464999   301583   418889   206603   617843   195077   449699   244493   523307    58367   542999   223919   476183   223757   476369   223577   476477   223493   476603   223367   476753   223247   219707   606587   157007   641639   176699   455513   250307   504929    82163   493403   281117   398423   235007   582677   255239   352973     4133   408713   167729   384113    39953
    39887   384203   167633   408719     4127   353453   255173   582737   234917   398543   280949   493463    81953   504953   250199   455603   176573   641789   156719   477149   221849   478199   221747   478403   221327   478787   221093   478937   220859   219689   609143   222857   543287    58217   523433   244403   449807   195053   618053   206543   419057   301463   465089   117269   444833   346553   695879   291287   532373   315803   660119
   660137   315779   532379   290999   695927   346547   444869   117239   465173   301247   419147   206483   618257   195023   449963   244379   523637    58193   543299   222713   480023   147977   552179   147743   552317   147347   552707   147197   564653   337907   219983   477293   156707   641813   176369   455627   250043   504983    81749   493523   280859   398759   234833   582767   255137   353459     4079   409007   167627   384227    39869
    39839   384407   167483   409043     4007   353567   255077   582887   234713   398933   280817   493607    81737   505073   249923   455789   176333   641897   156623   477359   219959   552899    36293   663737    36209   663869    35963   670877   343073   147107   480047   222647   543383    58109   523673   244217   450083   194933   618269   206399   419189   301073   465293   117119   444929   346439   695999   290963   532523   315599   660167
   660227   315569   532739   290669   696077   346223   444953   117023   465407   300869   419303   206273   618329   194867   450209   244157   523763    57809   543539   222329   480167   147089   664109   144839   555287   144413   565637   339839    35897   552917   219839   477677   156467   642197   176243   455849   249797   505139    81677   493733   280703   399137   234599   582983   255053   353783     3929   409337   167267   384437    39779
    39659   384479   167249   409349     3923   353819   254987   583013   234587   399149   280589   493853    81629   505187   249779   456149   176213   642233   156347   477809   219797   553073    35753   555683   213953   645443   190613   144323   664253   146933   480209   222197   543659    57773   523793   243857   450227   194819   618377   206153   419417   300857   465419   116993   445019   346187   696083   290657   532757   315527   660347
   660503   315407   532907   290627   696239   346139   445229   116867   465809   300809   419423   206069   618437   194729   450257   243839   523847    57587   543887   222149   480329   146777   664403   143063   326663   350003   373343   556943    35603   553229   219677   477857   156119   642419   176159   456167   249749   505277    81569   493937   280583   399197   234197   583139   254777   353867     3767   409379   167099   384599    39503
    39443   384737   167087   409517     3593   353963   254699   583367   234089   399227   280547   493967    81299   505283   249593   456767   164039   642623   155783   477899   219503   553463   664583   546263   509393    54563   486053   153743    35423   146543   480503   222107   544223    57383   535967   243239   450413   194723   618707   206039   419459   300779   465917   116639   445307   346043   696413   290489   532919   315269   660563
   660683   315179   533033   290189   696617   345749   445799   116537   465977   300743   419597   206033   618833   194687   450503   243197   536147    57269   544259   222059   480569   146477    27947   360167   144719   555593   134369   555167   672059   553529   219437   477947   155747   642737   163859   456809   249503   505319    81173   493973   280409   399263   234029   583469   254207   354257     3389   409817   166973   384827    39323
    39119   385079   166703   409823     3119   354317   254039   583523   233759   399689   280253   493979    81077   505523   249329   457139   163733   642833   155087   477977   563117   540173   356933    36269   663797    36137   664043    29129   663713   159833   136889   222029   544919    57173   536273   242867   450677   194483   618929   206027   419753   300317   466247   116483   445967   345689   696887   290183   533303   314927   660887
   660893   314879   533327   290039   697049   345473   446003   116387   466517   287387   419777   205937   619187   194087   450719   242729   536699    57107   544937   480419   393857   362099   147827   552263   147689   552659   147299   552809   135353   552029   306149   219587   155069   642899   163307   457277   249287   505919    80819   494069   280229   412619   233489   583619   254003   354533     2957   409967   166679   385127    39113
    39107   385193   166643   410117     2927   354677   253919   583727   233357   412949   279977   494093    80039   505949   249107   457367   162593   642947   549707   474839    90863   221807   478259   221603   478679   221219   478913   221069   479147   480317   478157   225167   150299    57059   537413   242639   450899   194057   619967   205913   420029   287057   466649   116279   446087   345329   697079   289889   533363   314813   660899
   660917   314807   533549   289763   697127   345263   446273   116273   467183   286973   420149   205619   620033   194027   450917   242603   537587    56453    65147    93419   223823   476249   223637   476429   223529   476513   223403   476639   223253   476759   480299   476087   634859   643553   162419   457403   249089   505979    79973   494387   279857   413033   232823   583733   253733   354743     2879   410243   166457   385199    39089
    39023   385379   166259   410279     2789   354779   253607   583997   232709   413243   279689   494519    79907   506147   248909   457553   161957   632717   433319   158243   541817   157889   542183   157799   542237   157559   542483   157427   542747   157133   542987    74609   541613    67289   538049   242453   451097   193859   620099   205487   420317   286763   467297   116009   446399   345227   697217   289727   533747   314627   660983
   661103   314603   533837   289319   697373   344969   446657   115979   467399   286589   420593   205397   620117   193793   451103   229409   517457   358499    59999   640049    59879   640259    59699   640589    59393   640649    59273   640847    59063   641093    58727   641327    50849   639857   182549   470597   248903   506213    79889   494609   279413   413417   232607   584027   253349   355037     2633   410687   166169   385403    38903
    38867   385493   166043   410903     2609   355049   253247   584153   232499   413537   279407   494687    79847   506327   246713   673223   367613   178613   521447   178487   521537   178439   521603   178349   521819   178127   521903   177893   522167   177623   522623   177347   522737   160367   521363    26783   453293   193679   620159   205319   420599   286469   467507   115853   446759   344957   697397   289103   533963   314513   661139
   661259   314399   533993   288839   697457   344543   447107   115823   467549   286427   420677   205307   620183   512537   428639   141719   248483   452009   247847   452393   247553   452597   247193   453107   246809   453317   246209   453833   245897   454247   245753   454379   245183   454919   455219   451397   271367   187469    79823   494699   279329   413579   232457   584183   252899   355463     2549   411167   166013   385607    38747
    38567   385739   165947   411233     2423   355643   252887   584249   232307   413807   279269   494783   620777   498647   361973   262733   437357   262643   437693   262253   437819   262139   438029   261959   438233   261587   438443   261017   439007   251609   448829   251099   449003   250889   449153   249449   437153   201359    79229   205223   420737   286199   467699   115757   447119   344363   697583   288773   534059   314267   661439
   661547   314213   534173   288527   697673   344327   447137   115727   467897   285953   420803   495647    69143    35339   197963   502079   197759   502409   197507   502553   197159   502883   197033   503003   196799   503267   196709   503423   196523   503819   196043   504143   195809   504269   195527   504527   511703   501827   630863   204359   279203   414053   232109   584279   252869   355679     2333   411479   165833   385793    38459
    38453   385817   165533   411617     2273   355763   252827   584393   232103   414179   267569   484727   356969    84533   615497    84467   615557    84407   615617    84263   615767    84179   615869    83933   616103    83777   616289    83639   616409    83477   616547    83417   616787    83207   616829    83063   616997    77213   615269   215279   432437   285827   467903   115613   447179   344243   697733   288389   534473   314189   661553
   661613   314129   534923   288227   697877   344207   447683   115589   467927   284819   561389    65927   209987   490169   209639   490463   209147   490967   208877   491219   208673   491339   208589   491429   208469   491627   208367   491669   208223   491789   208139   491969   207953   492059   207923   492377   207593   492563   493109   489833   138617   415187   232079   584417   252323   355799     2129   411779   165083   385877    38393
    38333   385943   164987   412067     2069   355853   251939   584663   468059   387269   215927   285377   414779   285113   415109   284489   415523   284447   415577   284057   416147   283763   416399   283463   416873   282917   417173   282767   417293   282383   417719   282167   417863   282059   417953   281933   418079   281849   418169   418259   414467   312737   231947   115343   448067   344153   697937   287939   535019   314063   661673
   661679   313889   535169   287933   697967   344039   448367   114593   450587   372269   305639   394409   305483   394529   305369   394643   305267   394787   304979   395069   304847   395243   304553   395657   303803   396239   303713   396323   303593   396509   303473   396629   303293   396719   303119   396953   302969   397259   302723   397427   282389   394223   249419   585413   251639   355967     2039   412073   164837   386117    38327
    38237   386153   164477   412133     2027   360749   249533   561599   124919   240257   459803   239933   460127   239849   460373   239597   460463   239417   460619   239333   460709   239087   460937   239027   461147   238709   461333   238499   461609   238313   461843   237857   462239   237563   462719   237233   462827   237143   462953   236723   463433   464129   459383   138407   450473   339257   697979   287873   535529   313853   661769
   661823   313727   535697   287849   698183   690467   628757   367889   122489   577529   122393   577739   122207   577937   122027   578117   121697   578399   121553   578483   121469   578603   121313   578777   121007   579107   120767   579503   120473   579707   120293   579773   119747   580373   119627   580577   119243   580919   118907   581333   118457   581597   102653   577427    71249     9539     1823   412157   164309   386279    38183
    37649   386369   164279   412193      809   690533   164147   260849   439199   260753   439289   260543   439667   260207   440039   259829   440183   259667   440507   259157   440987   258977   441179   258743   441443   258527   441557   258443   441569   258119   442019   257867   442319   257639   442487   257489   442733   257189   442829   256967   443117   256877   443249   444623   439133     9473   699197   287813   535727   313637   662357
   662477   313517   535757   418199   690119     8969     1709   698339     1619   698393     1559   698483     1499   698567     1283   698729     1103   699053      947   699077      887   699287      683   699437      563   699449      479   699539      449   699617      239   699947       53   700001   349967   350087   349913   350213   349787   350453   349343   350963   348827   351479   340859   698273     9887   281807   164249   386489    37529
    37493   387017   540383   269519   353747     8663   691409     8573   691463     8423   691637     8297   691763     8219   691919     8009   692099     7757   692333     7607   692423     7547   692753     7079   692963     6917   693137     6857   693179     6689   693353     6569   693533     6329   693683     6317   693743     6197   694019     5927   694193     5783   694313     5657   694367     3347   691337   430487   159623   312989   662513
   662693   387917   139067   353657   300023   399989   299807   400307   299447   400643   299147   400943   298937   401417   298049   401993   297953   402197   297707   402383   297503   402923   296969   403097   296843   403253   296507   403757   296129   403889   296027   404489   295313   404819   295037   405347   294509   405527   294347   405689   294179   405857   294059   406403   293507   406547   293123   399887   560939   312089    37313
    37139   364883   361637   175949   524087   175499   524939   174989   525257   174653   525593   174407   525677   174197   525869   173969   526073   173867   526199   173783   526307   173357   526709   173273   526739   173177   527123   172877   527333   172607   527453   172517   527633   172307   527789   172097   528137   171707   528623   171299   528929   170957   529229   170369   530063   169919   530093   160997   523877   335123   662867
   635849   287549   324299   376049   323879   376307   323537   376757   322877   377147   322709   377393   322463   377687   321983   378593   321323   378779   321077   378953   320843   379307   320687   379397   320339   379703   320219   379853   320027   379997   319817   380327   319673   380417   319547   380837   319127   380909   319049   381323   318629   381533   318377   381659   318299   382037   317903   382229   383153   375569    64157
   369119    47339   652727    47093   653117    46853   653357    46643   653507    46229   653819    46103   654047    45953   654509    45413   654629    45263   654827    45083   655043    44777   655373    44357   655727    44249   655847    44123   656063    43853   656429    43487   656603    43397   656687    43223   656939    43013   657017    42773   657269    42683   657473    42509   657539    42299   657779    42197   657827    25469   652499
