    51203   649157    50789   649283    50627   649457    50387   649643    50207   649829    50129   649937    49823   650477    49523   650543    49193   650987    48989   651239    48533   651509    48239   651809    47777   652493    47507   652667    47279   652913    46889   653153    46649   653363    46499   653777    46187   653903    45959   654053    45497   654593    45377   654743    45179   654923    44963   655229    44633   655883   346553
   655649   327317   372797   327203   373007   326663   373349   326147   373943   325943   374117   325883   374333   325607   374687   325217   374819   325019   375029   324893   375233   324647   375413   324557   375509   324473   375569   324299   376049   323879   376307   323537   376757   322877   377147   322709   377393   322463   377687   321983   378593   321323   378779   321077   378953   320843   379307   320687   387917   338207    44357
    44279   379397   178643   521393   178559   521519   178469   521567   178403   521657   178187   521879   178103   522113   177839   522383   177383   522659   177269   522749   177167   523307   176573   523637   176333   523763   176213   523847   176129   524057   175919   524507   175067   525017   174749   525353   174413   525599   174329   525809   174137   526037   173933   526139   173807   526223   173699   535697   337907   320609   655727
   655757   320339   526649   303287   396887   303053   397037   302747   397283   302579   397433   302513   397547   302417   398063   301877   398213   301703   398357   301583   398543   301247   398933   300869   399149   300809   399227   300743   399689   300119   399983   300017   400199   299699   400559   299363   400859   299063   401069   298589   401957   298013   402053   297809   402299   297623   408137   340937   173357   379667    44249
    44159   379703   173297   402503    11933   688097    11867   688217    11783   688637    11273   688763    11117   688979    10973   689267    10613   689693    10139   689873    10103   690119     9629   690419     9539   690509     9473   690629     9137   691037     8807   691337     8663   691409     8573   691463     8423   691637     8297   691763     8219   691919     8009   692099     7757   692423   347513   297503   526709   320303   655847
   656063   320219   526733   297083   692333     4139   695873     4127   695927     4007   696077     3923   696239     3389   696659     3119   697049     2927   697127     2789   697373     2609   697457     2423   697673     2273   697877     2069   697967     2027   698183     1733   698297     1667   698387     1613   698447     1523   698507     1439   698723     1277   698903      953   699539   347813     7673   402923   173273   379787    43943
    43853   379853   173267   403037     7607   699059   264167   435893   264083   435947   263909   436157   263723   436439   263399   436739   262853   437273   262649   437363   262313   437753   262187   437867   261977   438047   261773   438419   261563   438989   260999   439133   260849   439199   260753   439289   260543   439667   260207   440039   259829   440183   259667   442019   346259      947   692399   296969   526739   320153   656153
   656429   320027   526829   296909   692459      929   440507   125639   574619   125339   574703   125207   574913   124979   575087   124853   575213   124703   575429   124493   575573   124427   575669   124139   576119   123803   576287   123707   576683   122963   577067   122609   577427   122489   577529   122393   577739   122207   577937   122027   578117   121697   580577   345749   259499   699077     7547   403097   173177   379979    43577
    43487   379997   172883   403163     7253   699119   259157   578399   242867   457277   242639   457403   242453   457559   242399   457697   242093   458027   241883   458189   241679   458363   241463   458663   241337   458747   241127   458957   241013   459047   240893   459209   240257   459803   239933   460127   239849   460373   239597   460463   239417   462863   346439   121607   440849      887   692753   296843   527123   320009   656519
   656603   319817   527129   296753   692927      809   440987   121553   460619   308249   391889   307919   392423   307529   392669   307283   392837   307079   393059   306749   393299   306533   393587   306377   393677   306209   393857   306029   394007   305933   394157   305783   394367   305597   394523   305477   394637   305363   394739   305219   412157   330887   239387   578453   259019   699197     7079   403253   172877   380189    43403
    43397   380327   172673   403499     7043   699287   258977   578483   239333   395027   288839   411233   288527   411617   288227   412067   287933   412133   287813   412457   287387   412949   286973   413243   286589   413537   286427   413807   285953   414179   285539   414629   285227   414893   284897   415187   284489   415523   284447   282383   480989   304979   460673   121523   441029      719   692963   296507   527333   319679   656609
   656687   319673   527399   296249   693089      683   441179   121469   460709   304937   415577   212297   487889   211997   488057   211493   488573   211403   488633   211319   488723   211247   488909   210827   489197   210599   489449   210527   489539   210347   489689   210263   489833   209987   490169   209639   490463   209147   493523   346349   284429   395069   239297   578537   258827   699323     6917   403757   172607   380333    43319
    43223   380417   172553   403877     6869   699437   258743   578603   239087   395159   284057   490967    87743   612377    87623   612497    87293   612923    86993   613163    86837   613253    86579   613607    86369   613763    86117   614153    85829   614387    85523   614693    85247   615137    84737   615473    84509   618929   344327   209039   415949   304847   460919   121403   441263      569   693137   296129   527453   319589   656783
   656939   319547   527489   296117   693149      563   441443   121313   460937   304763   416147   208877   615539   200513   499523   200357   499853   200063   499973   199853   500333   199637   500483   199487   500603   199313   500957   198977   501077   198833   501287   198689   501383   198503   501593   198347   508709   341729    84467   491129   283859   395243   239069   578693   258563   699443     6857   403889   172517   380459    43067
    43013   380837   172373   403979     6827   699449   258527   578777   239027   395453   283763   491219    84449   501827   265547   434813   265157   434927   264899   435257   264743   435563   264437   435647   264353   444623   255329   444767   255173   444869   255077   444953   254987   445229   254699   450227   334793   198179   615557   208787   416243   304553   460979   121229   441479      557   693179   296027   527633   319169   656993
   657017   319127   527699   295517   693317      479   441557   121007   461147   304349   416399   208673   615599   197963   445799   250703   449333   250643   449663   250307   449807   250043   450083   249797   450257   249593   450473   249503   450557   249419   450677   249287   450899   249089   247997   551933   254207   502043    84407   491333   283607   395657   238859   578999   258449   699527     6689   404489   172307   380879    42989
    42773   380909   172217   404693     6653   699557   258443   579107   238709   396203   283463   491339    84389   502079   254039   451097   180779   519257   180647   519383   180497   519587   179939   520103   179813   520313   179657   520427   179573   520649   179327   520763   178853   539507   330983   248909   445967   197927   615617   208667   416543   303803   461297   120899   441563      449   693353   295313   527789   319097   657233
   657269   319049   527909   295187   693437      389   441569   120767   461333   303767   416873   208589   615743   197759   446003   248903   521309    62723   637319    62627   637409    62507   637529    62297   637787    62189   638303    61583   638453    61547   638663    61007   642419   345689   178697   451103   254003   502247    84263   491417   283133   396239   238673   579239   258437   699617     6569   404819   172097   380957    42737
    42683   381323   171869   404969     6473   699767   258119   579503   238499   396293   282917   491429    84239   502409   253919   451397   167633   639053   159857   540167   159833   540233   159737   540377   159623   540389   159569   540599   159293   540773   159227   547709   342659    60953   532373   248609   446087   197597   615767   208577   417089   303713   461507   120503   441887      239   693533   295037   528137   318683   657323
   657473   318629   528299   294659   693677       59   442139   120473   461609   303683   417173   208469   615827   197507   446273   248483   532379    60923   540989   225527   474497   225503   474659   225299   474779   225167   474917   225023   475037   224897   223247   601487   159017   639083   167627   451523   253733   502499    84179   491537   282833   396323   238397   579533   257867   699947     6329   405347   171707   381377    42533
    42509   381533   171383   405497     6323   699953   257687   579707   238313   396413   282767   491627    84137   502553   253607   452159   167483   639137   158909   475289   223823   476369   223577   476477   223493   476603   223367   476753   222857   480167   346547   224717   541097    60869   532523   247847   446399   197453   615869   208379   417239   303593   461693   120299   442319       53   693683   294509   528623   318473   657497
   657539   318377   528707   294479   693689        5   442367   120293   461843   303497   417293   208367   616073   197159   446657   247613   532739    60737   541349   224603   477293   149867   550169   149717   550427   149399   550757   149069   553589   347033   222713   475403   158657   639269   167267   452393   253349   502847    83933   491639   282713   396509   238163   579713   257639   700001     6317   405527   171299   381629    42467
    42299   381659   171077   405659     6263   350039   257519   579773   237857   396533   282389   491669    83903   502883   253247   452453   167249   639563   158567   475427   222647   550973    38903   661139    38747   661439    38459   668687   342647   149033   477359   224579   541439    60443   532757   247553   446759   197123   616103   208337   417617   303473   462149   120233   442487   349967   693743   294347   528929   318347   657707
   657779   318299   529049   294317   693809   349919   442517   119747   462239   303377   417719   208223   616229   197033   447107   247409   532907    60317   541469   224423   477677   148913   661553   146477   553583   146273   559529   344153    38453   551093   222329   475583   158537   639689   167099   452597   252899   502973    83777   491783   282287   396629   237767   580259   257489   350087     6197   405689   170957   381707    42227
    42197   382037   170777   405827     5987   350093   257273   580373   237563   396713   282167   491789    83717   503003   252887   452813   166973   639713   158429   475679   222197   551339    38393   553757   217409   601067   231533   146249   661613   148667   477809   224327   541577    60293   533033   247193   447119   197003   616289   208217   417839   303293   462443   119633   442733   349913   694019   294179   529229   317969   657809
   657827   317903   529637   294149   694079   349793   442817   119627   462719   291293   417863   208139   616367   196799   447137   246899   533303    60167   541613   224309   477857   148517   661673   554969   364127   350003   335879   145037    38333   551489   222149   475697   158393   639839   166703   453107   252869   503207    83639   491867   282143   408713   237287   580379   257189   350213     5927   405857   170369   382103    42179
    42023   382229   169943   405947     5813   350219   257177   580763   237233   408719   282059   491969    83597   503267   252827   453197   166679   639857   158243   475877   222107   551549   662477   138959   468473    98939   482597   561047    37529   148457   477899   224129   541763    60149   533327   246809   447179   196739   616409   208037   417947   291287   462773   119243   442829   349787   694193   294059   530063   317777   657983
   658079   317453   530087   293603   694223   349553   443039   119087   462827   290999   417953   207953   616529   196709   447683   246713   533363    59999   541817   224033   477947   148079    29663   355853   146423   553733   140477   553529   670343   551927   222059   475973   158189   640007   166643   453293   252323   503297    83477   492053   282053   409007   237179   580919   256967   350453     5783   406403   169919   382553    41927
    41879   382643   169913   406499     5693   350663   256889   581099   237053   409043   281933   492059    83459   503423   251939   453317   166457   640049   157889   476087   504929   547817   357359    38867   661259    38567   661547    31319   661103   152189   195077   223919   542117    59957   533549   246689   448067   196583   616547   207947   418073   290963   462953   118907   443117   349343   694313   293507   530093   317363   658127
   658247   317279   530183   293459   694349   349043   443129   118673   463283   290669   418079   207923   616589   196523   448367   246209   533747    59879   542183   476249   190097   352973   149837   550289   149579   550607   149249   550937   146417   550139   509909   223757   157823   640127   166259   453797   251639   503483    83417   492083   281927   409337   236723   581333   256877   350963     5657   406547   169823   382727    41759
    41729   382847   169769   406649     5639   351179   256757   581549   236573   409349   281849   492377    83219   503819   251609   453833   166169   640259   552317   474017   353459   223637   476429   223529   476513   223403   476639   223253   477149   219839   476183   225989   147689    59747   533837   246173   448397   196187   616787   207629   418157   290657   463433   118457   443249   348827   694367   293357   530237   317159   658277
   658319   317123   530297   293147   694487   348527   443363   118409   463457   290627   418169   207593   616799   196043   448907   245897   533963    58679   139067    98519   225509   474503   225347   474707   225227   474839   225089   474983   224969   475109   476759   474479   560939   641327   166043   454109   251099   503963    83207   492413   281837   409379   236549   581597   256643   351479     5519   406859   169709   382883    41687
    41627   382919   169667   406883     5483   351563   256517   581663   236219   409517   281807   492563    83177   504143   251003   454247   534923   634679   357347   159839   540173   159773   540269   159629   540383   159617   540437   159407   540713   159233   540779   152297   540149    65327   165083   245759   449003   195863   616829   207443   418199   290489   463787   118343   443489   348443   694523   293123   530339   317087   658379
   658403   316937   530513   293099   694619   348419   443837   118277   463919   290189   418259   207377   616943   195809   449117   467699   142979   354317    62687   637379    62597   637499    62477   637709    62219   637817    61703   638423    61553   638459    61343   638999    57587   637283   557027   232307   250889   504197    83063   492629   281747   409817   236087   581729   256169   351587     5387   406907   169493   383069    41603
    41519   383099   169457   407489     5087   351599   256133   581753   235877   409823   281717   492719    83009   504269   449153   430949   369023   180749   519359   180623   519509   180419   520067   179903   520193   179693   520349   179579   520433   179357   520679   179243   521153   160499   519227   269057   250853   195737   616997   207287   418289   290183   464129   118253   443873   348407   694919   292517   530549   316907   658487
   658607   316859   530597   292427   694997   348353   443987   118163   464213   290039   418337   207113   617249   504593   222029   148073   250673   449363   250343   449699   250199   449963   249923   450209   249749   450413   249533   450503   249449   450587   249329   450719   249107   450917   452009   449303   477977   195413    82757   492893   281669   409967   235793   581843   256019   351653     5009   407579   169409   383147    41399
    41357   383153   169313   407639     5003   351797   255977   582017   235679   410117   281663   493013    79889   183713   365213   265193   434849   265079   435107   264749   435263   264443   435569   264359   435653   255383   444677   255239   444833   255137   444929   255053   445019   254777   445307   249779   434459   516293   620117   206993   418343   289889   464327   117989   444029   348209   695003   292367   530693   316853   658649
   658817   316703   530807   292283   695069   348077   444089   117839   464447   289763   418427   505139   609989   358277   200483   499649   200153   499943   200033   500153   199673   500369   199523   500519   199403   500693   199049   501029   198929   501173   198719   501317   198623   501503   198413   501659   191297   499493    90017   194867   281579   410243   235559   582167   255917   351929     4937   407723   169199   383303    41189
    40847   383429   168863   407783     4919   352049   255839   582173   235523   410687   275039   186959   355679    87629   612383    87509   612713    87083   613013    86843   613169    86753   613427    86399   613637    86243   613889    85853   614177    85619   614483    85313   614759    84869   615269    84533   615497    81077   612263   513047   424967   289319   464483   117833   444167   347957   695087   292223   531143   316577   659159
   659177   316373   531203   292037   695117   347933   444293   117797   464699   410903   550379   353657   212117   488009   211949   488513   211433   488603   211373   488687   211283   488759   211097   489179   210809   489407   210557   489479   210467   489659   210317   489743   210173   490019   209837   490367   209543   490859   206483   487709   149627   289103   235307   582209   255713   352073     4889   407969   168803   383633    40829
    40583   383813   168743   408173     4799   352133   255659   582227   465977   264827   219017   288773   411479   288389   411779   287939   412073   287873   412193   287549   412619   287057   413033   286763   413417   286469   413579   286199   414053   285827   414467   285377   414779   285113   415109   284819   415517   284483   415559   417623   411167   435179   234029   117779   444347   347873   695207   291833   531263   316193   659423
   659513   316097   531287   291743   695327   347099   444539   582509   225149   369119   308117   392087   307583   392477   307337   392723   307169   392927   306947   393257   306707   393473   306419   393629   306329   393797   306149   393977   305999   394073   305849   394223   305639   394409   305483   394529   305369   394643   305267   394787   287849   391757   474857   117497   255467   352907     4679   408263   168719   383909    40493
    40283   383969   168143   408437     4637   352949   448829   107243   353567   242729   457367   242603   457553   242447   457607   242309   457913   241979   458123   241817   458327   241643   458543   241343   458669   241259   458879   241049   458993   240959   459113   240797   459749   240203   460073   239879   460157   239633   460409   239543   460589   237143   457139   592763   251177   347057   695369   291569   531863   316037   659723
   659843   315977   531977   291509   695777   358979   240623   354257   125387   574667   125303   574799   125093   575027   124919   575153   124793   575303   124577   575513   124433   575579   124337   575867   123887   576203   123719   576299   123323   577043   122939   577397   122579   577517   122477   577613   122267   577799   122069   577979   121889   578309   119429   574367   459383   341027     4229   408497   168029   384029    40163
    39953   384107   168023   408563     3593   684269   353747   264113   435923   264059   436097   263849   436283   263567   436607   263267   437153   262733   437357   262643   437693   262253   437819   262139   438029   261959   438233   261587   438443   261017   439007   260873   439157   260807   439253   260717   439463   260339   439799   259967   440177   259823   440339   257987   435839    15737   696413   291443   531983   315899   660053
   660119   315893   532277   410279   687809   352193     4133   695879     4079   695999     3929   696083     3767   696617     3347   696887     2957   697079     2879   697217     2633   697397     2549   697583     2333   697733     2129   697937     2039   697979     1823   698273     1709   698339     1619   698393     1559   698483     1499   698567     1283   698729     1103   699053      467   695867    12197   289727   167729   384113    39887
    39869   384203   167087   272009   352493    11909   688139    11789   688223    11369   688733    11243   688889    11027   689033    10739   689393    10313   689867    10133   689903     9887   690377     9587   690467     9497   690533     9377   690869     8969   691199     8669   691343     8597   691433     8543   691583     8369   691709     8243   691787     8087   691997     7907   692249     7583   688073   427997   532919   315803   660137
   660167   315779   513353   359069   303119   396953   302969   397259   302723   397427   302573   397493   302459   397589   301943   398129   301793   398303   301649   398423   301463   398759   301073   399137   300857   399197   300779   399263   300317   399887   300023   399989   299807   400307   299447   400643   299147   400943   298937   401417   298049   401993   297953   402197   297707   402383   291869   396719   186653   384227    39839
   662867   363149   362099   178613   521447   178487   521537   178439   521603   178349   521819   178127   521903   177893   522167   177623   522623   177347   522737   177257   522839   176699   523433   176369   523673   176243   523793   176159   523877   175949   524087   175499   524939   174989   525257   174653   525593   174407   525677   174197   525869   173969   526073   173867   526199   173783   526307   164309   521363   336857    37139
    24767   361799   327209   372803   326999   373343   326657   373859   326063   374063   325889   374123   325673   374399   325319   374789   325187   374987   324977   375113   324773   375359   324593   375449   324497   375533   324437   375707   323957   376127   323699   376469   323249   377129   322859   377297   322613   377543   322319   378023   321413   378683   321227   378929   321053   379163   320699   379319   312089   372689   675239
   353453    50849   649217    50723   649379    50549   649619    50363   649799    50177   649877    50069   650183    49529   650483    49463   650813    49019   651017    48767   651473    48497   651767    48197   652229    47513   652499    47339   652727    47093   653117    46853   653357    46643   653507    46229   653819    46103   654047    45953   654509    45413   654629    45263   654827    45083   655043    44777   655373    44123   648803
