     5387   694919     5009   695003     4937   695087     4889   695207     4679   695369     4229   695867     4133   695879     4079   695999     3929   696083     3767   696413     3389   696659     3119   697049     2927   697127     2789   697373     2609   697457     2423   697673     2273   697877     2069   697967     2027   698183     1733   698297     1667   698387     1613   698447     1523   698507     1439   698723     1277   352493   694193
   698903   273929   426233   273719   426353   273617   426737   273233   426893   272933   427079   272903   427247   272603   427439   272549   427529   272093   427967   272009   428003   271967   428177   271703   428369   271517   428639   271163   429083   270659   429413   270539   429497   270443   429599   270329   429683   270287   429797   269987   430343   269579   430433   269519   430769   269183   430949   268643   267647   511163     1103
      953   431369   124793   575303   124577   575513   124433   575579   124337   575867   123887   576203   123719   576299   123323   577043   122939   577397   122579   577517   122477   577613   122267   577799   122069   577979   121889   578309   121607   578453   121523   578537   121403   578693   121229   578999   120899   579239   120503   579533   120299   579713   120233   580259   119633   580379   119429   587219   340649   268637   699053
   699059   268607   580763   249923   450209   249779   450257   249593   450473   249503   450557   249419   450677   249287   450899   249089   451097   248903   451397   248483   452009   247847   452393   247553   452597   247193   453107   246809   453293   246689   453797   246173   454109   245759   454253   245627   454823   245087   454967   245033   455219   244667   455513   244403   455627   244217   243839   557987   119243   431399      947
      929   431513   119087   455849   312677   387623   312089   387977   311897   388259   311687   388403   311279   388823   310949   389117   310733   389447   310439   389723   310223   389819   310049   390077   309899   390209   309599   390503   309479   390647   309269   390869   308939   391073   308723   391367   308519   391679   308249   391889   307919   392423   307529   392669   307283   303497   436607   244157   580919   268493   699077
   699119   268439   581099   243857   392837   303053   397037   302747   397283   302579   397433   302513   397547   302417   398063   301877   398213   301703   398357   301583   398543   301247   398933   300869   399149   300809   399227   300743   399689   300119   399983   300017   400199   299699   400559   299363   400859   299063   401069   298589   401957   298013   402053   297809   406499   342659   307169   456149   118907   431567      887
      809   431603   118673   456767   307079   402299   209039   491129   208787   491333   208667   491417   208577   491537   208379   491639   208337   491783   208217   491867   208037   492053   207947   492083   207629   492413   207443   492629   207287   492893   206993   493067   206897   493127   206813   493403   206543   493523   206399   493733   206153   493937   206039   501029   341339   297707   392927   243239   581333   268403   699197
   699287   268343   581549   243197   393059   297623   493973    74897   625133    74699   625319    74609   625409    74489   625643    74093   625979    73973   626063    73859   626159    73673   626363    73613   626477    73517   626627    73043   626987    72923   627383    72053   628013    71909   628127    71867   628217    71633   628673    71327   628757    71129   634979   342497   206033   402383   306947   456809   118457   431663      719
      683   431807   118409   457139   306749   402503   206027   628937   193043   506993   192977   507119   192677   507599   192263   507953   191969   508103   191783   508259   191657   508499   191447   508709   191189   508973   190979   509297   190613   509429   190529   509603   190313   509723   190097   510077   189437   510617   189239   510989   188519   186239   673193    71069   493979   297503   393257   242867   581597   268199   699323
   699437   268013   581663   242729   393299   297083   494069    70997   511523   256877   443249   256643   443489   256169   443873   256019   444029   255917   444167   255713   444347   255467   444623   255329   444767   255173   444869   255077   444953   254987   445229   254699   445799   254039   446003   253919   446273   253607   446657   253247   251003   543887   188483   629009   205937   402923   306707   457277   118343   431993      569
      563   432143   118277   457367   306533   403037   205913   629339   188303   447107   237767   462719   237233   462827   237143   462953   236723   463433   236549   463787   236087   464129   235793   464327   235559   464483   235307   464963   235013   465089   234833   465293   234599   465419   234197   465917   234029   466247   233489   228113   586073   252899   511703    70667   494093   296969   393473   242639   581729   267863   699443
   699449   267857   581753   242603   393587   296909   494387    70589   511757   252887   466649   161639   538553   161309   538739   160997   539039   160877   539267   160697   539507   160373   539639   160343   539687   160169   539843   159857   540167   159833   540233   159737   540377   159623   540389   159569   540599   159293   544259   345473   233357   447119   188249   629417   205619   403097   306419   457403   118253   432149      557
      479   432203   118163   457553   306377   403163   205487   629567   188147   447137   232823   540773    39887   660137    39839   660227    39659   660503    39443   660683    39119   660893    39107   660917    39023   661139    38747   661439    38459   661553    38393   661673    38327   661769    38183   662357    37529   665747   345329   159233   467183   252869   511859    70439   494519   296843   393629   242453   581843   267803   699527
   699539   267719   582017   242447   393677   296753   494609    70199   512537   252827   467297   159227   662513   149033   551093   148667   551489   148457   551813   148157   551927   148073   552029   147827   552263   147689   552659   147299   552809   147107   552917   146933   553229   146543   553529   146423   560837   341273    37493   540779   232709   447179   187469   629807   205397   403253   306329   457559   117989   432287      467
      449   432413   117839   457607   306209   403499   205319   629843   187463   447683   232607   540989    37313   553589   211097   489179   210809   489407   210557   489479   210467   489659   210317   489743   210173   490019   209837   490367   209543   490859   202409   497603   202343   497729   202049   200357   646067   146417   662693   159017   467399   252323   512543    70163   494687   296507   393797   242399   582167   267593   699557
   699617   267569   582173   242309   393857   296249   494699    70079   512573   251939   467507   158909   662789   146273   498053   199403   500693   199049   501173   198719   501317   198503   501593   198347   501827   197963   502079   197759   502409   197507   502553   197159   502883   197033   195407   656687   201953   553733    37217   541097   232499   448067   187433   629927   205307   403757   306149   457697   117833   432437      389
      239   432449   117797   457913   306029   403877   205223   629939   187409   448367   232457   541349    37139   553757   201797   503003   127487   572633   127163   572867   127103   572927   127037   573179   126743   573647   126143   573899   125897   574289   125639   574619   125339   585413   338033   197003   498209   146249   662867   158657   467549   251639   512597    70067   494783   296129   393977   242093   582209   267557   699767
   699947   267479   582227   241979   394007   296117   494849    70019   512657   251609   467699   158567   662957   145799   498557   196799   574703    15887   684239    15737   684647    15233   684857    15137   684923    15017   685109    14759   685337    14639   685637    14327   691919   342647   125303   503207   201449   554207    37049   541439   232307   448397   187349   629987   205157   403889   305999   458027   117779   432527       59
       53   432587   117497   458123   305933   403979   205133   630107   187163   448829   232109   541469    36857   554303   201359   503267   125207   685973   108869   591509   108347   591743   108179   592133   107867   592289   107699   592649   107279   592763   107033   596423   345263    14033   574799   196739   498647   145703   663149   158537   467897   251177   512843    69899   494873   296027   394073   241883   582509   267419   699953
   700001   267017   582563   241817   394157   295517   494903    69809   513047   251099   467903   158429   663239   145589   498803   196709   574913    13997   593183   176699   523433   176369   523673   176243   523793   176159   523877   175949   524087   175499   533549   340709   106823   686009   125093   503297   201203   554417    36767   541577   232103   448907   186959   630197   205103   404489   305849   458189   117443   432989        5
   349967   433049   117329   458327   305783   404693   205019   630353   186947   449117   232079   541613    36599   554573   200867   503423   124979   686039   106619   524939   173969   526139   173783   526307   173357   526709   173273   526739   173177   532373   344207   175067   593387    13967   575027   196583   499139   145433   663407   158393   467927   250889   513059    69653   494987   295313   394223   241679   582677   266957   350039
   350087   266933   582737   241643   394367   295187   495119    69539   513137   250853   468059   158243   663539   145307   499283   196523   575087    13907   593519   174989   527123    97367   602999    96959   603149    96797   603257    96443   607307   345749   172883   525017   106487   686099   124919   503483   200723   554699    36467   541763   231947   449153   186869   630467   204887   404819   305639   458363   117269   433073   349919
   349913   433079   117239   458543   305597   404969   204857   630689   186653   449303   231893   541817    36353   554747   200657   503819   124853   686177   106433   525257   172877   603947   344039   356093   343787   356693   343073   342569   363767    96059   527129   174749   593573    13829   575153   196187   499349   145259   663653   158189   468113   250703   513353    69317   495149   295037   394409   241463   582767   266927   350093
   350213   266687   582887   241343   394523   294659   495449    69203   513419   250673   468473   157889   663713   145253   499397   196043   585587    13553   593633   174653   527333    96017   356969    93893   606323    93563   613889   342347   343037   603989   172673   525353   106373   686453   114419   503963   200609   554753    36293   542117   231533   449333   186587   630803   204557   405347   305483   458663   117119   433319   349793
   349787   433373   117023   458669   305477   405497   204443   630863   186107   449363   231479   542183    36269   554969   200513   504143   114329   686519   106103   525593   172607   604223   342899   606449   167729   548957   333323    93557   357107    95783   527399   174413   593903    13487   585677   195863   499493   145037   663737   157823   468527   250643   513899    69143   495563   294509   394529   241337   582983   266633   350219
   350453   266333   583013   241259   394637   294479   495569    68993   514013   250343   468647   157799   663797   144887   499523   195809   585737    13367   593987   174407   527453    95747   357353    89387   515597   350003   184409   610619   342653   604259   172553   525599   106019   686639   114269   504197   200483   555119    36209   542207   231359   449663   185993   631013   204437   405527   305369   458747   116993   433673   349553
   349343   433847   116867   458879   305363   405659   204377   631187   185957   449699   231323   542237    36137   555167   200153   504479   114143   686669   106013   525677   172517   604613   358703   602627   366683   151049   532277    97379   341303    95393   527489   174329   593993    13337   585863   195527   499853   144839   663869   157769   468683   250307   514049    68819   495629   294347   394643   241127   583139   266159   350663
   350963   266129   583367   241049   394739   294317   495647    68777   514103   250199   468737   157559   664043   144719   499943   195479   585917    13217   594023   174197   527633   605393   353819   357659    93683   606443    86117   606113   346187    94613   172373   525809   105983   686789   114089   504527   200063   555287    35963   542447   231269   449807   185903   631229   204359   405689   305267   458957   116639   433877   349043
   348827   433889   116537   458993   305219   405827   204299   631307   185819   449963   231107   542483    35897   555593   200033   504563   113969   686843   105899   525869   538199    88463   336239   343913   356219   343313   356933   357437   355967   611543   161807   174137   594107    13163   586037   195443   499973   144413   664109   157523   468899   250043   514187    68699   495707   294179   394787   241013   583469   266117   351179
   351479   265757   583523   240959   395027   294149   495773    68597   514313   239087   468953   157427   664253   144323   500153   195413   586349    13127   594449   526199   154523   354257    97007   603047    96857   603209    96749   603563    92699   602639   545483   173807   105557   686879   113657   504593   199853   555683    35753   542579   231053   460919   185693   631409   204233   405857   304979   459047   116483   434249   348527
   348443   434267   116387   459113   304937   405947   204107   631529   185483   460937   230969   542747    35603   555707   199673   504617   113513   686897   594899   162263   355799   173867   526223   173699   526649   173297   526733   173267   526829   167633   526037   537743   105107    13109   586493   195389   500333   144299   664403   157259   469037   239069   514523    68477   495899   294059   395069   240893   583619   265739   351563
   351587   265709   583727   240797   395159   293603   495947    68447   514529   239027   469439   157133   664583   143999   500369   195077   586589    12113    97673   359297   176573   523637   176333   523763   176213   523847   176129   524057   175919   524507   166457   523307   602333   687893   113417   504929   199637   556007    35423   542873   230567   460979   185477   631559   204059   406403   304847   459209   116279   434297   348419
   348407   434303   116273   459383   304763   406547   204047   631859   185369   461147   230393   542987    35393   556487   199523   504953   586979   678407   354743   108497   591659   108263   591827   107873   592139   107717   592307   107357   592727   107243   592973   103583   591137    21599   113027   195053   500483   143519   664613   157019   469613   238859   514637    68147   495959   293459   395243   240623   583733   265703   351599
   351653   265619   583997   240257   395453   293357   495983    67883   514643   238709   469649   157007   664667   143243   500519   526073    87743   357359    15767   684269    15359   684773    15149   684869    15083   684989    14897   685247    14669   685367    14369   685679     8087   684119   612263   173933   199487   556763    35339   542999   230357   461297   185363   632123   204023   406649   304553   459749   116009   434387   348353
   348209   434459   115979   459803   304349   406859   203999   632153   185267   461333   230213   543287    35327   556943   504269   477149   361973   127373   572843   127139   572903   127079   572969   126827   573263   126359   573863   126107   574109   125717   574367   125387   574667   114593   572519   222857   195737   143063   664679   156719   469793   238673   514739    67853   496007   293147   395657   240203   584027   265547   351797
   351929   265193   584153   239933   396203   293123   496163    67733   514823   238499   470207   156707   664739   557573   481589    43319   199313   500957   198833   501287   198689   501503   198413   501659   198179   502043   197927   502247   197597   502499   197453   502847   197123   502973   504599   500603   218417   142433    35267   543299   229799   461507   185183   632273   203843   406883   303803   460073   115853   434813   348077
   347957   434849   115823   460127   303767   406907   203663   632297   185153   461693   229763   543383    33479   129509    53939   210827   489197   210599   489449   210527   489539   210347   489689   210263   489833   209987   490169   209639   490463   209147   497597   202403   497663   202277   497957   499649   488909   570497   666527   156623   470243   238313   514853    67709   496343   293099   396239   239879   584183   265157   352049
   352073   265079   584249   239849   396293   292517   496427    67679   514949   238163   470279   153953   658319   358733   148913   551339   148517   551549   148193   551849   148079   551933   147977   552179   147743   552317   147347   552707   147197   552899   147089   553073   146777   553463   146477   553583   139169   550973    41687   546053   229727   461843   185057   632327   203579   407489   303713   460157   115757   434927   347933
   347873   435107   115727   460373   303683   407579   203117   632447   184727   462149   504677   537749   354677    39869   660167    39779   660347    39503   660563    39323   660887    39113   660899    39089   660983    38867   661259    38567   661547    38453   661613    38333   661679    38237   661823    37649   662477    34259   660119   162257   195329   237857   515279    67559   496889   292427   396323   239633   584279   264899   352133
   352193   264827   584393   239597   396413   292367   496949    67547   515357   237563   425003   354533   161453   538697   161267   539009   160967   539129   160739   539309   160499   539633   160367   539663   160319   539837   160163   540149   159839   540173   159773   540269   159629   540383   159617   540437   159407   540713   155747   538367   275003   462443   184649   632459   203057   407639   303593   460409   115613   435179   347813
   347099   435257   115589   460463   303473   407723   202889   632483   515519   649799   113933   237287   462773   237179   462863   237053   463283   236573   463457   236219   463919   235877   464213   235679   464447   235523   464699   235043   464993   234917   465173   234713   465407   234587   465809   234089   465977   233759   466517   471893   462239    50207   184487    67523   497117   292283   396533   239543   584417   264749   352907
   352949   264743   584663   239417   396629   292223   497339    66749   501383   156119   256757   443363   256517   443837   256133   443987   255977   444089   255839   444293   255659   444539   255383   444677   255239   444833   255137   444929   255053   445019   254777   445307   254207   445967   254003   446087   253733   446399   253349   446759   449003   443129   198623   633257   202667   407783   303377   460589   115343   435263   347057
   347033   435563   115133   460619   303293   407969   198929   619967    26813   193013   507029   192887   507329   192407   507743   192053   508037   191903   508223   191747   508349   191507   508559   191297   508817   191033   509027   190709   509393   190577   509477   190403   509693   190283   509909   189929   510569   189389   510767   189017   511487   513767   506963    80039   501077   292037   396713   239387   584873   264443   352973
   353453   264437   584879   239333   396719   464999   487709   357509    74873   625307    74687   625397    74597   625517    74363   625913    74027   626033    73943   626147    73847   626333    73643   626393    73529   626489    73379   626963    73019   627083    72623   627953    71993   628097    71879   628139    71789   628373    71333   628679    71249   628877    65027   625109   212297   235007   303287   460673   115127   435569   346553
   346547   435647   115013   460709   303119   219959   358667   208877   491219   208673   491339   208589   491429   208469   491627   208367   491669   208223   491789   208139   491969   207953   492059   207923   492377   207593   492563   207377   492719   207113   493013   206939   493109   206879   493193   206603   493463   206483   493607   206273   493853   206069   493967   198977   490967   480047   396887   239297   584993   264359   353459
   353567   264353   585317   238397   475679   357347   302969   397259   302723   397427   302573   397493   302459   397589   301943   398129   301793   398303   301649   398423   301463   398759   301073   399137   300857   399197   300779   399263   300317   399887   300023   399989   299807   400307   299447   400643   299147   400943   298937   401417   298049   401993   297953   402197   293507   396953   224327   461609   114689   435653   346439
   346349   435839   585839   661103   263399   312383   387917   312029   388109   311747   388319   311603   388727   311183   389057   310889   389273   310559   389567   310283   389783   310187   389957   309929   390107   309797   390407   309503   390527   309359   390737   309137   391067   308933   391283   308639   391487   308327   391757   308117   392087   307583   392477   307337   392723   396509   387329    38903   114167   264167   353657
   353747   439289    96779   142019   249797   450227   249749   450413   249533   450503   249449   450587   249329   450719   249107   450917   248909   451103   248609   451523   247997   452159   247613   452453   247409   452813   246899   453197   246713   453317   246209   453833   245897   454247   245753   454379   245183   454919   245039   454973   244787   455339   244493   455603   244379   455789   456167   450083   603227   260717   346259
   346139   414629   359357   124703   575429   124493   575573   124427   575669   124139   576119   123803   576287   123707   576683   122963   577067   122609   577427   122489   577529   122393   577739   122207   577937   122027   578117   121697   578399   121553   578483   121469   578603   121313   578777   121007   579107   120767   579503   120473   579707   120293   579773   119747   580373   119627   580577   112787   575213   285377   353867
   691199   188843   273773   426287   273653   426389   273269   426773   273113   427073   272927   427103   272759   427403   272567   427457   272477   427913   272039   427997   272003   428039   271829   428303   271637   428489   271367   428843   270923   429347   270593   429467   270509   429563   270407   429677   270323   429719   270209   430019   269663   430427   269573   430487   269237   430823   269057   431363   432359   426077     8807
     5813     5087   694997     5003   695069     4919   695117     4799   695327     4637   695777     4139   695873     4127   695927     4007   696077     3923   696239     3593   696617     3347   696887     2957   697079     2879   697217     2633   697397     2549   697583     2333   697733     2129   697937     2039   697979     1823   698273     1709   698339     1619   698393     1559   698483     1499   698567     1283   698729   347513   694619
