    56963   643199    56633   643463    56453   643589    56123   643919    55997   644057    55889   644519    55457   644669    55259   644789    55163   644933    54983   645137    54773   645383    54563   645467    54503   645629    54323   645713    54269   645839    53993   646067    53849   646193    53699   646397    53147   646889    53093   646937    52973   647039    52937   647117    52859   647189    52673   647453    52529   653117   342347
   647489   335507   364883   335009   365129   334793   365369   334493   365627   334247   366077   333779   366269   333719   366293   333623   366467   333323   366983   332987   367277   332699   367559   332393   367733   332183   367889   331907   368117   331553   368729   331217   369023   330887   369353   330587   369647   330347   369959   329873   370217   329393   370619   329333   370883   328919   371177   328667   371387   346043    52517
    52379   371417   185483   514529   185369   514643   185267   514823   185153   514949   184727   515357   184577   515519   184409   515873   184013   516209   183713   516323   183569   516617   183383   516689   183167   516947   183047   517073   182927   517217   182639   517403   182549   517469   182519   517553   182417   517619   182129   517949   181757   518387   181409   518729   181199   518813   180779   520193   347057   328589   647627
   647693   328379   519257   309929   390107   309797   390407   309503   390527   309359   390737   309137   391067   308933   391283   308639   391487   308327   391757   308117   392087   307583   392477   307337   392723   307169   392927   306947   393257   306707   393473   306419   393629   306329   393797   306149   393977   305999   394073   305849   394223   305639   394409   305483   394529   305369   396203   346259   180749   371627    52313
    52259   371633   180647   394643    17669   682427    17333   682679    16703   683357    16553   683477    16493   683687    16229   683783    16217   683819    16097   683933    16067   684119    15767   684269    15359   684773    15149   684869    15083   684989    14897   685247    14669   685367    14369   685679    14033   686009    13967   686099    13829   686453    13487   686639    13337   692249   342899   305363   519359   328373   647747
   647753   328343   519383   305267   686789     9587   690467     9497   690533     9377   690869     8969   691199     8669   691343     8573   691463     8423   691637     8297   691763     8219   691919     8009   692099     7673   692399     7583   692459     7253   692927     7043   693089     6869   693149     6827   693317     6653   693437     6473   693677     6323   693689     6263   699449   342659    13217   394739   180623   371663    52253
    52223   371897   180497   394787    13163   693809   270443   429599   270329   429683   270287   429797   269987   430343   269579   430433   269519   430769   269183   430949   268643   431369   268607   431513   268439   431603   268343   431807   268013   432143   267857   432203   267719   432359   267593   432437   267557   432527   267419   432989   266957   433073   266927   435647   345473     6197   686843   305219   519509   328109   647783
   648029   328067   519587   304979   686879     5987   433319   133439   566723   132953   567059   132863   567257   132623   567569   132347   567719   132059   568097   131639   568643   131297   568877   130817   569237   130589   569663   130259   569927   129959   570113   129593   570419   129539   570497   129497   570587   129347   570719   129263   570887   128987   578399   340649   266687   694019    13127   395027   180419   371939    51977
    51899   371999   179939   395069    13109   694079   266633   571037   251609   448829   251099   449003   250889   449153   250703   449333   250643   449663   250307   449807   250043   450083   249797   450227   249749   450413   249533   450503   249449   450587   249329   450719   249107   450917   248909   451103   248609   451523   247997   452159   247613   224579   576119   128969   433373     5927   686897   304937   520067   328007   648107
   648239   327983   520103   304847   686963     5813   433673   128873   452453   315569   384479   315407   384737   315179   385079   314879   385193   314807   385379   314603   385493   314399   385739   314213   385817   314129   385943   313889   386153   313727   386369   313517   387017   312929   387227   312743   387269   312677   387623   312089   311603   424223   247553   571133   266333   694193    13043   395159   179903   372023    51767
    51749   372137   179693   395243    13037   694223   266159   571679   247409   387977   297953   402197   297707   402383   297503   402923   296909   403163   296753   403499   296249   403877   296117   403979   295517   404693   295187   404969   294659   405497   294479   405659   294317   405827   294149   405947   293603   406499   293459   293123   461297   312029   452597   128327   433847     5783   686969   304763   520313   327869   648257
   648293   327839   520349   304553   687023     5693   433877   128159   452813   311897   406649   221093   478937   220859   480023   219959   480167   219797   480299   219689   480329   219587   480503   219437   480713   219017   481043   218873   481157   218627   481589   217907   482213   217697   482387   217499   482597   217319   482837   347933   293357   388109   247193   571847   266129   694313    12983   395453   179657   372167    51713
    51329   372179   179579   395657    12923   694349   266117   571853   246899   388259   293147   482753    93923   606113    93683   606443    93557   606503    93479   606587    93263   606959    92957   607157    92753   607307    92669   607349    92489   607619    92237   608273    91703   608423    91577   608609    91373   612713   344363   217253   406859   311747   453107   128153   433889     5657   687083   304349   520427   327827   648677
   648719   327737   520433   303767   687107     5639   434249   128033   453197   311687   406907   216617   608843   206897   493127   206813   493403   206543   493523   206399   493733   206153   493937   206039   493973   206027   494069   205913   494387   205487   494609   205319   494699   205223   494849   205133   204107   639713    91163   483389   293099   388319   246809   571973   265757   694367    12899   396239   179573   372269    51287
    51203   372299   179357   396293    12689   694487   265739   572027   246713   388727   292517   483773    91019   494903   272003   428039   271829   428303   271637   428489   271367   428843   270923   429347   270593   429467   270509   437363   262313   437753   262187   438029   261959   438233   261587   440039   339257   205103   608987   216233   407489   311279   453293   127979   434267     5519   687317   303713   520649   327707   648803
   649157   327629   520679   303683   687359     5483   434297   127913   453317   311183   407579   216179   609143   205019   438443   258743   441443   258527   441557   258443   441569   258119   442019   257867   442319   257519   442517   257273   442817   257177   443039   256889   443129   256757   256643   535697   261563   494987    90863   483827   292427   388823   246689   572093   265709   694523    12647   396323   179327   372377    50849
    50789   372689   179243   396413    12569   694619   265703   572303   246209   389057   292367   484067    90833   495119   261017   443489   188249   511859   187469   512543   187433   512597   187349   512843   186959   513059   186869   513353   186587   513767   186107   514013   185957   525017   338027   256517   438989   204887   609173   215939   407639   310949   453797   127703   434303     5387   687437   303593   520763   327317   649217
   649283   327209   521153   303497   687593     5087   434387   127649   453833   310889   407723   215927   609359   204857   439007   256169   514103    68777   631307    68597   631529    68447   631859    67883   632153    67733   632297    67679   632447    67547   632483    67307   635567   346439   185903   443837   260999   495149    90647   484079   292283   389117   246173   572357   265619   694919    12413   396509   178853   372797    50723
    50627   372803   178697   396533    12323   694997   265547   572399   245897   389273   292223   484283    90599   495449   260873   443873   185819   632717   169409   530693   169199   531143   168803   531263   168143   531977   168023   532277   167633   532379   167483   533747   347873    67289   514187   256133   439133   204557   609407   215723   407783   310733   454109   127607   434459     5009   687683   303473   521309   327203   649379
   649457   326999   521363   303377   687737     5003   434813   127583   454247   310559   407969   215399   609533   204443   439157   256019   514313    66809   532739   233489   466649   232823   467297   232607   467507   232457   467699   232109   467903   232079   226553   590867   167267   633197   185693   443987   260849   495563    90473   484607   292037   389447   245759   572423   265193   695003    12269   396629   178643   373007    50549
    50387   373343   178613   396713    12239   695069   265157   572519   245753   389567   291869   484613    90407   495569   260807   444029   175949   633209   167099   468059   230969   469439   230393   469649   230213   470207   229763   470279   229703   471209   348209   231947   532907    66797   524057   255977   439199   204437   609599   215393   408137   310439   454253   127487   434849     4937   687767   303293   521393   326663   649619
   649643   326657   521447   303287   687779     4919   434927   127373   454379   310283   408173   215279   609743   204377   439253   255917   524087    66749   532919   231893   470417   157007   543287   156707   543383   156467   543659   156119   544979   348419   229589   468113   167087   633257   175919   444089   260753   495629    90263   484727   291833   389723   245627   572633   265079   695087    12227   396719   178559   373349    50363
    50207   373859   178487   396887    12197   695117   264899   572843   245183   389783   291743   484733    90227   495647   260717   444167   175499   633377   166973   468473   229553   544223    44633   655649    44279   655757    44159   657017   348527   155783   470453   231533   533033    66629   524507   255839   439289   204359   609779   215273   408263   310223   454823   127163   435107     4889   687809   303119   521519   326147   649799
   649829   326063   521537   303053   687893     4799   435179   127139   454919   310187   408437   215153   609803   204299   439463   255713   524939    66533   533303   231479   470597   155747   655883   152909   547223   152777   548753   348353    44123   544259   229409   468527   166703   633473   175067   444293   260543   495707    90203   484853   291569   389819   245087   572867   264827   695207    12113   396953   178469   373943    50177
    50129   374063   178439   397037    11939   695327   264749   572903   245039   389957   291509   485063    90197   495773   260339   444347   174749   633497   166679   468647   229343   544919    43943   547487   225023   587753   237233   152519   656063   155087   470663   231359   533327    66509   525257   255659   439667   204233   609809   214943   408497   310049   454967   127103   435257     4679   688067   302969   521567   325943   649877
   649937   325889   521603   302747   688073     4637   435263   127079   454973   300743   408563   214883   609989   204059   439799   255467   525353    66383   533363   231323   470783   155069   656153   547583   362213   350003   337793   152423    43853   544937   229223   468683   166643   633623   174653   444539   260207   495947    90017   485123   291443   399263   245033   572927   264743   695369    11933   397259   178403   374117    50069
    49823   374123   178349   397283    11909   695777   264443   572969   244787   399689   291293   485417    89849   495959   259829   444623   174413   633629   166457   468737   228869   545063   658487   150383   462773   112253   474983   549623    41519   154943   471137   231269   533549    66377   525593   255383   440177   204047   610157   214589   408713   300317   455219   127037   435563     4229   688097   302723   521657   325883   650183
   650477   325673   521819   302579   688139     4139   435569   126827   455339   300119   408719   214559   610187   204023   440183   255329   525599    66239   533837   231107   471299   545939    39443   351653   152783   547229   151253   547097   660563   154067   228707   468899   166169   633767   174407   444677   259823   495983    89819   485447   291287   399887   244667   573179   264437   695867    11867   397427   178187   374333    49529
    49523   374399   178127   397433    11789   695873   264353   573263   244493   399983   290999   485543    89597   496007   259667   444767   174329   633833   166043   468953   471803   150473   351479    44357   655727    44249   655847    42989   655373   549533   228203   231053   533963    66173   525677   255239   440339   203999   610409   214463   409007   300023   455513   126743   435653     4133   688217   302573   521879   325607   650483
   650543   325319   521903   302513   688223     4127   435839   126359   455603   300017   409043   214439   610439   203843   440507   255173   525809    66083   533993   475877   224603   351587   156719   543299   156623   543539   156347   543887   155027   542999   475403   224129   166013   633923   174197   444833   259499   496163    89567   485567   290963   399989   244403   573647   264167   695879    11783   397493   178103   374687    49463
    49193   374789   177893   397547    11369   695927   264113   573863   244379   400199   290669   486053    89387   496343   259157   444869   174137   634013   535529   462863   351797   230567   469613   230357   469793   229799   470243   229727   470303   228797   469037   237143   164477    65993   525869   255137   440849   203663   610619   213953   409337   299807   455627   126143   435893     4079   688637   302459   522113   325217   650813
   650987   325187   522167   302417   688733     4007   435923   126107   455789   299699   409349   213887   610703   203579   440987   255077   526037    65699   159569   109139   233357   467183   232709   467399   232499   467549   232307   467897   232103   467927   473453   466517   540437   634307   173969   444929   259019   496427    89303   486119   290657   400307   244217   573899   264083   695999    11273   397589   177839   374819    49019
    48989   374987   177623   398063    11243   696077   264059   574109   244157   400559   290627   486179    89273   496889   258977   444953   532757   628937   352133   169313   530807   168863   531203   168743   531863   168029   531983   167729   532373   167627   532523   166259   530597    71069   167249   255053   441029   203117   610733   213827   409379   299447   455849   125897   435947     3929   688763   301943   522383   325019   651017
   651239   324977   522623   301877   688889     3923   436097   125717   456149   299363   409517   213713   610817   203057   441179   457607   151937   353567    68699   631409    68477   631559    68147   632123    67853   632273    67709   632327    67559   632459    67523   632699    64439   631229   548069   242399   258827   496949    89189   486293   290489   400643   243857   574289   263909   696083    11117   398129   177383   375029    48767
    48533   375113   177347   398213    11027   696239   263849   574367   243839   400859   290189   486407    89087   497117   257639   425423   361979   188147   512537   187463   512573   187409   512657   187163   513047   186947   513137   186653   513419   186239   513899   185993   514049   174989   511757   274583   442367   202889   610919   213599   409817   299147   456167   125639   436157     3767   688979   301793   522659   324893   651473
   651509   324773   522737   301703   689033     3593   436283   125387   456767   298937   409823   213557   611069   510077   420317   164309   258563   441479   258449   441563   258437   441887   257987   442139   257687   442487   257489   442733   257189   442829   256967   443117   256877   443249   443363   441263   279689   189929    88937   486449   290183   401069   243239   574619   263723   696413    10973   398303   177269   375233    48497
    48239   375359   177257   398357    10739   696617   263567   574667   243197   401417   290039   486539    88463   476477   360749   271967   428177   271703   428369   271517   428639   271163   429083   270659   429413   270539   429497   262643   437693   262253   437819   261977   438047   261773   438419   259967   428003   223529   611543   213467   409967   298589   456809   125339   436439     3389   689267   301649   522749   324647   651767
   651809   324593   522839   301583   689393     3347   436607   125303   457139   298049   410117   492053   601949    60293   206879   493193   206603   493463   206483   493607   206273   493853   206069   493967   206033   493979   205937   494093   205619   494519   205397   494687   205307   494783   205157   494873   495899   493109    98057   207953   289889   401957   242867   574703   263399   696659    10613   398423   177167   375413    48197
    47777   375449   176699   398543    10313   696887   263267   574799   242729   401993   278843   199853   355643    93893   606323    93563   606449    93503   606527    93419   606743    93047   607049    92849   607253    92699   607337    92657   607517    92387   607769    91733   608303    91583   608429    91397   608633    87293   606083   500153   421163   298013   457277   125207   436739     3119   689693   301463   523307   324557   652229
   652493   324497   523433   301247   689867     2957   437153   125093   457367   296969   526829   352073   221069   479147   219983   480047   219839   480209   219707   480317   219677   480419   219503   480569   219293   480989   218963   481133   218849   481379   218417   482099   217793   482309   217619   482507   217409   482687   217169   478913   173177   403037   242639   574913   262853   697049    10139   398759   176573   375509    47513
    47507   375533   176369   398933    10133   697079   262733   575027   457403   470867   238709   297809   402299   297623   402503   297083   403097   296843   403253   296507   403757   296129   403889   296027   404489   295313   404819   295037   405347   294509   405527   294347   405689   294179   405857   294059   406403   293507   406547   406883   402053   229139   242603   124979   437273     2927   689873   301073   523637   324473   652499
   652667   324437   523673   300869   689903     2879   437357   124427   462239   275783   315527   384599   315269   384827   314927   385127   314813   385199   314627   385403   314513   385607   314267   385793   314189   385877   314063   386117   313853   386279   313637   386489   312989   387077   312779   387263   312737   387329   312383   387917   388403   384437   237767   575579   262649   697127    10103   399137   176333   375569    47339
    47279   375707   176243   399149     9887   697217   262139   559667   123887   251177   448907   251003   449117   250853   449303   250673   449363   250343   449699   250199   449963   249923   450209   249779   450257   249593   450473   249503   450557   249419   450677   249287   450899   249089   451097   248903   451397   248483   452009   247847   452393   475427   448397   140339   437867     2789   690119   300857   523763   324299   652727
   652913   323957   523793   300809   690377   350039   427103   359357   133283   567053   132947   567143   132749   567383   132437   567659   132287   567947   131909   568367   131363   568709   131129   569189   130769   569417   130343   569747   130079   570047   129893   570413   129587   570467   129509   570509   129419   570659   129287   570743   129119   571019   121607   566567   272903   349967     9629   399197   176213   376049    47093
    46853   376127   176159   399227     8597   337349   354533   270407   429677   270323   429719   270209   430019   269663   430427   269573   430487   269237   430823   269057   431363   268637   431399   268493   431567   268403   431663   268199   431993   267863   432149   267803   432287   267647   432413   267569   432449   267479   432587   267017   433049   266933   433079   264359   429563   362657   691409   300779   523847   323879   653153
   653357   323699   523877   400943   678407   357347     9539   690509     9473   690629     9137   691037     8807   691337     8663   691433     8543   691583     8369   691709     8243   691787     8087   691997     7907   692333     7607   692423     7547   692753     7079   692963     6917   693137     6857   693179     6689   693353     6569   693533     6329   693683     6317   693743      557   690419    21599   299063   176129   376307    46649
    46643   376469   531287   288839   357107    17579   682673    17327   683303    16649   683453    16529   683513    16319   683777    16223   683789    16187   683909    16073   683939    15887   684239    15737   684647    15233   684857    15137   684923    15017   685109    14759   685337    14639   685637    14327   685973    13997   686039    13907   686177    13553   686519    13367   686669     7757   682337   411167   168719   323537   653363
   653507   323249   159407   353747   309899   390209   309599   390503   309479   390647   309269   390869   308939   391073   308723   391367   308519   391679   308249   391889   307919   392423   307529   392669   307283   392837   307079   393059   306749   393299   306533   393587   306377   393677   306209   393857   306029   394007   305933   394157   305783   394367   305597   394523   305477   394637   303803   390077   540599   376757    46499
   653777   363149   352949   185477   514637   185363   514739   185183   514853   185057   515279   184649   515429   184487   515597   184133   515993   183797   516293   183683   516437   183389   516623   183317   516839   183059   516959   182933   517079   182789   517367   182603   517457   182537   517487   182453   517589   182387   517877   182057   518249   181619   518597   181277   518807   181193   519227   179813   514523   336857    46229
    31193   353963   335123   364997   334877   365213   334637   365513   334379   365759   333929   366227   333737   366287   333713   366383   333539   366683   333023   367019   332729   367307   332447   367613   332273   367823   332117   368099   331889   368453   331277   368789   330983   369119   330653   369419   330359   369659   330047   370133   329789   370613   329387   370673   329123   371087   328829   371339   328619   364499   668813
   357659    56807   643373    56543   643553    56417   643883    56087   644009    55949   644117    55487   644549    55337   644747    55217   644843    55073   645023    54869   645233    54623   645443    54539   645503    54377   645683    54293   645737    54167   646013    53939   646157    53813   646307    53609   646859    53117   646913    53069   647033    52967   647069    52889   647147    52817   647333    52553   647477    46889   643043
