    56807   643373    56543   643553    56417   643883    56087   644009    55949   644117    55487   644549    55337   644747    55217   644843    55073   645023    54869   645233    54623   645443    54539   645503    54377   645683    54293   645737    54167   646013    53939   646157    53813   646307    53609   646859    53117   646913    53069   647033    52967   647069    52889   647147    52817   647333    52553   647477    52517   652727   342347
   647627   335123   364997   334877   365213   334637   365513   334379   365759   333929   366227   333737   366287   333713   366383   333539   366683   333023   367019   332729   367307   332447   367613   332273   367823   332117   368099   331889   368453   331277   368789   330983   369119   330653   369419   330359   369659   330047   370133   329789   370613   329387   370673   329123   371087   328829   371339   328619   372023   346439    52379
    52313   371417   185369   514643   185267   514823   185153   514949   184727   515357   184577   515519   184409   515873   184013   516209   183713   516323   183569   516617   183383   516689   183167   516947   183047   517073   182927   517217   182639   517403   182549   517469   182519   517553   182417   517619   182129   517949   181757   518387   181409   518729   181199   518813   180779   519257   180647   179579   687779   328589   647693
   647747   328379   519383   309929   390107   309797   390407   309503   390527   309359   390737   309137   391067   308933   391283   308639   391487   308327   391757   308117   392087   307583   392477   307337   392723   307169   392927   306947   393257   306707   393473   306419   393629   306329   393797   306149   393977   305999   394073   305849   394223   305639   394523   305477   394637   305363   394739   347513   180623   371627    52259
    52253   371633   180497   394787    17579   682673    17327   683303    16649   683453    16529   683513    16319   683777    16223   683789    16187   683909    16073   683939    15887   684239    15737   684647    15233   684857    15137   684923    15017   685109    14759   685337    14639   685637    14327   685973    13997   686039    13907   686177    13553   686519    13367   686669    13217   687437   346547   305219   519509   328373   647753
   647783   328343   519587   304979   686843     9473   690629     9137   691037     8807   691337     8663   691409     8573   691463     8423   691637     8243   691787     8087   691997     7907   692249     7673   692399     7583   692459     7253   692927     7043   693089     6869   693149     6827   693317     6653   693437     6473   693677     6323   693689     6263   693809     5987   696617   345749    13163   395027   180419   371663    52223
    51977   371897   179939   395069    13127   694079   270407   429677   270323   429719   270209   430019   269663   430427   269573   430487   269237   430823   269057   431363   268637   431399   268493   431567   268403   431663   268199   431993   267863   432149   267803   432287   267647   432413   267569   432449   267479   432587   267017   433049   266933   433079   266687   436439   345329     5927   686879   304937   520067   328109   648029
   648107   328067   520103   304847   686897     5813   433373   132953   567059   132863   567257   132623   567569   132347   567719   132059   568097   131639   568643   131297   568877   130817   569237   130589   569663   130259   569927   129959   570113   129593   570419   129539   570497   129497   570587   129347   570719   129263   570887   128987   571037   128873   575513   343787   266633   694193    13109   395159   179903   371939    51899
    51767   371999   179813   395243    13043   694223   266333   571679   251099   449003   250889   449153   250703   449333   250643   449663   250307   449807   250043   450083   249797   450227   249749   450413   249533   450503   249449   450587   249329   450719   249107   450917   248909   451103   248609   451523   247997   452159   247613   452453   247409   453197   348077   128327   433673     5783   686963   304763   520193   328007   648239
   648257   327869   520313   304553   686969     5693   433847   128159   452813   315407   384737   315179   385079   314879   385193   314807   385379   314603   385493   314399   385739   314213   385817   314129   385943   313889   386153   313727   386369   313517   387017   312929   387227   312743   387269   312677   387623   312089   387977   311897   389447   346553   247193   571847   266159   694313    13037   395453   179693   372137    51749
    51713   372167   179657   395657    12983   694349   266129   571853   246899   388259   297623   402503   297083   403037   296909   403163   296753   403499   296249   403877   296117   403979   295517   404693   295187   404969   294659   405497   294479   405659   294317   405827   294149   405947   293603   406499   293459   406649   293147   409817   345227   311747   453107   128153   433877     5657   687023   304349   520349   327839   648293
   648677   327827   520433   303803   687083     5639   433889   128033   453293   311687   406883   221069   479147   219983   480047   219839   480299   219689   480329   219587   480503   219437   480713   219017   481043   218873   481157   218627   481589   217907   482213   217697   482387   217499   482597   217319   482753   217169   483389   348209   293123   388319   246713   571973   266117   694367    12923   396203   179573   372179    51329
    51287   372269   179357   396239    12899   694487   265757   572027   246689   388403   293099   483773    93923   606113    93683   606443    93557   606503    93479   606587    93263   606959    92957   607157    92753   607307    92669   607349    92489   607619    92237   608273    91703   608423    91577   608609    91373   609143   347933   216233   406907   311603   453317   127979   434249     5519   687107   303767   520649   327737   648719
   648803   327707   520679   303713   687317     5483   434267   127913   453797   311279   407489   216179   608843   206603   493463   206483   493607   206273   493853   206069   493967   206033   493979   205937   494093   205619   494519   205397   494687   205307   494783   205157   494873   205103   494987   204887   204557   639839    91163   483827   292517   388727   246209   572093   265739   694523    12689   396293   179327   372299    51203
    50849   372377   179243   396323    12647   694619   265709   572303   246173   388823   292427   484067    91019   495149   271829   428303   271637   428489   271367   428843   270923   429347   270593   429467   270509   429563   262313   437753   262187   437867   261977   438047   261773   438419   261563   259967   527333   204857   608987   215939   407579   311183   453833   127703   434297     5387   687359   303683   520763   327629   649157
   649217   327317   521153   303593   687593     5087   434303   127649   454109   310949   407639   215927   609173   204437   438989   258563   441479   258443   441569   258119   442019   257867   442319   257639   442487   257489   442733   257189   442829   256967   443117   256877   443249   256643   255053   537413   261017   495569    90833   484079   292367   389057   245897   572357   265703   694919    12413   396413   178853   372689    50789
    50723   372797   178697   396509    12323   694997   265619   572399   245759   389117   292283   484283    90647   495629   260999   443489   187433   512597   187349   512843   186959   513059   186869   513353   186587   513767   186107   514013   185957   514103   185819   514313   185483   527633   335813   256517   439007   204377   609359   215723   407723   310889   454247   127607   434387     5009   687683   303497   521309   327209   649283
   649379   327203   521363   303473   687737     5003   434459   127583   454253   310733   407783   215399   609407   204359   439133   256169   514529    68699   631409    68477   631559    68147   632123    67853   632273    67709   632447    67547   632483    67307   632717    66809   634679   347813   185477   443837   260873   495647    90599   484607   292223   389273   245753   572423   265547   695003    12269   396533   178643   372803    50627
    50549   373007   178613   396629    12239   695069   265193   572519   245627   389567   292037   484613    90473   495707   260849   443873   175499   633209   168143   531977   168023   532277   167633   532379   167483   532739   167249   532907   167087   533033   166703   533993   348419    66797   524507   256133   439157   204299   609533   215393   407969   310439   454379   127487   434813     4937   687767   303377   521393   326999   649457
   649619   326663   521447   303293   687809     4919   434849   127373   454823   310283   408137   215279   609599   204233   439199   256019   524939    66749   533327   232823   467297   232607   467507   232457   467699   232109   467903   232079   468059   231533   469439   348527   166679   633257   175067   443987   260807   495773    90407   484727   291869   389723   245183   572633   265157   695087    12197   396713   178559   373343    50387
    50363   373349   178487   396719    12113   695117   265079   572843   245039   389783   291833   484733    90263   495899   260753   444029   174989   633377   166643   468527   229799   470243   229703   470417   229553   470597   229343   470783   229139   228797   591659   231479   533363    66629   525017   255977   439253   204107   609743   215273   408173   310223   454967   127163   434927     4889   687893   303287   521519   326657   649643
   649799   326147   521537   303119   688067     4799   435107   127139   454973   310187   408263   215153   609779   204059   439289   255917   525353    66533   533549   231359   471137   156623   543539   156347   543887   155783   544259   155087   548363   346139   228869   468647   166457   633473   174653   444089   260717   495947    90227   484853   291743   389819   245033   572867   264899   695207    11939   396887   178469   373859    50207
    50177   373943   178439   396953    11933   695327   264827   572903   244787   389957   291569   485063    90203   495959   260543   444167   174413   633497   166259   468683   228707   544937    44279   655757    44159   655883    43943   658127   347873   155069   471299   231323   533747    66509   525593   255839   439463   204047   609803   214943   408437   310049   455219   127103   435179     4679   688073   303053   521567   326063   649829
   649877   325943   521603   302969   688097     4637   435257   127079   455339   300317   408497   214883   609809   204023   439667   255713   525599    66383   533837   231107   471389   155027   656153   152783   547229   152519   550427   347057    43853   544979   228617   468899   166169   633623   174407   444293   260339   495983    90197   485123   291509   399689   244667   572927   264749   695369    11909   397037   178403   374063    50129
    50069   374117   178349   397259    11867   695777   264743   572969   244493   399887   291443   485417    90017   496007   260207   444347   174329   633629   166043   468953   228539   545063    43577   547577   224969   613637   211403   152429   656429   154943   471467   231053   533963    66377   525677   255659   439799   203999   609989   214589   408563   300119   455513   127037   435263     4229   688139   302747   521657   325889   649937
   650183   325883   521819   302723   688217     4139   435563   126827   455603   300023   408713   214559   610157   203843   440177   255467   525809    66239   534059   230969   471749   154619   656519   548039   336437   350003   363569   151967    43487   545387   228257   469037   165947   633767   174197   444539   259829   496163    89849   485447   291293   399983   244403   573179   264443   695867    11789   397283   178187   374123    49823
    49529   374333   178127   397427    11783   695873   264437   573263   244379   400199   291287   485543    89819   496343   259823   444623   174137   633833   165833   469613   228203   545483    42533   148667   488603    86369   475037   551339   657473   154523   471803   230393   534173    66173   525869   255383   440183   203663   610187   214463   408719   299807   455627   126743   435569     4133   688223   302579   521879   325673   650477
   650483   325607   521903   302573   688637     4127   435647   126359   455789   299699   409007   214439   610409   203579   440339   255329   526037    66083   534473   230357   471893   546719   654827   352949   152777   547487   149579   547223    45179   153287   228113   469649   165533   633923   173969   444677   259667   496427    89597   485567   290999   400307   244217   573647   264359   695879    11369   397433   178103   374399    49523
    49463   374687   177893   397493    11273   695927   264353   573863   244157   400559   290657   486053    89567   496889   259499   444833   173933   634013   165083   469793   526733   147689   352133    44249   655847    44123   656063    41879   655727   552317   173273   230213   534923    65993   526073   255173   440507   203117   610439   213953   409349   299447   455849   126143   435653     4079   688733   302513   522113   325319   650543
   650813   325217   522167   302459   688763     4007   435839   126107   456149   299363   409379   213887   610619   203057   440849   255137   526139    65927   535019   229727   413537   353867   156467   543659   156119   544223   155747   544919   151643   543383   286469   470279   164987   634079   173867   444869   259157   496949    89387   486119   290627   400643   243857   573899   264167   695999    11243   397547   177839   374789    49193
    49019   374819   177623   397589    11117   696077   264113   574109   243839   400859   290489   486179    89303   497117   259019   444929   173807   634169   538367   466649   108347   229763   470303   229589   470453   229409   470663   229223   470867   471209   470207   233357   161639    65837   526199   255077   440987   202889   610703   213827   409517   299147   456167   125897   435893     3929   688889   302417   522383   325187   650987
   651017   325019   522623   301943   688979     3923   435923   125717   456767   299063   409823   213713   610733   202667   441029   254987   526223   634649   157823   351479   232709   467399   232499   467549   232307   467897   232103   467927   231947   468473   230567   467183   542183    65357   173783   445019   258977   497339    89273   486293   290183   400943   243239   574289   264083   696083    11027   398063   177383   374987    48989
    48767   375029   177347   398129    10973   696239   264059   574367   243197   401069   290039   486407    89189   497597   258827   445229   173267    60869   351587   168029   531983   167729   532373   167627   532523   167267   532757   167099   532919   166973   533303   166013   531863   639137   526739   254777   441179   202409   610817   213599   409967   298937   456809   125639   435947     3767   689033   301877   522659   324977   651239
   651473   324893   522737   301793   689267     3593   436097   125387   457139   298589   410117   213557   610919   202403   441263   252323   509429   352193    68597   631529    68447   631859    67883   632153    67733   632297    67559   632459    67523   632699    67289   633197    65327   631307   190577   447683   258743   497603    89087   486449   289889   401417   242867   574619   263909   696413    10739   398213   177269   375113    48533
    48497   375233   177257   398303    10613   696659   263849   574667   242729   401957   289763   486539    88937   497663   441557   632327   364193   187409   512657   187163   513047   186947   513137   186653   513419   186239   513899   185993   514049   185903   514187   185693   514523   172373   512573    67679   258449   202343   611069   213467   410243   298049   457277   125339   436157     3347   689393   301703   522749   324773   651509
   651767   324647   522839   301649   689693     3119   436283   125303   457367   298013   410279   213329   611189   498053   423557   162593   258527   441563   258437   441887   257987   442139   257687   442367   257519   442517   257273   442817   257177   443039   256889   443129   256757   443363   444953   441443   276449   201953    88817   486677   289727   401993   242639   574703   263723   696887    10313   398357   177167   375359    48239
    48197   375413   176699   398423    10139   697049   263399   574799   242603   402053   289319   486797   611543   488633   172673   271703   428369   271517   428639   271163   429083   270659   429413   270539   429497   270443   437693   262253   437819   262139   438029   261959   438233   261587   438443   440039   428177   211373    88463   213209   410687   297953   457403   125207   436607     2957   689867   301583   523307   324593   651809
   652229   324557   523433   301463   689873     2927   436739   125093   457553   297809   410903   487007    82469    60167   206543   493523   206399   493733   206153   493937   206039   493973   206027   494069   205913   494387   205487   494609   205319   494699   205223   494849   205133   494903   205019   495119   495449   493403   617537   212999   289103   402197   242453   574913   263267   697079    10133   398543   176573   375449    47777
    47513   375509   176369   398759    10103   697127   262853   575027   242447   402299   468737   204443   352073    93893   606323    93563   606449    93503   606527    93419   606743    93047   607049    92849   607253    92699   607337    92657   607517    92387   607769    91733   608303    91583   608429    91397   608633    90863   606083   495563   231269   297707   457559   124979   437153     2879   689903   301247   523637   324497   652493
   652499   324473   523673   301073   690119     2789   437273   124919   457607   409337   219797   351797   220859   480023   219959   480167   219707   480317   219677   480419   219503   480569   219293   480989   218963   481133   218849   481379   218417   482099   217793   482309   217619   482507   217409   482687   217253   482837   216617   478937   480209   290669   242399   575087   262733   697217     9887   398933   176333   375533    47507
    47339   375569   176243   399137     9629   697373   262649   575153   458993   281117   354779   297503   402923   296969   403097   296843   403253   296507   403757   296129   403889   296027   404489   295313   404819   295037   405347   294509   405527   294347   405689   294179   405857   294059   406403   293507   406547   293357   406859   290189   402383   418889   241013   124853   437357     2633   690377   300869   523763   324437   652667
   652913   324299   523793   300857   690419     2609   437363   575303   231893   353453   315269   384827   314927   385127   314813   385199   314627   385403   314513   385607   314267   385793   314189   385877   314063   386117   313853   386279   313637   386489   312989   387077   312779   387263   312737   387329   312383   387917   312029   388109   310559   384599   468113   124703   262643   697397     9587   399149   176213   375707    47093
    46889   376049   176159   399197     9539   697457   444767   112253   351929   251003   449117   250853   449303   250673   449363   250343   449699   250199   449963   249923   450209   249779   450257   249593   450473   249503   450557   249419   450677   249287   450899   249089   451097   248903   451397   248483   452009   247847   452393   247553   452597   246809   448907   587753   255239     2549   690467   300809   523847   323957   653117
   653153   323879   523877   300779   690509   350093   245087   356219   132947   567143   132749   567383   132437   567659   132287   567947   131909   568367   131363   568709   131129   569189   130769   569417   130343   569747   130079   570047   129893   570413   129587   570467   129509   570509   129419   570659   129287   570743   129119   571019   128969   571133   124493   567053   454919   349913     9497   399227   176129   376127    46853
    46649   376307   175949   399263     8297   340169   354677   270329   429683   270287   429797   269987   430343   269579   430433   269519   430769   269183   430949   268643   431369   268607   431513   268439   431603   268343   431807   268013   432143   267857   432203   267719   432359   267593   432437   267557   432527   267419   432989   266957   433073   266927   433319   263567   429599   359837   691709   300743   524057   323699   653357
   653363   323537   524087   399989   681563   354257     9377   690869     8969   691199     8669   691343     8597   691433     8543   691583     8369   691763     8219   691919     8009   692099     7757   692333     7607   692423     7547   692753     7079   692963     6917   693137     6857   693179     6689   693353     6569   693533     6329   693683     6317   693743     6197   694019     3389   690533    18443   300017   175919   376469    46643
    46499   376757   525257   290963   353459    17333   682679    16703   683357    16553   683477    16493   683687    16229   683783    16217   683819    16097   683933    16067   684119    15767   684269    15359   684773    15149   684869    15083   684989    14897   685247    14669   685367    14369   685679    14033   686009    13967   686099    13829   686453    13487   686639    13337   686789    12569   682427   409043   174749   323249   653507
   653777   381707   505979   352493   309899   390209   309599   390503   309479   390647   309269   390869   308939   391073   308723   391367   308519   391679   308249   391889   307919   392423   307529   392669   307283   392837   307079   393059   306749   393299   306533   393587   306377   393677   306209   393857   306029   394007   305933   394157   305783   394367   305483   394529   305369   394643   305267   390077   194027   318299    46229
   654047   305597    12227   185363   514739   185183   514853   185057   515279   184649   515429   184487   515597   184133   515993   183797   516293   183683   516437   183389   516623   183317   516839   183059   516959   182933   517079   182789   517367   182603   517457   182537   517487   182453   517589   182387   517877   182057   518249   181619   518597   181277   518807   181193   519227   180749   519359   520427   514637   394409    45959
    30677   353567   335009   365129   334793   365369   334493   365627   334247   366077   333779   366269   333719   366293   333623   366467   333323   366983   332987   367277   332699   367559   332393   367733   332183   367889   331907   368117   331553   368729   331217   369023   330887   369353   330587   369647   330347   369959   329873   370217   329393   370619   329333   370883   328919   371177   328667   371387   327983   364883   669329
   357659    56633   643463    56453   643589    56123   643919    55997   644057    55889   644519    55457   644669    55259   644789    55163   644933    54983   645137    54773   645383    54563   645467    54503   645629    54323   645713    54269   645839    53993   646067    53849   646193    53699   646397    53147   646889    53093   646937    52973   647039    52937   647117    52859   647189    52673   647453    52529   647489    47279   643199
