    58427   641639    58217   641813    58109   642197    57773   642419    57383   642737    57173   642899    57059   643043    56807   643373    56543   643553    56417   643883    56087   644009    55949   644117    55487   644549    55337   644747    55217   644843    55073   645023    54869   645233    54623   645443    54539   645503    54377   645683    54293   645737    54167   646013    53939   646157    53813   646307    53609   646889   347057
   646859   336887   363149   336827   363317   336437   363767   336059   363977   335879   364193   335693   364337   335633   364499   335123   364997   334877   365213   334637   365513   334379   365759   333929   366227   333737   366287   333713   366383   333539   366683   333023   367019   332729   367307   332447   367613   332273   367823   332117   368099   331889   368453   331277   368789   330983   369119   330653   327827   389057    53147
    53093   369419   186947   513137   186653   513419   186239   513899   185993   514049   185903   514187   185693   514523   185477   514637   185363   514739   185183   514853   185057   515279   184649   515429   184487   515597   184133   515993   183797   516293   183683   516437   183389   516623   183317   516839   183059   516959   182933   517079   182789   517367   182603   517457   182537   517487   182453   517589   347933   330587   646913
   646937   330359   517619   311687   388403   311279   388823   310889   389273   310559   389567   310283   389783   310187   389957   309929   390107   309797   390407   309503   390527   309359   390737   309137   391067   308933   391283   308639   391487   308327   391757   308117   392087   307583   392477   307337   392723   307169   392927   306947   393257   306707   393473   306419   393629   306329   299699   441569   182387   369647    53069
    52973   369659   182129   393797    18839   681257    18713   681419    18443   681677    18287   681773    17957   682259    17729   682337    17579   682673    17327   683303    16649   683453    16529   683513    16319   683777    16223   683789    16187   683909    16073   683939    15887   684239    15737   684647    15233   684857    15137   684923    15017   685109    14759   685337    14639   686453   346223   306209   517877   330347   647033
   647039   330047   517949   306149   685637    11027   689267    10613   689693    10139   689873    10103   690119     9629   690419     9539   690509     9473   690629     9137   691037     8807   691337     8663   691409     8573   691463     8423   691637     8297   691763     8219   691919     8009   692099     7757   692333     7607   692423     7547   692753     7079   692963     6917   694367   346553    14369   393857   182057   369959    52967
    52937   370133   181757   393977    14327   693137   271967   428177   271703   428489   271367   428843   270923   429347   270593   429467   270509   429563   270407   429677   270323   429719   270209   430019   269663   430427   269573   430487   269237   430823   269057   431363   268637   431399   268493   431567   268403   431663   268199   431993   267863   432149   267803   267479   512537     6869   685679   306029   518249   329873   647069
   647117   329789   518387   305999   685973     6857   432287   134417   565637   134339   565787   134213   565919   134033   566057   133733   566567   133283   567053   132947   567143   132749   567383   132437   567659   132287   567947   131909   568367   131363   568709   131129   569189   130769   569417   130343   569747   130079   570047   129893   570413   129587   573647   343913   267719   693149    14033   394007   181619   370217    52889
    52859   370613   181409   394073    13997   693179   267647   570467   253349   446759   252899   447119   252869   447179   252323   448067   251639   448397   251177   448907   251003   449117   250853   449303   250673   449363   250343   449699   250199   449963   249923   450209   249779   450257   249593   450473   249503   450557   249419   450677   249287   249089   550139   129539   432359     6827   686009   305933   518597   329393   647147
   647189   329387   518729   305849   686039     6689   432413   129509   450899   316859   383153   316703   383429   316373   383813   316097   384029   315899   384113   315803   384227   315599   384437   315527   384599   315269   384827   314927   385127   314813   385199   314627   385403   314513   385607   314267   385793   314189   385877   314063   296909   438029   249107   570497   267593   693317    13967   394157   181277   370619    52817
    52673   370673   181199   394223    13907   693353   267569   570509   248909   386117   300743   399689   300119   399983   300017   400199   299447   400859   299063   401069   298589   401957   298013   402053   297809   402383   297503   402923   296969   403163   296753   403499   296249   403877   296117   403979   295517   404693   295187   291869   459803   313889   451097   129497   432437     6653   686099   305783   518807   329333   647333
   647453   329123   518813   305639   686177     6569   432449   129419   451103   313853   404969   222149   477899   222059   477977   221849   478199   221747   478403   221327   478787   221093   478937   220859   480023   219959   480167   219797   480299   219689   480329   219587   480503   219437   480713   219017   481043   218873   481157   348209   295037   386153   248903   570587   267557   693437    13829   394367   181193   370883    52553
    52529   371087   180779   394409    13487   693533   267419   570659   248609   386279   294659   481379    95219   604829    95009   605117    94613   605477    94463   605573    94397   605837    93923   606113    93683   606443    93557   606503    93479   606587    93263   606959    92957   607157    92753   607307    92669   635507   320687   218627   405347   313727   451397   129347   432587     6473   686519   305597   519227   328919   647477
   647489   328829   519257   305483   686639     6329   432989   129287   451523   313637   405497   218417   607349   207947   492083   207629   492413   207443   492629   207287   492893   206993   493067   206897   493193   206603   493463   206483   493607   206273   493853   206069   493967   206033   493979   205937   501827   341507    92657   481589   294509   386369   248483   570719   267017   693677    13367   394523   180749   371177    52517
    52379   371339   180647   394529    13337   693683   266957   570743   247997   386489   294479   482099    92489   494093   272933   427079   272903   427247   272603   427439   272549   427529   272093   427967   272009   428003   264083   435947   263909   436157   263723   436439   263399   436739   262853   438047   348419   205913   607517   217907   405527   313517   452009   129263   433049     6323   686669   305477   519359   328667   647627
   647693   328619   519383   305369   686789     6317   433073   129119   452159   312989   405659   217793   607619   205619   437273   259967   440177   259823   440339   259499   440849   259019   441029   258827   441263   258563   441479   258449   441563   258119   442019   257867   442319   257639   244157   547097   262733   494387    92387   482213   294347   387017   247847   570887   266933   693689    13217   394637   180623   371387    52313
    52259   371417   180497   394643    13163   693743   266927   571019   247613   387077   294317   482309    92237   494519   262649   442487   189437   510617   189239   510989   188843   511487   188483   511703   188249   511859   187463   512573   187409   512657   187163   513047   177269   524057   347513   257519   437357   205487   607769   217697   405689   312929   452393   128987   433079     6263   686843   305363   519509   328589   647747
   647753   328379   519587   305267   686879     6197   433319   128969   452453   312779   405827   217619   608273   205397   437363   257489   522749    69899   630197    69653   630467    69317   630803    69143   631013    68819   631229    68699   631409    68477   631559    68147   636263   344957   177257   442517   262643   494609    91733   482387   294179   387227   247553   571037   266687   693809    13127   394739   180419   371627    52253
    52223   371633   179939   394787    13109   694019   266633   571133   247409   387263   294149   482507    91703   494687   262313   442733   177167   632123   169913   530183   169769   530297   169667   530513   169457   530597   169313   530807   168863   531203   168743   532277   348443    67883   522839   257273   437693   205319   608303   217499   405857   312743   452597   128873   433373     5987   686897   305219   520067   328373   647783
   648029   328343   520103   304979   686963     5927   433673   128327   452813   312737   405947   217409   608423   205307   437819   257189   523307    67853   531287   234917   465173   234713   465407   234587   465809   234089   465977   233759   466517   233357   474707   341027   168719   632153   176699   442817   262187   494699    91583   482597   294059   387269   247193   571679   266333   694079    13043   395027   179903   371663    51977
    51899   371897   179813   395069    13037   694193   266159   571847   246899   387329   293603   482687    91577   494783   262139   442829   176573   632273   168143   467183   231947   468113   231533   468527   231323   468737   231107   468953   230969   470417   348407   232823   531863    67733   523433   257177   437867   205223   608429   217319   406403   312677   453107   128159   433847     5813   686969   304937   520193   328109   648107
   648239   328067   520313   304847   687023     5783   433877   128153   453197   312383   406499   217253   608609   205157   438233   256967   523637    67709   531977   232709   469439   157823   542207   157559   542483   157427   542747   157133   552809   339839   230567   467297   168029   632297   176369   443039   261773   494849    91397   482753   293507   387623   246809   571853   266129   694223    12983   395159   179693   371939    51767
    51749   371999   179657   395243    12923   694313   266117   571973   246713   387917   293459   482837    91373   494873   261587   443117   176333   632327   168023   467399   230393   542987    45953   654509    45413   654629    45263   655727   348527   157019   469613   232607   531983    67679   523673   256889   438419   205133   608633   217169   406547   312089   453293   128033   433889     5693   687083   304763   520349   328007   648257
   648293   327983   520427   304553   687107     5657   434249   127979   453317   312029   406649   216617   608843   205103   438443   256877   523763    67559   532373   232499   469649   157007   654827   153953   546263   153689   553073   343037    45179   542999   230357   467507   167633   632447   176243   443129   261563   494903    91163   483389   293357   387977   246689   572027   265757   694349    12899   395453   179579   372023    51713
    51329   372137   179573   395657    12689   694487   265739   572093   246209   388109   293123   483773    91019   494987   261017   443249   176213   632459   167627   467549   230213   543287    45083   546569   225977   474479   349553   153437   654923   156719   469793   232457   532379    67547   523793   256757   438989   205019   608987   216233   406883   311897   453797   127913   434267     5519   687317   304349   520433   327869   648677
   648719   327839   520649   303803   687359     5483   434297   127703   453833   311747   406907   216179   609143   204887   439007   256643   523847    67523   532523   232307   470207   156707   655043   547487   473579   350003   226427   152519    44963   543299   229799   467699   167483   632483   176159   443363   260999   495119    90863   483827   293099   388259   246173   572303   265709   694523    12647   396203   179357   372167    51287
    51203   372269   179327   396239    12569   694619   265703   572357   245897   398063   292517   484067    90833   495149   260873   443489   176129   632699   167267   467897   229763   543383   655757   145037   350453   225527   474029   554969    44249   156623   470243   232109   532739    67307   523877   256517   439133   204857   609173   215939   407489   301943   454109   127649   434303     5387   687437   303767   520679   327737   648803
   649157   327707   520763   303713   687593     5087   434387   127607   454247   301877   407579   215927   609359   204557   439157   256169   524087    67289   532757   232103   470279   545933    41879   356969   153743   546317   146933   546053   658127   154073   229727   467903   167249   632717   175919   443837   260849   495449    90647   484079   292427   398129   245759   572399   265619   694919    12413   396293   179243   372299    50849
    50789   372377   178853   396323    12323   694997   265547   572423   245753   398213   292367   484283    90599   495563   260807   443873   175499   633197   167099   467927   485447   142733   351479    45497   654593    45377   654743    44279   654053   557273   214559   232079   532907    66809   524507   256133   439199   204443   609407   215723   407639   301793   454253   127583   434459     5009   687683   303683   521153   327629   649217
   649283   327317   521309   303593   687737     5003   434813   127487   454379   301703   407723   215399   609533   204437   439253   256019   524939    66797   532919   475697   211097   360167   157799   542447   157523   542579   157259   542873   147197   542183   488909   224309   167087   633209   175067   443987   260753   495569    90473   484607   292283   398303   245627   572519   265193   695003    12269   396413   178697   372689    50723
    50627   372797   178643   396509    12239   695069   265157   572633   245183   398357   292223   484613    90407   495629   260717   444029   174989   633257   535697   212873   351599   231893   468473   231479   468683   231269   468899   231053   469037   229589   468059   487133   164309    66749   525017   255977   439289   204377   609599   215393   407783   301649   454823   127373   434849     4937   687767   303497   521363   327209   649379
   649457   327203   521393   303473   687779     4919   434927   127163   454919   301583   407969   215279   609743   204359   439463   255917   525257    66629   160877   358979   234833   465293   234599   465419   234197   465917   234029   466247   233489   466649   225299   465089   539129   633377   174749   444089   260543   495647    90263   484727   292037   398423   245087   572843   265079   695087    12227   396533   178613   372803    50549
    50387   373007   178559   396629    12197   695117   264899   572867   245039   398543   291833   484733    90227   495707   260339   444167   525869   625409   351563   169823   530237   169709   530339   169493   530549   169409   530693   169199   531143   168803   531263   167729   530093    74597   174137   255839   439667   204299   609779   215273   408173   301463   454967   127139   435107     4889   687809   303377   521447   326999   649619
   649643   326663   521519   303293   687893     4799   435179   127103   454973   301247   408263   215153   609803   204233   439799   468647   157769   355049    69809   630353    69539   630689    69203   630863    68993   631187    68777   631307    68597   631529    68447   631859    63743   630107   542237   231359   260207   495773    90203   484853   291743   398759   245033   572903   264827   695207    12113   396713   178487   373343    50363
    50207   373349   178469   396719    11939   695327   264749   572927   244787   398933   291569   485063    90197   495899   462149   425297   352493   189389   510767   189017   511163   188519   511523   188303   511757   188147   512543   187433   512597   187349   512843   186959   522737   175949   510569   274709   237857   204107   609809   214943   408437   301073   455219   127079   435257     4679   688067   303287   521537   326657   649799
   649829   326147   521567   303119   688073     4637   435263   127037   455339   300869   408497   214883   609989   496007   225149   152909   259829   440183   259667   440507   259157   440987   258977   441179   258743   441443   258527   441557   258443   441887   257987   442139   257687   442367   455849   440039   474857   203999    90017   485123   291509   399137   244667   572969   264743   695369    11933   396887   178439   373859    50177
    50129   373943   178403   396953    11909   695777   264443   573179   244493   399149   291443   485417    88799   192677   351587   272927   427103   272759   427403   272567   427457   272477   427913   272039   427997   272003   435923   264059   436097   263849   436283   263567   436607   263267   437153   261959   427073   507329   611207   214589   408563   300857   455513   126827   435563     4229   688097   303053   521603   326063   649877
   649937   325943   521657   302969   688139     4139   435569   126743   455603   300809   408713   485567   577397   358499   207923   492377   207593   492563   207377   492719   207113   493013   206939   493109   206813   493403   206543   493523   206399   493733   206153   493937   206039   493973   206027   494069   198179   492059   122609   214439   291293   399197   244403   573263   264437   695867    11867   397037   178349   374063    50069
    49823   374117   178187   397259    11789   695873   264359   573863   244379   399227   422249   206879   379319    95177   604997    94889   605393    94529   605543    94433   605609    94169   606083    93893   606323    93563   606449    93503   606527    93419   606743    93047   607049    92849   607253    92699   607337    64499   604787   493127   277757   300779   455627   126143   435647     4133   688217   302747   521819   325889   650183
   650477   325883   521879   302723   688223     4127   435653   126107   455789   297707   380459   351797   222107   477947   222029   478157   221807   478259   221603   478679   221219   478913   221069   479147   219983   480047   219839   480209   219707   480317   219677   480419   219503   480569   219293   480989   218963   481133   218849   477857   319547   402299   244217   573899   264353   695879    11783   397283   178127   374123    49529
    49523   374333   178103   397427    11369   695927   264167   574109   241337   476249   240203   300317   399887   300023   399989   299807   400559   299147   400943   298937   401417   298049   401993   297953   402197   297623   402503   297083   403037   296843   403253   296507   403757   296129   403889   296027   404489   295313   404819   408137   399263   223757   458669   125897   435839     4079   688637   302579   521903   325673   650483
   650543   325607   522113   302573   688733     4007   435893   575429   653117   261977   316853   383303   316577   383633   316193   383909   315977   384107   315893   384203   315779   384407   315569   384479   315407   384737   315179   385079   314879   385193   314807   385379   314603   385493   314399   385739   314213   385817   314129   385943   403097   383147    46889   124577   264113   695999    11273   397433   177893   374399    49463
    49193   374687   177839   397493    11243   696077   437753   111659   149867   253247   447107   252887   447137   252827   447683   251939   448367   251609   448829   251099   449003   250889   449153   250703   449333   250643   449663   250307   449807   250043   450083   249797   450227   249749   450413   249533   450503   249449   450587   249329   450719   450917   446657   588347   262253     3929   688763   302513   522167   325319   650813
   650987   325217   522383   302459   688889   419057   418427   356093   134369   565667   134219   565793   134087   565973   133949   566273   133439   566723   132953   567059   132863   567257   132623   567569   132347   567719   132059   568097   131639   568643   131297   568877   130817   569237   130589   569663   130259   569927   129959   570113   129593   570419   126359   565589   281579   280949    11117   397547   177623   374789    49019
    48989   374819   177383   397589   689033   271637   187469   271829   428303   271517   428639   271163   429083   270659   429413   270539   429497   270443   429599   270329   429683   270287   429797   269987   430343   269579   430433   269519   430769   269183   430949   268643   431369   268607   431513   268439   431603   268343   431807   268013   432143   267857   432203   432527   428039   428369    10973   302417   522623   325187   651017
   651239   325019   522659   400643     1277   353453    10739   689393    10313   689867    10133   689903     9887   690377     9587   690467     9497   690533     9377   690869     8969   691199     8669   691343     8597   691433     8543   691583     8369   691709     8243   691787     8087   691997     7907   692249     7673   692399     7583   692459     7253   692927     7043   693089     5639   688979   698729   299363   177347   374987    48767
    48533   375029   539309   383969   353783    18749   681293    18587   681563    18329   681719    18233   682049    17747   682277    17669   682427    17333   682679    16703   683357    16553   683477    16493   683687    16229   683783    16217   683819    16097   683933    16067   684119    15767   684269    15359   684773    15149   684869    15083   684989    14897   685247    14669   685367    13553   681167   316037   160697   324977   651473
   651509   323249   152189   258437   311603   388727   311183   389117   310733   389447   310439   389723   310223   389819   310049   390077   309899   390209   309599   390503   309479   390647   309269   390869   308939   391073   308723   391367   308519   391679   308249   391889   307919   392423   307529   392669   307283   392837   307079   393059   306749   393299   306533   393587   306377   393677   400307   388319   547817   376757    48497
   656609   406859   352073   186869   513353   186587   513767   186107   514013   185957   514103   185819   514313   185483   514529   185369   514643   185267   514823   185153   514949   184727   515357   184577   515519   184409   515873   184013   516209   183713   516323   183569   516617   183383   516689   183167   516947   183047   517073   182927   517217   182639   517403   182549   517469   182519   517553   182417   513059   293147    43397
    32993   310949   336857   363179   336689   363569   336239   363947   336029   364127   335813   364313   335669   364373   335507   364883   335009   365129   334793   365369   334493   365627   334247   366077   333779   366269   333719   366293   333623   366467   333323   366983   332987   367277   332699   367559   332393   367733   332183   367889   331907   368117   331553   368729   331217   369023   330887   369353   372179   363119   667013
   352949    58367   641789    58193   641897    57809   642233    57587   642623    57269   642833    57107   642947    56963   643199    56633   643463    56453   643589    56123   643919    55997   644057    55889   644519    55457   644669    55259   644789    55163   644933    54983   645137    54773   645383    54563   645467    54503   645629    54323   645713    54269   645839    53993   646067    53849   646193    53699   646397    53117   641579
