    62507   637529    62297   637787    62189   638303    61583   638453    61547   638663    61007   639053    60923   639137    60737   639563    60317   639713    60167   639857    59999   640049    59879   640259    59699   640589    59393   640649    59273   640847    59063   641093    58727   641327    58427   641639    58217   641813    58109   642197    57773   642419    57383   642737    57173   642899    57059   643043    56807   644057   346223
   643373   341303   358733   341027   359027   340937   359129   340859   359297   340649   359837   339839   360257   339413   360749   339137   361013   338669   361433   338543   361637   338279   361769   338213   361799   338033   361979   337907   362147   337793   362309   337349   362693   337283   363017   336887   363149   336827   363317   336437   363767   336059   363977   335879   364193   335693   364337   335633   334637   377297    56633
    56543   364499   191747   508349   191507   508559   191297   508817   191033   509027   190709   509393   190577   509477   190403   509693   190283   509909   189929   510569   189389   510767   189017   511163   188519   511523   188303   511757   188147   512537   187463   512573   187409   512657   187163   513047   186947   513137   186653   513419   186239   513899   185993   514049   185903   514187   185693   185483   675827   335507   643463
   643553   335123   514529   315569   384479   315407   384737   315179   385079   314879   385193   314807   385379   314603   385493   314399   385739   314213   385817   314129   385943   313889   386153   313727   386369   313517   387017   312929   387227   312743   387269   312677   387623   312089   387977   311897   388259   311687   388403   311279   388823   310949   389117   310733   389567   310283   309359   427529   185477   364883    56453
    56417   364997   185369   389783    22697   677387    22367   677657    22193   677927    21929   678203    21599   678437    21407   678659    21227   678989    20939   679127    20849   679463    20399   679709    20183   679829    20147   679883    19979   680213    19709   680453    19373   680993    18959   681089    18869   681167    18749   681293    18587   681563    18329   681719    18233   688139   341507   310223   514637   335009   643589
   643883   334877   514643   310187   682049    13829   686453    13487   686639    13337   686789    13163   686879    13109   686963    13037   687023    12923   687107    12689   687359    12569   687593    12323   687737    12239   687779    12197   687893    11939   688073    11909   688217    11783   688637    11273   688763    11117   688979    10973   689267    10613   689693    10139   690119   347513    17957   389819   185363   365129    56123
    56087   365213   185267   389957    17747   689873   275339   424967   275003   425189   274709   425309   274583   425489   274457   425603   274223   425819   274103   425987   273929   426233   273719   426353   273617   426737   273233   426893   272933   427079   272903   427247   272603   427439   272549   427913   272039   427997   272003   428039   271829   428303   271637   271517   504593    10133   682259   310049   514739   334793   643919
   644009   334493   514823   309929   682277    10103   428639   138959   561083   138647   561377   138617   561419   138407   561767   138209   561809   138059   562007   137723   562307   137597   562439   137399   562613   137303   563117   136649   563447   136463   563663   136193   564359   135599   564617   135353   564797   135089   564989   134669   565517   134417   569189   344243   271367   689903    17729   390077   185183   365513    55997
    55889   365627   185153   390107    17669   690377   271163   565637   257489   442733   257189   442829   256967   443117   256877   443249   256643   443489   256169   443873   256019   444029   255917   444167   255713   444347   255467   444623   255329   444767   255173   444869   255077   444953   254987   445229   254699   445799   254039   446003   253919   446399   347957   134369   428843     9629   682337   309899   514853   334379   644117
   644519   334247   514949   309797   682427     9587   429083   134339   446273   320339   379703   320219   379853   320027   379997   319817   380327   319673   380417   319547   380837   319127   380909   319049   381323   318629   381533   318377   381659   318299   382037   317903   382229   317453   382643   317279   382847   317123   382919   316937   383969   347099   253733   565667   270923   690419    17579   390209   185057   365759    55487
    55457   366077   184727   390407    17333   690467   270659   565787   253349   383099   303713   396323   303593   396509   303377   396713   303287   396887   303053   397037   302747   397283   302579   397433   302513   397547   302417   398063   301877   398213   301703   398357   301583   398543   301247   398933   300869   399149   300779   399689   348077   316907   446657   134219   429347     9539   682673   309599   515279   333929   644549
   644669   333779   515357   309503   682679     9497   429413   134213   446759   316859   399263   225509   474503   225347   474707   225227   474839   225149   474917   225023   475037   224897   475289   224603   475427   224423   475679   224309   475877   224033   476087   223823   476249   223637   476429   223529   476513   223403   477809   347813   300743   383147   253247   565793   270593   690509    17327   390503   184649   366227    55337
    55259   366269   184577   390527    16703   690533   270539   565919   252899   383153   300119   476639    99689   600659    99317   600833    99149   600983    98963   601067    98927   601379    98519   601883    98057   602033    97967   602087    97673   602453    97463   602627    97367   602999    96959   603149    96797   604733   346349   223367   399887   316853   447107   134087   429467     9473   683303   309479   515429   333737   644747
   644789   333719   515519   309269   683357     9377   429497   134033   447119   316703   399983   223253   603227   211319   488723   211247   488909   210827   489197   210599   489449   210527   489539   210347   489689   210263   489833   209987   490169   209639   490463   209147   490967   208787   491333   208667   208589   631859    96779   476753   300023   383303   252887   565973   270509   690629    16649   390737   184487   366287    55217
    55163   366293   184409   390869    16553   690869   270443   566057   252869   383429   300017   476759    96749   491429   276389   423713   276257   423869   275999   424019   275969   424169   275783   424433   275459   424559   267593   432437   267557   432527   267419   432989   266957   433073   266927   436283   345689   208577   603257   223247   399989   316577   447137   133949   429563     9137   683453   309137   515597   333713   644843
   644933   333623   515873   308939   683477     8969   429599   133733   447179   316373   400199   222857   603563   208469   433373   264437   435647   264353   435839   264113   435947   263909   436157   263567   436607   263267   437153   262733   437357   262643   437693   262253   437819   262139   260753   525677   266633   491537    96443   477149   299807   383633   252827   566273   270407   691037    16529   391067   184133   366383    55073
    54983   366467   184013   391073    16493   691199   270329   566567   252323   383813   299699   477293    96059   491627   266333   438029   193793   506327   193649   506537   193433   506843   193133   506963   193013   507029   192887   507329   192407   507743   192053   508037   191903   160739   696239   261977   433673   208379   603947   222713   400307   316193   447683   133439   429677     8807   683513   308933   515993   333539   645023
   645137   333323   516209   308723   683687     8669   429683   133283   448067   316097   400559   222647   603989   208367   433847   261959   508223    74027   626033    73943   626147    73847   626333    73643   626393    73529   626489    73379   626963    73019   627083    72623   629567   347033   191783   438047   266159   491639    96017   477359   299447   383909   251939   566723   270323   691337    16319   391283   183797   366683    54869
    54773   366983   183713   391367    16229   691343   270287   567053   251639   384029   299363   477677    95783   491669   266129   438233   180779   627953   174407   525809   174137   526037   173933   526139   173807   526223   173699   526649   173297   526733   173267   527489   348419    72053   519227   261773   433877   208337   604223   222329   400643   315977   448367   132953   429719     8663   683777   308639   516293   333023   645233
   645383   332987   516323   308519   683783     8597   429797   132947   448397   315899   400859   222149   604259   208223   433889   261587   519257    71993   526829   239387   460673   239297   460919   239069   460979   238859   461297   238673   461507   238397   462773   348209   173177   628013   180749   438419   266117   491783    95747   477857   299147   384107   251609   567059   270209   691409    16223   391487   183683   367019    54623
    54563   367277   183569   391679    16217   691433   269987   567143   251177   384113   299063   477899    95393   491789   265757   438443   180647   628097   172883   461693   236723   463433   236549   463787   236087   464129   235793   464447   235523   234029   579533   238313   527123    71909   519359   261563   434249   208217   604613   222107   400943   315893   448829   132863   430019     8573   683789   308327   516437   332729   645443
   645467   332699   516617   308249   683819     8543   430343   132749   448907   315803   401069   222059   604727   208139   434267   261017   519383    71879   527129   238163   464699   161267   539009   160967   539129   160697   539507   160373   594569   294509   235307   461843   172877   628127   180623   438989   265739   491867    95279   477947   298937   384203   251099   567257   269663   691463    16187   391757   183389   367307    54539
    54503   367559   183383   391889    16097   691583   269579   567383   251003   384227   298589   477977    95219   491969   265709   439007   180497   628139   172673   462149   235043   539639    50849   649217    50723   649379    50549   650477   348827   160367   464963   237857   527333    71867   519509   260999   434297   208037   604787   222029   401417   315779   449003   132623   430427     8423   683909   308117   516623   332447   645503
   645629   332393   516689   307919   683933     8369   430433   132437   449117   315599   401957   221849   604829   207953   434303   260873   519587    71789   527399   237767   464993   160343   649619   159017   541097   158657   596927   294317    50387   539663   235013   462239   172607   628217   180419   439133   265703   492053    95177   478157   298049   384407   250889   567569   269573   691637    16073   392087   183317   367613    54377
    54323   367733   183167   392423    16067   691709   269519   567659   250853   394409   298013   478199    95009   492059   265619   439157   179939   628373   172553   462443   235007   539687    50363   541439   229763   470279   349967   158567   649643   160319   464999   237563   527453    71633   520067   260849   434387   207947   604997   221807   401993   305597   449153   132347   430487     8297   683939   307583   516839   332273   645683
   645713   332183   516947   307529   684119     8243   430769   132287   449303   305483   402053   221747   605117   207923   434459   260807   520103    71333   527633   237287   465089   160169   649799   541763   470207   350003   229799   158243    50207   539837   234917   462719   172373   628673   179903   439199   265547   492083    94889   478259   297953   394523   250703   567719   269237   691763    15887   392477   183059   367823    54293
    54269   367889   183047   392669    15767   691787   269183   567947   250673   394529   297809   478403    94613   492377   265193   439289   179813   628679   172307   462827   234833   539843   654053   102107   350039   229727   470243   597899    45953   160163   465173   237179   527699    71327   520193   260717   434813   207629   605393   221603   402197   305477   449333   132059   430823     8219   684239   307337   516959   332117   645737
   645839   331907   517073   307283   684269     8087   430949   131909   449363   305369   402299   221327   605477   207593   434849   260543   520313    71249   527789   237143   465293   157133    44159   405689   158909   541349   103079   540989   655847   542873   234713   462863   172217   628757   179693   439463   265157   492413    94529   478679   297707   394637   250643   568097   269057   691919    15737   392723   182933   368099    54167
    53993   368117   182927   392837    15359   691997   268643   568367   250343   394643   297623   478787    94463   492563   265079   439667   179657   628877   172097   462953   234197   486449   351179    50789   649283    50627   649457    49529   649157   213557   465809   237053   527909    71129   520349   260339   434927   207443   605543   221219   402383   305363   449663   131639   431363     8009   684647   307169   517079   331889   646013
   646067   331553   517217   307079   684773     7907   431369   131363   449699   305267   402503   221093   605573   207377   435107   260207   520427    71069   528137   464327   693683   405497   160997   539039   160877   539309   160499   539633   105437   538739     6323   235679   171869   628937   179579   439799   264899   492629    94433   478913   297503   394739   250307   568643   268637   692099    15233   392927   182789   368453    53939
    53849   368729   182639   393059    15149   692249   268607   568709   250199   394787   297083   478937    94397   492719   264827   440039   179573   629009   532373   232103   120473   236573   463457   236219   463919   235877   464213   235559   464483   465977   463283   467903   167633    70997   520433   259967   435179   207287   605609   221069   402923   305219   449807   131297   431399     7757   684857   306947   517367   331277   646157
   646193   331217   517403   306749   684869     7673   431513   131129   449963   304979   403037   220859   605837   207113   435257   259829   520649    69203   164249   351797   239333   460709   239087   460937   239027   461147   238709   461333   238499   461609   237233   460619   535757   630803   179357   440177   264749   492893    94169   479147   296969   395027   250043   568877   268493   692333    15137   393257   182603   368789    53813
    53699   369023   182549   393299    15083   692399   268439   569237   249923   395069   296909   480023    93923   493013   264743   440183   521537   625409   351587   174197   525869   173969   526073   173867   526199   173783   526307   173357   526709   173273   526739   172517   525599    74597   178469   259823   435263   206993   606083   219983   403097   304937   450083   130769   431567     7607   684923   306707   517457   330983   646307
   646397   330887   517469   306533   684989     7583   431603   130589   450209   304847   403163   219959   606113   206939   435563   455339   522113   352973    73973   626063    73859   626159    73673   626363    73613   626477    73517   626627    73043   626987    72923   627383    70439   625979   177893   244667   264443   493067    93893   480047   296843   395159   249797   569417   268403   692423    15017   393473   182537   369119    53609
    53147   369353   182519   393587    14897   692459   268343   569663   249779   395243   296753   480167    93683   493109   264083   417089     3767   193679   506357   193469   506573   193163   506873   193043   506993   192977   507119   192677   507599   192263   507953   191969   508103   539267   506213   282917   435923   206897   606323   219839   403253   304763   450227   130343   431663     7547   685109   306419   517487   330653   646859
   646889   330587   517553   306377   685247     7253   431807   130259   450257   304553   403499   219797   606443   493127   420977   174329   264359   435653   264167   435893   264059   436097   263849   436439   263399   436739   262853   437273   262649   437363   262313   437753   262187   437867   439253   435569   279029   206879    93563   480209   296507   395453   249749   569747   268199   692753    14759   393629   182453   369419    53117
    53093   369647   182417   393677    14669   692927   268013   569927   249593   395657   296249   480299    92753   485063   354317   276293   423749   276137   424007   275987   424037   275837   424223   275573   424547   275447   432413   267569   432449   267479   432587   267017   433049   266933   433079   263723   423617   214943   607253   219707   403757   304349   450413   130079   431993     7079   685337   306329   517589   330359   646913
   646937   330347   517619   306209   685367     7043   432143   129959   450473   303803   403877   484853   599537    68147   211283   488759   211097   489179   210809   489407   210557   489479   210467   489659   210317   489743   210173   490019   209837   490367   209543   490859   209039   491219   208673   491339   491417   488687   100469   215153   296129   396203   249533   570047   267863   692963    14639   393797   182387   369659    53069
    52973   369959   182129   393857    14369   693089   267857   570113   249503   396239   404969   208877   353657    99347   600689    99173   600857    99023   601043    98939   601079    98627   601487    98123   601949    97973   602039    97919   602333    97553   602543    97379   602639    97007   603047    96857   603209    95273   600317   491129   295037   303767   450503   129893   432149     6917   685637   306149   517877   330047   647033
   647039   329873   517949   306029   685679     6869   432203   129593   450557   303473   287873   352193   225503   474659   225299   474779   225167   474857   225089   474983   224969   475109   224717   475403   224579   475583   224327   475697   224129   475973   223919   476183   223757   476369   223577   476477   223493   476603   222197   474497   412133   396533   249449   570413   267803   693137    14327   393977   182057   370133    52967
    52937   370217   181757   394007    14033   693149   267719   570419   450917   379307   351929   303683   396413   303497   396629   303293   396719   303119   396953   302969   397259   302723   397427   302573   397493   302459   397589   301943   398129   301793   398303   301649   398423   301463   398759   301073   399137   300857   399227   300317   396293   320699   249089   129587   432287     6857   685973   305999   518249   329789   647069
   647117   329393   518387   305933   686009     6827   432359   570497   241883   352907   320303   379787   320153   379979   320009   380189   319679   380333   319589   380459   319169   380879   319097   380957   318683   381377   318473   381629   318347   381707   317969   382103   317777   382553   317363   382727   317159   382883   317087   383069   316037   379667   458123   129509   267647   693179    13997   394073   181619   370613    52889
    52859   370619   181409   394157    13967   693317   266687   116483   352049   257273   442817   257177   443039   256889   443129   256757   443363   256517   443837   256133   443987   255977   444089   255839   444293   255659   444539   255383   444677   255239   444833   255137   444929   255053   445019   254777   445307   254207   445967   254003   446087   253607   442517   583523   433319     6689   686039   305849   518597   329387   647147
   647189   329333   518729   305783   686099   349919   582167   355763   138923   561359   138629   561389   138587   561599   138239   561797   138197   561947   137999   562283   137699   562409   137567   562607   137393   562703   136889   563357   136559   563543   136343   563813   135647   564407   135389   564653   135209   564917   135017   565337   134489   565589   130817   561047   117839   350087    13907   394223   181277   370673    52817
    52673   370883   181199   394367   399197   341927   195413   275039   425003   274817   425297   274697   425423   274517   425549   274403   425783   274187   425903   274019   426077   273773   426287   273653   426389   273269   426773   273113   427073   272927   427103   272759   427403   272567   427457   272093   427967   272009   428003   271967   428177   271703   428369   428489   424667   358079   300809   305639   518807   329123   647333
   647453   328919   518813   295517   286427   352493    13553   686519    13367   686669    13217   686843    13127   686897    13043   686969    12983   687083    12899   687317    12647   687437    12413   687683    12269   687767    12227   687809    12113   688067    11933   688097    11789   688223    11369   688733    11243   688889    11027   689033    10739   689393    10313   689867     9887   686177   413579   404489   181193   371087    52553
    52529   371177   521603   474437   358499    22619   677639    22349   677813    22079   678077    21803   678407    21569   678599    21347   678779    21017   679067    20879   679157    20543   679607    20297   679823    20177   679859    20123   680027    19793   680297    19553   680633    19013   681047    18917   681137    18839   681257    18713   681419    18443   681677    18287   681773    11867   677309   225569   178403   328829   647477
   647489   328619   495983   272477   315527   384599   315269   384827   314927   385127   314813   385199   314627   385403   314513   385607   314267   385793   314189   385877   314063   386117   313853   386279   313637   386489   312989   387077   312779   387263   312737   387329   312383   387917   312029   388109   311747   388319   311603   388727   311183   389057   310889   389273   310439   389723   390647   384437   204023   371387    52517
   655229   389447    24179   191657   508499   191447   508709   191189   508973   190979   509297   190613   509429   190529   509603   190313   509723   190097   510077   189437   510617   189239   510989   188843   511487   188483   511703   188249   511859   187469   512543   187433   512597   187349   512843   186959   513059   186869   513353   186587   513767   186107   514013   185957   514103   185819   514313   514523   508259   310559    44777
    32987   322709   341273   358979   340979   359069   340877   359147   340709   359357   340169   360167   339749   360593   339257   360869   338993   361337   338573   361463   338369   361727   338237   361793   338207   361973   338027   362099   337859   362213   337697   362657   337313   362723   336989   363119   336857   363179   336689   363569   336239   363947   336029   364127   335813   364313   335669   364373   365369   358703   667019
   353783    62477   637709    62219   637817    61703   638423    61553   638459    61343   638999    60953   639083    60869   639269    60443   639689    60293   639839    60149   640007    59957   640127    59747   640307    59417   640613    59357   640733    59159   640943    58913   641279    58679   641579    58367   641789    58193   641897    57809   642233    57587   642623    57269   642833    57107   642947    56963   643199    55949   637499
