     6473   693677     6323   693689     6263   693809     5987   694079     5813   694223     5693   694349     5639   694487     5483   694619     5087   694997     5003   695069     4919   695117     4799   695327     4637   695777     4139   695873     4127   695927     4007   696077     3923   696239     3593   696617     3347   696887     2957   697079     2879   697217     2633   697397     2549   697583     2333   697733     2129   699527   346043
   697937   275039   425003   274817   425297   274697   425423   274517   425549   274403   425783   274187   425903   274019   426077   273773   426287   273653   426389   273269   426773   273113   427073   272927   427103   272759   427403   272567   427457   272477   427913   272039   427997   272003   428039   271829   428303   271637   428489   271367   428843   270923   429347   270593   429467   270509   429563   270407   268643   508499     2069
     2039   429677   126143   573899   125897   574289   125639   574619   125339   574703   125207   574913   124979   575087   124853   575213   124703   575429   124493   575573   124427   575669   124139   576119   123803   576287   123707   576683   122963   577067   122609   577427   122489   577529   122393   577739   122207   577937   122027   578117   121697   578399   121553   578483   121469   578603   121313   597689   328619   270329   697967
   697979   270323   578777   251609   448829   251099   449003   250889   449153   250703   449333   250643   449663   250307   449807   250043   450083   249797   450227   249749   450413   249533   450503   249449   450587   249329   450719   249107   450917   248909   451103   248609   451523   247997   452159   247613   452453   247409   452813   246899   453197   246713   453317   246209   453833   245897   455849   346139   121229   429683     2027
     1823   429719   121007   454247   314129   385943   313889   386153   313727   386369   313517   387017   312929   387227   312743   387269   312677   387623   312089   387977   311897   388259   311687   388403   311279   388823   310949   389117   310733   389447   310439   389723   310223   389819   310049   390077   309899   390209   309599   390503   309479   390647   309269   390869   308939   302417   436097   245759   578999   270287   698183
   698273   270209   579107   245753   391073   304553   395657   303803   396239   303713   396323   303593   396509   303473   396629   303293   396719   303119   396953   302969   397259   302723   397427   302573   397493   302459   398063   301877   398213   301703   398357   301583   398543   301247   398933   300869   399149   300809   399227   300743   399689   300119   399983   300017   408263   339257   308933   454253   120899   429797     1733
     1709   430019   120767   454379   308723   400199   210557   489479   210467   489659   210317   489743   210173   490019   209837   490367   209543   490859   209039   491129   208787   491333   208667   491417   208577   491537   208379   491639   208337   491783   208217   491867   208037   492053   207947   492083   207629   492413   207443   492629   207287   492893   206993   493109   347873   299807   391283   245627   579239   269987   698297
   698339   269663   579503   245183   391367   299699   493067    75773   624347    75539   624479    75407   624683    75269   624797    75167   624977    74903   625109    74873   625307    74687   625397    74597   625517    74363   625913    74027   626033    73943   626147    73847   626333    73643   626393    73529   626489    73379   626963    73019   627083    72623   629009   346547   206939   400307   308639   454823   120503   430343     1667
     1619   430427   120473   454919   308519   400559   206879   627953   194057   505979   193859   506213   193679   506357   193469   506573   193163   506873   193043   506993   192977   507119   192677   507599   192263   507953   191969   508103   191783   508259   191657   508559   191297   508817   191033   509027   190709   509393   190577   509477   190403   511163   347033    72053   493127   299447   391487   245087   579533   269579   698387
   698393   269573   579707   245039   391679   299363   493193    71993   509693   257639   442487   257489   442733   257189   442829   256967   443117   256877   443249   256643   443489   256169   443873   256019   444029   255917   444167   255713   444347   255467   444623   255329   444767   255173   444869   255077   444953   254987   445229   254699   253607   540377   190313   628013   206813   400643   308327   454967   120299   430433     1613
     1559   430487   120293   454973   308249   400859   206603   628097   190283   445799   238859   461297   238673   461507   238397   461693   238163   462149   237767   462443   237287   462773   237179   462863   237053   463283   236549   463787   236087   464129   235793   464327   235559   464483   235307   464963   235013   464999   234917   470597   342197   254207   509723    71909   493403   299147   391757   245033   579713   269519   698447
   698483   269237   579773   244787   391889   299063   493463    71879   509909   254039   465173   163307   537413   162419   537743   162257   538049   161879   538199   161639   538553   161309   538739   160997   539039   160877   539267   160697   539507   160373   539639   160343   539687   160169   539843   159857   540167   159833   540773   347513   234833   445967   190097   628127   206543   400943   308117   455219   120233   430769     1523
     1499   430823   119747   455339   307919   401069   206483   628139   189929   446003   234713   540233    41189   659159    40829   659423    40493   659723    40163   660053    39887   660137    39839   660227    39659   660503    39443   660683    39119   660893    39107   660917    39023   661103    38867   661259    38567   664847   344969   159773   465293   254003   510077    71867   493523   298937   392087   244667   580259   269183   698507
   698567   269057   580373   244493   392423   298589   493607    71789   510569   253919   465407   159737   661547   149867   550289   149627   550427   149399   550757   149069   550973   148913   551339   148517   551549   148193   551849   148079   551933   147977   552179   147743   552317   147347   552707   147197   557789   344039    38459   540269   234599   446087   189437   628217   206399   401417   307583   455513   119633   430949     1439
     1283   431369   119627   455603   307529   401957   206273   628373   189389   446273   234587   540383    38453   552899   211949   488513   211433   488603   211373   488687   211283   488759   211097   489179   210809   489407   204059   495959   204023   496007   203843   496343   203579   496949   202889   201953   643373   147107   661553   159623   465419   253733   510617    71633   493733   298049   392477   244403   580379   268637   698723
   698729   268607   580577   244379   392669   298013   493853    71333   510767   253349   465809   159617   661613   147089   497339   200033   500153   199673   500483   199487   500603   199313   500957   198977   501077   198833   501287   198689   501383   198503   501593   198347   501827   197963   194819   656063   202667   552917    38393   540389   234197   446657   189239   628673   206153   401993   307337   455627   119429   431399     1277
     1103   431513   119243   455789   307283   402053   206069   628679   189017   446759   234089   540437    38333   553073   202409   502079   128159   571853   128033   572027   127913   572303   127649   572399   127583   572519   127373   572843   127139   572903   127079   572969   126827   584249   338237   197927   497597   146933   661673   159569   465917   253247   510989    71327   493937   297953   392723   244217   580763   268493   698903
   699053   268439   580919   243857   392837   297809   493967    71249   511487   252899   465977   159407   661679   146777   497603   197759   573263    16649   683453    16529   683513    16319   683777    16223   683789    16187   683909    16073   683939    15887   684239    15737   688139   345689   126743   502247   202403   553229    38327   540599   234029   447107   188519   628757   206039   402197   307169   456149   119087   431567      953
      947   431603   118907   456167   307079   402299   206033   628877   188483   447119   233759   540713    38237   553463   202343   502409   126359   684647   109883   590489   109469   590573   109397   590627   109253   590867   108917   591113   108869   591509   108347   593633   347099    15359   573647   197597   497663   146543   661769   159293   466247   252887   511523    71129   493973   297707   392927   243839   581099   268403   699059
   699077   268343   581333   243239   393059   297623   493979    71069   511703   252869   466517   159227   661823   146477   497729   197507   583997    15233   591743   178103   522113   177839   522383   177383   522659   177269   522749   177167   523307   176573   526307   346187   108263   684773   116009   502499   202277   553529    38183   540779   233489   447137   188303   628937   206027   402383   306947   456767   118673   431663      929
      887   431807   118457   456809   306749   402503   205937   629339   188249   447179   233357   540989    37649   553583   202049   502553   115979   684857   108179   523637   175067   525017   174749   525353   174413   525599   174197   525869   173969   533303   342497   176369   591827    15149   584027   197453   497957   146423   662357   159017   466649   252827   511757    70667   494069   297503   393257   243197   581549   268199   699119
   699197   268013   581597   242867   393299   297083   494093    70589   511859   252323   467183   158909   662477   146417   498209   197159   584153    15137   592133   176333   526073    98927   601379    98519   601883    98057   602033    97967   607349   343913   173933   523673   107873   684869   115853   502847   201797   553589    37529   541097   232823   447683   188147   629417   205913   402923   306707   457139   118409   431993      809
      719   432143   118343   457277   306533   403037   205619   629567   187469   448067   232709   541349    37493   553733   201449   502883   115823   684923   107867   523763   173867   602087   345749   354533   345329   354743   345227   342647   361793    97919   526139   176243   592139    15083   584183   197123   498557   146273   662513   158657   467297   251939   512537    70439   494387   296969   393473   242729   581663   267863   699287
   699323   267857   581729   242639   393587   296909   494519    70199   512543   251639   467399   158567   662693   146249   498647   197033   584279    15017   592289   176213   526199    97673   355049    95279   604733    95219   636407   318377   344957   602333   173807   523793   107717   684989   115727   502973   201359   553757    37313   541439   232607   448367   187463   629807   205487   403097   306419   457367   118277   432149      683
      569   432203   118253   457403   306377   403163   205397   629843   187433   459383   232499   541469    37217   554207   201203   503003   115613   685109   107699   523847   173783   602453   344543   604829   168803   547583   333623    95177   355463    97553   526223   176159   592307    14897   584393   197003   498803   145799   662789   158537   467507   240623   512573    70163   494609   296843   393629   242603   581753   267803   699437
   699443   267719   581843   242453   393677   296753   494687    70079   512597   240257   467549   158429   662867   145703   499139   196799   584417    14759   592649   176129   526649    97463   355643   609599   514823   350003   185183    90407   344363   602543   173357   523877   107357   685247   115589   503207   200867   554303    37139   541577   232457   459749   187409   629927   205319   403253   306329   457553   118163   432287      563
      557   432359   117989   457559   306209   403499   205307   629939   187349   459803   232307   541613    37049   554417   200723   503267   115343   685337   107279   524057   173297   602627   359027    58679   366383   152423   531203   641327   340979    97379   526709   175949   592727    14669   584663   196739   499283   145589   662957   158393   467699   240203   512657    70067   494699   296507   393797   242447   582017   267647   699449
   699539   267593   582167   242399   393857   296249   494783    70019   512843   239933   467897   158243   663149   145433   499349   196709   584873    14639   592763   175919   526733   606587   351797   381629    95273   604787    63599   604727   348209    93419   173273   524087   107243   685367   115133   503297   200657   554573    36857   541763   232109   460073   187163   629987   205223   403757   306149   457607   117839   432413      467
      449   432437   117833   457697   306029   403877   205157   630107   186959   460127   232103   541817    36767   554699   200609   503423   115127   685637   107033   524507   173267    86117   338213   345473   354677   345263   354779   357359   354257   613889   526739   175499   592973    14369   584879   196583   499397   145307   663239   158189   467903   239879   513047    69899   494849   296129   393977   242309   582173   267569   699557
   699617   267557   582209   242093   394007   296117   494873    69809   513059   239849   467927   157889   663407   145259   499493   196523   584993    14327   593183   174329   517589   356093    98627   601487    98123   601949    97973   602039    92657   601079   182417   525677   106823   685679   115013   503483   200513   554747    36599   542117   232079   460157   186947   630197   205133   403889   305999   457913   117797   432449      389
      239   432527   117779   458027   305933   403979   205103   630353   186869   460373   231947   542183    36467   554753   200483   503963   114689   685973   598379   519383   357509   174989   525257   174653   525593   174407   525809   174137   526037   166703   524939   180623   101627    14033   585317   196043   499523   145253   663539   157823   468059   239633   513137    69653   494903   296027   394073   241979   582227   267479   699767
   699947   267419   582509   241883   394157   295517   494987    69539   513353   239597   468113   157799   663653   145037   499649   195863   585413    13037    96059   353819   177893   522167   177623   522623   177347   522737   177257   522839   176699   523433   173699   521903   603947   686969   114593   504143   200357   554969    36353   542207   231893   460409   186653   630467   205019   404489   305849   458123   117497   432587       59
       53   432989   117443   458189   305783   404693   204887   630689   186587   460589   231533   542237    36293   555119   200153   504197   110819   680453   352907   109517   590537   109433   590609   109379   590753   109139   591089   108893   591137   108497   591659   106373   590123    19553   589187   195809   499853   144887   663713   157769   468473   239417   513419    69317   495119   295313   394223   241817   582563   267017   699953
   700001   266957   582677   241679   394367   295187   495149    69203   513767   239387   468527   157559   663737   144839   499943   514949   564989   354317    16553   683477    16493   683687    16229   683783    16217   683819    16097   683933    16067   684119    15767   684269    11867   683357   135017   185057   200063   555167    36269   542447   231479   460619   186239   630803   204857   404819   305639   458327   117329   433049        5
   349967   433073   117269   458363   305597   404969   204557   630863   186107   460673   231359   542483    36209   555287   500369   488009   361769   128153   571973   127979   572093   127703   572357   127607   572423   127487   572633   127163   572867   127103   572927   127037   573179   115757   571847   211997   199637   144719   663797   157523   468647   239333   513899    69143   495449   295037   394409   241643   582737   266933   350039
   350087   266927   582767   241463   394523   294659   495563    68993   514013   239297   468683   157427   663869   142019   482597    43943   199853   500333   199523   500519   199403   500693   199049   501029   198929   501173   198719   501317   198623   501503   198413   501659   198179   502043   505187   499973   217409   557987    36137   542579   231323   460709   185993   631013   204443   405347   305483   458543   117239   433079   349919
   349913   433319   117119   458663   305477   405497   204437   631187   185957   460919   231269   542747    35327   547709    56633   211493   488573   211403   488633   211319   488723   211247   488909   210827   489197   210599   495947   204047   495983   203999   496163   203663   496427   203057   497117   498053   488057   152297   664679   157259   468737   239087   514049    68819   495569   294509   394529   241343   582887   266687   350093
   350213   266633   582983   241337   394637   294479   495629    68777   514103   239069   468899   542987   655847   355967   149717   550379   149579   550607   149249   550937   149033   551093   148667   551489   148457   551813   148157   551927   148073   552029   147827   552263   147689   552659   147299   552809   142217   550139    44159   157019   231107   460937   185903   631229   204377   405527   305369   458669   117023   433373   349793
   349787   433673   116993   458747   305363   405659   204359   631307   185819   460979   470207   149837   355037    40847   659177    40583   659513    40283   659843    39953   660119    39869   660167    39779   660347    39503   660563    39323   660887    39113   660899    39089   660983    38903   661139    38747   661439    35159   658817   550169   229799   239027   514187    68699   495647   294347   394643   241259   583013   266333   350219
   350453   266159   583139   241127   394739   294317   495707    68597   514313   236573   215927   352493   162593   537587   162263   537749   161957   538127   161807   538367   161453   538697   161267   539009   160967   539129   160739   539309   160499   539633   160367   539663   160319   539837   160163   540149   159839   540173   159233   536699   484079   463433   185693   631409   204299   405689   305267   458879   116867   433847   349553
   349343   433877   116639   458957   305219   405827   204233   631529   518729   637787   357809   238709   461333   238499   461609   238313   461843   237857   462239   237563   462719   237233   462827   237143   462953   236723   463457   236219   463919   235877   464213   235679   464447   235523   464699   235043   464993   235007   465089   229409   461147    62219   181277    68477   495773   294179   394787   241049   583367   266129   350663
   350963   266117   583469   241013   395027   294149   495899   631859   171869   159629   257519   442517   257273   442817   257177   443039   256889   443129   256757   443363   256517   443837   256133   443987   255977   444089   255839   444293   255659   444539   255383   444677   255239   444833   255137   444929   255053   445019   254777   445307   446399   442367   528137    68147   204107   405857   304979   458993   116537   433889   349043
   348827   434249   116483   459047   304937   405947   496889    59063   352973   194027   506147   193793   506327   193649   506537   193433   506843   193133   506963   193013   507029   192887   507329   192407   507743   192053   508037   191903   508223   191747   508349   191447   508709   191189   508973   190979   509297   190613   509429   190529   509603   188843   505949   640943   203117   294059   395069   240959   583523   265757   351179
   351479   265739   583619   240893   395159   417239   196187   353459    75659   624467    75527   624599    75323   624737    75209   624839    75029   625103    74897   625133    74699   625319    74609   625409    74489   625643    74093   625979    73973   626063    73859   626159    73673   626363    73613   626477    73517   626627    73043   626987    72923   627383    70997   624233   503819   282767   304847   459113   116387   434267   348527
   348443   434297   116279   459209   304763   264359   352133   210527   489539   210347   489689   210263   489833   209987   490169   209639   490463   209147   490967   208877   491219   208673   491339   208589   491429   208469   491627   208367   491669   208223   491789   208139   491969   207953   492059   207923   492377   207593   492563   207377   492719   207113   493013   206897   489449   435647   395243   240797   583727   265709   351563
   351587   265703   583733   460463   473789   360749   304349   396203   303767   396293   303683   396413   303497   396533   303377   396713   303287   396887   303053   397037   302747   397283   302579   397433   302513   397547   301943   398129   301793   398303   301649   398423   301463   398759   301073   399137   300857   399197   300779   399263   300317   399887   300023   399989   291743   395453   226217   239543   116273   434303   348419
   348407   434387   586979   228257   263909   314063   386117   313853   386279   313637   386489   312989   387077   312779   387263   312737   387329   312383   387917   312029   388109   311747   388319   311603   388727   311183   389057   310889   389273   310559   389567   310283   389783   310187   389957   309929   390107   309797   390407   309503   390527   309359   390737   309137   391067   397589   385877   471749   113027   265619   351599
   351653   265193    84179   353867   251177   448907   251003   449117   250853   449303   250673   449363   250343   449699   250199   449963   249923   450209   249779   450257   249593   450473   249503   450557   249419   450677   249287   450899   249089   451097   248903   451397   248483   452009   247847   452393   247553   452597   247193   453107   246809   453293   246689   453797   246173   454109   244157   448397   615827   434813   348353
   359297   585587   371387   126107   574109   125717   574367   125387   574667   125303   574799   125093   575027   124919   575153   124793   575303   124577   575513   124433   575579   124337   575867   123887   576203   123719   576299   123323   577043   122939   577397   122579   577517   122477   577613   122267   577799   122069   577979   121889   578309   121607   578453   121523   578537   121403   578693   102317   573863   114419   340709
   330347   191507   275003   425189   274709   425309   274583   425489   274457   425603   274223   425819   274103   425987   273929   426233   273719   426353   273617   426737   273233   426893   272933   427079   272903   427247   272603   427439   272549   427529   272093   427967   272009   428003   271967   428177   271703   428369   271517   428639   271163   429083   270659   429413   270539   429497   270443   429599   431363   424967   369659
   353963     6329   693683     6317   693743     6197   694019     5927   694193     5783   694313     5657   694367     5519   694523     5387   694919     5009   695003     4937   695087     4889   695207     4679   695369     4229   695867     4133   695879     4079   695999     3929   696083     3767   696413     3389   696659     3119   697049     2927   697127     2789   697373     2609   697457     2423   697673     2273   697877      479   693533
