    66533   633497    66383   633629    66239   633833    66083   634013    65927   634169    65699   634373    65609   634649    65327   634793    65147   634943    65027   635003    64919   635339    64499   635567    64403   635849    64067   635969    63857   636263    63719   636359    63599   636473    63473   636539    63443   636653    63197   636947    62939   637079    62723   637319    62627   637409    62507   637529    62297   647477   338237
   637787   347099   352949   347033   353453   346547   353567   346349   353747   346223   353819   346139   353963   345749   354317   345473   354677   345263   354779   344969   355049   344543   355643   344327   355763   344207   355853   344039   356093   343787   356693   343073   356969   342899   357347   342653   357359   342569   357509   342413   357659   342239   357809   341927   358229   341729   358499   341339   337697   368117    62219
    62189   358703   196583   503483   196187   503963   195863   504197   195737   504479   195479   504563   195413   504599   195389   504677   195077   504953   195023   505073   194867   505187   194729   505283   194687   505523   194087   505949   194027   506147   193793   506327   193649   506537   193433   506843   193133   506963   193013   507029   192887   507329   192407   507743   192053   508037   191903   184649   671189   341303   637817
   638303   341273   508223   320303   379787   320153   379979   320009   380189   319679   380333   319589   380459   319169   380879   319097   380957   318683   381377   318473   381629   318347   381707   317969   382103   317777   382553   317363   382727   317159   382883   317087   383069   316907   383147   316853   383303   316577   383633   316193   383909   316037   384029   315899   384113   315803   314627   417617   191783   358733    61703
    61583   358979   191747   384227    26849   673193    26783   673247    26693   673613    26387   673649    26339   673769    26189   674117    25847   674273    25643   674483    25469   674699    25247   674837    25127   675029    24923   675197    24767   675347    24593   675593    24179   675923    24077   675977    23789   676253    23747   676337    23633   676469    23417   676649    23327   691463   332987   315779   508259   341027   638423
   638453   340979   508349   315599   676727    18839   681257    18713   681419    18443   681677    18287   681773    17957   682259    17729   682337    17579   682673    17327   683303    16649   683453    16529   683513    16319   683777    16223   683789    16187   683909    16073   683939    15887   684239    15737   684647    15233   684857    15137   684923    15017   685109    14669   699197   333539    23279   384407   191657   359027    61553
    61547   359069   191507   384437    23087   685367   280583   419459   280409   419753   280229   420029   279857   420317   279413   420599   279329   420737   279203   420977   278903   421163   278609   421517   278363   421727   278063   422087   277757   422363   277637   422459   277247   422789   276953   423173   276827   423299   276593   423503   276449   423617   276293   424019   347813    14639   676919   315569   508499   340937   638459
   638663   340877   508559   315527   676943    14369   423749   145433   554699   145259   554753   145037   555119   144839   555287   144413   555683   144299   556007   143519   556763   143063   557027   142973   557057   142733   557309   142469   557573   142217   557987   141803   558287   141509   558563   141179   559067   140729   559343   140639   559529   140423   572399   335123   276257   685637    23063   384479   191447   359129    61343
    61007   359147   191297   384599    23039   685679   276137   559667   263723   436439   263399   436739   262853   437273   262649   437363   262313   437753   262187   437867   261977   438047   261773   438419   261563   438989   260999   439133   260849   439199   260753   439289   260543   439667   260207   440039   259829   440183   259667   440507   259157   256019   532739   140339   423869    14327   676967   315407   508709   340859   638999
   639053   340709   508817   315269   676979    14033   424007   140333   440987   327317   372797   327203   373007   326663   373349   326147   373943   325943   374117   325883   374333   325607   374789   325187   374987   324977   375113   324773   375359   324593   375449   324497   375533   324437   375707   323957   376127   323699   376469   323249   308939   415949   259019   559673   275999   685973    23027   384737   191189   359297    60953
    60923   359357   191033   384827    22859   686009   275969   559709   258977   377129   309359   390737   309137   391073   308723   391367   308519   391679   308249   391889   307919   392423   307529   392669   307283   392837   307079   393059   306749   393299   306533   393587   306329   393797   306149   393977   305999   394073   305849   288389   453833   322877   441029   140297   424037    13997   677147   315179   508973   340649   639083
   639137   340169   509027   314927   677309    13967   424169   140207   441179   322859   394223   231359   468683   231269   468899   231053   469037   230567   469613   230357   469793   229799   470243   229727   470303   229589   470453   229409   470663   229223   470867   228869   471209   228707   471389   228539   471749   228203   472643   347873   305783   377147   258827   559799   275837   686039    22697   385079   190979   359837    60869
    60737   360167   190709   385127    22619   686099   275783   559883   258743   377297   305639   471893   105107   595073   104849   595247   104729   595313   104459   595613   104297   596009   103979   596093   103889   596363   103583   596789   103079   596963   102953   597209   102653   597419   102533   597599   102329   611459   334493   228113   394367   322709   441263   140123   424223    13907   677387   314879   509297   339839   639269
   639563   339749   509393   314813   677639    13829   424433   139967   441443   322613   394409   228077   597689   217697   482387   217499   482597   217319   482753   217169   483389   216233   483827   215927   484283   215399   484613   215279   484733   215153   485063   214883   485417   214559   485543   214439   207287   626627   102317   471929   305597   377393   258563   560039   275573   686177    22367   385193   190613   360257    60443
    60317   360593   190577   385199    22349   686453   275459   560123   258527   377543   305483   472133   102203   486053   281717   418337   281663   418427   281339   418709   281243   418799   281117   419057   280859   419189   280703   427403   272567   427457   272477   427913   272039   428039   271829   270539   498647   213953   597803   227873   394523   322463   441479   139883   424547    13553   677657   314807   509429   339413   639689
   639713   339257   509477   314603   677813    13487   424559   139709   441557   322319   394529   227537   597899   213887   428303   269519   430769   269183   430949   268643   431513   268439   431603   268343   431807   268013   432143   267857   432203   267719   432359   267593   432437   267557   432587   348827   271703   486119   102107   472469   305477   377687   258449   560297   275447   686519    22193   385403   190529   360749    60293
    60167   360869   190403   385493    22079   686639   275339   560459   258443   378023   305369   472799   102077   486179   271637   432527   198623   501503   198413   501659   198179   502043   197927   502247   197597   502499   197453   502847   197123   502973   197003   503207   196739   180419   671603   267479   428369   213827   597929   227207   394637   321983   441563   139547   424667    13367   677927   314513   509603   339137   639839
   639857   338993   509693   314399   678077    13337   424967   139409   441569   321413   394643   227189   598007   213713   428489   267017   503297    79769   620393    79427   620639    79229   620813    78989   621029    78893   621227    78653   621527    78173   621869    77933   669029   302459   196709   432989   271517   486293   101999   472817   305363   378593   258437   560597   275039   686669    21929   385607   190313   361013    60149
    59999   361337   190283   385739    21803   686789   275003   560639   258119   378683   305267   472847   101957   486407   271367   433049   185903   622157   179903   520193   179693   520349   179579   520433   179357   520679   179243   521153   178697   521363   178613   521447   349343    77849   514103   266957   428639   213599   598049   227159   394739   321323   441887   139367   425003    13217   678203   314267   509723   338669   640007
   640049   338573   509909   314213   678407    13163   425189   139169   442019   321227   394787   227147   598127   213557   428843   266933   514313    77513   521519   245033   455219   244667   455513   244403   455627   244217   455849   243857   456167   243239   241259   564989   178487   622493   185693   433073   271163   486449   101879   472859   305219   378779   257987   560837   274817   686843    21599   385793   190097   361433    59957
    59879   361463   189929   385817    21569   686879   274709   560873   257867   378929   304979   473453   101627   486539   270923   433079   185483   622529   178469   456809   242093   458027   241883   458189   241679   458363   241463   458663   241337   460127   348209   243197   521537    77477   514523   266927   429083   213467   598379   226553   395027   321077   442139   139133   425297    13127   678437   314189   510077   338543   640127
   640259   338369   510569   314129   678599    13109   425309   139109   442319   321053   395069   226487   598643   213329   429347   266687   514529    77369   521567   242867   458879   168719   531863   168029   531983   167729   532373   167627   533747   347957   241127   457139   178439   622637   185477   433319   270659   486677   101363   473519   304937   378953   257687   560897   274697   686897    21407   385877   189437   361637    59747
    59699   361727   189389   385943    21347   686963   274583   560939   257639   379163   304847   473579   101279   486797   270593   433373   185369   622793   178403   457277   241049   532523    55163   644933    54983   645137    54773   661103   333929   167483   458957   242729   521603    77213   514637   266633   429413   213209   598727   226427   395159   320843   442367   139067   425423    13043   678659   314063   510617   338279   640307
   640589   338213   510767   313889   678779    13037   425489   138959   442487   320699   395243   226409   598799   213173   429497   266333   514643    77003   521657   242639   458993   167249   645383   164309   535727   164249   550937   334793    54623   532757   241013   457367   178349   623003   185363   433673   270509   486833   101207   473597   304763   379307   257519   561047   274517   686969    21227   386117   189239   361793    59417
    59393   361799   189017   386153    21017   687023   274457   561083   257489   379319   304553   473723   100937   486977   270443   433847   185267   623057   178187   457403   240959   532907    54563   535859   236219   232457   581333   164147   645443   167099   459047   242603   521819    76949   514739   266159   429563   213029   599069   226283   395453   320687   442517   138923   425549    12983   678989   313853   510989   338207   640613
   640649   338033   511163   313727   679067    12923   425603   138647   442733   320609   395657   226217   599153   212999   429599   266129   514823    76679   521879   242453   459113   167087   645467   535967   695117   350003     4889   164039    54539   532919   240893   457553   178127   623327   185183   433877   270407   487007   100853   473789   304349   379397   257273   561359   274403   687083    20939   386279   188843   361973    59357
    59273   361979   188519   386369    20879   687107   274223   561377   257189   379667   303803   473999   100733   487133   270329   433889   185153   623717   178103   457559   240797   533033   645839   148667   118673   467549   463787   551339    54167   166973   459209   242447   521903    76289   514853   266117   429677   212873   599273   226007   396203   320339   442817   138629   425783    12899   679127   313637   511487   338027   640733
   640847   337907   511523   313517   679157    12689   425819   138617   442829   310559   396239   225989   599303   212579   429683   265757   514949    76283   522113   242399   459383   165947    37529   365213   164279   535757   149069   535697   662477   534059   240623   457607   177893   623723   185057   434249   270323   487427   100703   474017   303767   389447   257177   561389   274187   687317    20849   386489   188483   362099    59159
    59063   362147   188303   387017    20543   687359   274103   561419   256967   389567   303713   474029   100493   487637   270287   434267   184727   624209   177839   457697   462773   530513   366077    55073   645023    54869   645233    38903   644843   169493   237233   242309   522167    75797   515279   265739   429719   212369   599513   225977   396293   310439   443039   138587   425903    12647   679463   312989   511703   337859   640943
   641093   337793   511757   312929   679607    12569   425987   138407   443117   310283   396323   225809   599537   212297   429797   265709   515429    75773   522383   460073   234197   352049   168143   531977   168023   532277   167633   532379   166259   531287   465809   239933   177623   624233   184577   434297   270209   487709   100469   474197   303683   389723   256889   561599   274019   687437    20399   387077   188249   362213    58913
    58727   362657   188147   387227    20297   687593   273929   561767   256877   389783   303593   474437   100403   487889   269987   434303   184487   624347   524087   452813   351797   241979   458123   241817   458327   241643   458543   241343   458669   239879   457913   247193   175919    75659   515519   265703   430019   212117   599603   225569   396413   310223   443129   138239   426077    12413   679709   312779   511859   337349   641279
   641327   337313   512537   312743   679823    12323   426233   138209   443249   310187   396509   225527   599663   211997   430343   265619   515597    75407   173273   135017   244787   455339   244493   455603   244379   455789   244157   456149   243839   456767   458747   454973   526733   624599   184409   434387   269663   488009   100343   474479   303497   389819   256757   561797   273773   687683    20183   387263   187469   362693    58679
    58427   362723   187463   387269    20177   687737   273719   561809   256643   389957   303473   474497   100313   488057   269579   434459   518729   573899   350663   179813   520313   179657   520427   179573   520649   179327   520763   178853   521309   178643   521393   178559   520103   126107   181277   265547   430427   211949   599693   225509   396533   310049   443363   138197   426287    12269   679829   312737   512543   337283   641579
   641639   336989   512573   312677   679859    12239   426353   138059   443489   309929   396629   225503   600167   211493   430433   449699   500333   397547    79613   620579    79367   620777    79193   621017    78977   621113    78779   621353    78479   621833    78137   622073    30977   620237   199673   250307   269573   488513    99839   474503   303377   390077   256517   561947   273653   687767    20147   387329   187433   363017    58367
    58217   363119   187409   387623    20123   687779   273617   562007   256169   390107   303293   474659    99767   488573   268637   246689    28403   198503   501593   198347   501827   197963   502079   197759   502409   197507   502553   197159   502883   197033   503003   196799   503267   519587   501383   453317   431369   211433   600239   225347   396713   309899   443837   137999   426389    12227   679883   312383   512597   336887   641789
   641813   336857   512657   312089   680027    12197   426737   137723   443873   309797   396719   225299   600293   491417   568877   351179   269237   430823   269057   431363   268493   431567   268403   431663   268199   431993   267863   432149   267803   432287   267647   432413   267569   432449   267419   430487   131129   208589    99713   474707   303287   390209   256133   562283   273269   687809    19979   387917   187349   363149    58193
    58109   363179   187163   387977    19793   687893   273233   562307   255977   390407   303119   474779   601043   480317   201359   281669   418343   281579   418667   281297   418763   281207   418889   280949   419147   280817   419303   272603   427439   272549   427529   272093   427967   271967   428177   429467   418289   219689    98963   225227   396887   309599   444029   137699   426773    12113   680213   312029   512843   336827   641897
   642197   336689   513047   311897   680297    11939   426893   137597   444089   309503   396953   476639    79349    73379   217619   482507   217409   482687   217253   482837   216617   483773   216179   484079   215723   484607   215393   484727   215273   484853   214943   485123   214589   485447   214463   485567   492719   482309   620657   223367   303053   390503   255917   562409   273113   688067    19709   388109   186959   363317    57809
    57773   363569   186947   388259    19553   688073   272933   562439   255839   390527   272009   215939   365513   104933   595157   104759   595277   104693   595547   104393   595709   103997   596027   103913   596117   103643   596423   103217   596927   103043   597053   102797   597353   102587   597473   102407   597677    88547   594899   484067   427997   309479   444167   137567   427073    11933   680453   311747   513059   336437   642233
   642419   336239   513137   311687   680633    11909   427079   137399   444293   306377   527489   352133   231323   468737   231107   468953   230969   469439   230393   469649   230213   470207   229763   470279   229703   470417   229553   470597   229343   470783   229139   471137   228797   471299   228617   471467   228257   471803   227363   468647   172517   393629   255713   562607   272927   688097    19373   388319   186869   363767    57587
    57383   363947   186653   388403    19013   688139   272903   562613   445019   453197   246173   309269   390869   308933   391283   308639   391487   308327   391757   308117   392087   307583   392477   307337   392723   307169   392927   306947   393257   306707   393473   306419   393677   306209   393857   306029   394007   305933   394157   411617   390647   246809   254987   137393   427103    11867   680993   311603   513353   336059   642623
   642737   336029   513419   311279   681047    11789   427247   567143   431399   284057   327209   372803   326999   373343   326657   373859   326063   374063   325889   374123   325673   374399   325217   374819   325019   375029   324893   375233   324647   375413   324557   375509   324473   375569   324299   376049   323879   376307   323537   376757   391067   372689   268607   132863   272759   688217    18959   388727   186587   363977    57269
    57173   364127   186239   388823    18917   688223   272003   112019   167267   263567   436607   263267   437153   262733   437357   262643   437693   262253   437819   262139   438029   261959   438233   261587   438443   261017   439007   260873   439157   260807   439253   260717   439463   260339   439799   259967   440177   259823   440339   259499   440849   443987   436283   587987   428003    11783   681089   311183   513767   335879   642833
   642899   335813   513899   310949   681137     9497   419417   364883   145307   554747   145253   554969   144887   555167   144719   555593   144323   555707   143999   556487   143243   556943   142979   557033   142949   557273   142697   557537   142433   557789   142019   558203   141719   558497   141443   558827   140939   559277   140663   559367   140477   559583   127607   554573   280589   690509    18869   389057   186107   364193    57107
    57059   364313   185993   389117    14759   668609   352193   280547   419597   280253   419777   279977   420149   279689   420593   279407   420677   279269   420803   279029   421103   278843   421397   278489   421643   278279   421943   277919   422249   277643   422369   277547   422759   277217   423053   276833   423179   276707   423413   276503   423557   276389   423713   275987   419423    31397   685247   310889   514013   335693   642947
   643043   335669   514049   389273   662513   366467    18749   681293    18587   681563    18329   681719    18233   682049    17747   682277    17669   682427    17333   682679    16703   683357    16553   683477    16493   683687    16229   683783    16217   683819    16097   683933    16067   684119    15767   684269    15359   684773    15149   684869    15083   684989    14897   685337      809   681167    37493   310733   185957   364337    56963
    56807   364373   514187   371663   367019    26813   673223    26759   673313    26393   673619    26357   673667    26237   673817    25889   674159    25733   674363    25523   674537    25307   674759    25169   674879    24977   675083    24809   675239    24659   675413    24413   675827    24083   675929    24029   676217    23753   676259    23669   676373    23537   676589    23357   676679     8543   673157   328343   185819   335633   643199
   643373   334637   499283   282389   320219   379853   320027   379997   319817   380327   319673   380417   319547   380837   319127   380909   319049   381323   318629   381533   318377   381659   318299   382037   317903   382229   317453   382643   317279   382847   317123   382919   316937   383099   316859   383153   316703   383429   316373   383813   316097   383969   315977   384107   315893   384203   385379   379703   200723   365369    56633
   644669   374687    28817   196523   503819   196043   504143   195809   504269   195527   504527   195443   504593   195407   504617   195329   504929   195053   504983   194933   505139   194819   505277   194723   505319   194483   505919   194057   505979   193859   506213   193679   506357   193469   506573   193163   506873   193043   506993   192977   507119   192677   507599   192263   507953   191969   508103   515357   503423   325319    55337
    36269   331889   347057   352973   346553   353459   346439   353657   346259   353783   346187   353867   346043   354257   345689   354533   345329   354743   345227   355037   344957   355463   344363   355679   344243   355799   344153   355967   343913   356219   343313   356933   343037   357107   342659   357353   342647   357437   342497   357593   342347   357767   342197   358079   341777   358277   341507   358667   362309   352907   663737
   361769    66509   633623    66377   633767    66173   633923    65993   634079    65837   634307    65633   634397    65357   634679    65213   634859    65063   634979    65003   635087    64667   635507    64439   635603    64157   635939    64037   636149    63743   636287    63647   636407    63533   636533    63467   636563    63353   636809    63059   637067    62927   637283    62687   637379    62597   637499    62477   637709    52529   633473
