    68819   631229    68699   631409    68477   631559    68147   632123    67853   632273    67709   632327    67559   632459    67523   632699    67289   633197    66797   633257    66629   633473    66509   633623    66377   633767    66173   633923    65993   634079    65837   634307    65633   634397    65357   634679    65213   634859    65063   634979    65003   635087    64667   635507    64439   635603    64157   635939    64037   636407   347033
   636149   349967   350087   349913   350213   349787   350453   349343   350963   348827   351479   348443   351587   348407   351653   348209   351929   347957   352073   347873   352193   347513   352907   347057   353453   346547   353567   346349   353747   346223   353819   346139   353963   345749   354317   345473   354677   345263   354779   344969   355049   344543   355643   344327   355763   344207   355853   344039   343787   359069    63857
    63743   356093   198833   501287   198689   501383   198503   501593   198347   501827   197963   502079   197759   502409   197507   502553   197159   502883   197033   503003   196799   503267   196709   503423   196523   503819   196043   504143   195809   504269   195527   504527   195443   504593   195407   504617   195329   504929   195053   504983   194933   505139   194819   505277   194723   505319   194483   191747   661679   343913   636263
   636287   343313   505919   323879   376307   323537   376757   322877   377147   322709   377393   322463   377687   321983   378593   321323   378779   321077   378953   320843   379307   320687   379397   320339   379703   320219   379853   320027   379997   319817   380327   319673   380417   319547   380837   319127   380909   319049   381323   318629   381533   318377   381659   318299   382037   317903   316703   412133   194087   356693    63719
    63647   356933   194057   382229    29423   670619    29333   670763    29153   670877    28817   671303    28649   671603    28289   671729    28229   672059    27779   672317    27449   672767    27179   672863    26987   673157    26813   673223    26759   673313    26393   673619    26357   673667    26237   673817    25889   674159    25733   674363    25523   674537    25307   674759    25169   688139   335009   317777   505949   343073   636359
   636473   343037   505979   317453   674879    21227   678989    20879   679157    20543   679607    20297   679823    20177   679859    20123   680027    19793   680297    19553   680633    19013   681047    18917   681137    18839   681257    18713   681419    18443   681677    18287   681773    17957   682259    17729   682337    17579   682673    17327   683303    16649   683453    16529   692963   337859    25127   382553   194027   356969    63533
    63473   357107   193859   382643    24977   683513   281933   418079   281849   418169   281807   418259   281717   418337   281663   418427   281339   418709   281243   418799   281117   419057   280859   419189   280703   419417   280583   419459   280409   419753   280229   420029   279857   420317   279413   420599   279329   420737   279203   420977   278903   421163   278609   277247   492629    16493   675029   317363   506147   342899   636533
   636539   342659   506213   317279   675083    16319   421517   147827   552263   147689   552659   147299   552809   147107   552917   146933   553229   146543   553529   146423   553589   146273   553757   145799   554303   145589   554573   145307   554747   145253   554969   144887   555167   144719   555593   144323   555707   143999   556487   143243   556943   142979   576299   328379   278489   683687    24923   382727   193793   357347    63467
    63443   357353   193679   382847    24809   683777   278363   557033   265709   434303   265619   434459   265193   434849   265079   435107   264827   435257   264743   435563   264437   435647   264353   435839   264113   435923   264059   436097   263849   436283   263567   436607   263267   437153   262733   437357   262643   437693   262253   437819   262139   261773   523793   142973   421643    16229   675197   317159   506327   342653   636563
   636653   342647   506357   317123   675239    16223   421727   142949   438029   329333   370883   328919   371177   328667   371387   328589   371633   328343   371897   328067   371999   327983   372137   327839   372179   327737   372299   327629   372689   327209   372803   326999   373343   326657   373859   326063   374063   325889   374123   325673   325319   396713   261977   557057   278279   683783    24767   382883   193649   357359    63353
    63197   357437   193469   382919    24659   683789   278063   557273   261959   374399   311687   388403   311279   388823   310949   389117   310733   389447   310439   389723   310223   389819   310049   390077   309899   390209   309599   390503   309479   390647   309269   390869   308939   391073   308723   391367   308519   391679   308249   404489   335813   325607   438047   142733   421943    16217   675347   317087   506537   342569   636809
   636947   342497   506573   316937   675413    16187   422087   142697   438419   325217   391889   234599   465419   234197   465917   234029   466247   233489   466649   232823   467297   232607   467507   232457   467699   232109   467903   232079   468059   231893   468473   231479   468647   231323   468737   231107   468953   230969   226553   590867   308117   374789   261587   557309   277919   683819    24593   383069   193433   357509    63059
    62939   357593   193163   383099    24413   683909   277757   557537   261563   374819   307919   469439   107873   592139   107717   592307   107357   592727   107243   592973   106823   593387   106487   593573   106373   593903   106019   593993   105983   594107   105557   594569   105389   594899   104933   595157   104759   650477   293357   230567   392087   325187   438443   142469   422249    16097   675593   316907   506843   342413   637067
   637079   342347   506873   316859   675827    16073   422363   142433   438989   325019   392423   230393   595277   221093   478937   220859   480023   219959   480167   219797   480299   219689   480329   219587   480503   219437   480713   219017   481043   218873   481157   218627   481589   217907   482213   217697   214943   615617   104729   469613   307583   374987   261017   557573   277643   683933    24179   383147   193133   357659    62927
    62723   357767   193043   383153    24083   683939   277637   557789   260999   375029   307529   469649   104693   482387   283463   416873   282917   417173   282767   417293   282389   417623   282287   417839   282143   417947   282053   425423   274517   425549   274403   425783   274187   425903   274019   255659   511859   217619   595313   230357   392477   324977   439007   142217   422369    16067   675923   316853   506963   342239   637283
   637319   342197   506993   316577   675929    15887   422459   142019   439133   324893   392669   230213   595547   217499   426077   272003   428039   271829   428369   271517   428639   271163   429083   270659   429413   270539   429497   270443   429677   270323   429719   270209   430019   269663   267557   511703   273929   482507   104459   469793   307337   375113   260873   557987   277547   684119    24077   383429   193013   357809    62687
    62627   358079   192977   383633    24029   684239   277217   558203   260849   375233   307283   470207   104393   482597   273773   430427   201203   499139   200723   499349   200609   499493   200483   499649   200153   499943   200033   500153   199673   500369   199523   500519   199403   187163   662477   269579   426233   217409   595613   229799   392723   324773   439157   141803   422789    15767   675977   316373   507029   341927   637379
   637409   341777   507119   316193   676217    15737   423053   141719   439199   324647   392837   229763   595709   217319   426287   269573   500693    82469   617657    82307   617843    81953   618257    81737   618329    81629   618437    81299   618833    81077   619187    80039   370619   598379   199313   430433   273719   482687   104297   470243   307169   375359   260807   558287   276953   684269    23789   383813   192887   358229    62597
    62507   358277   192677   383909    23753   684647   276833   558497   260753   375413   307079   470279   103997   482753   273653   430487   199049   620033   182639   517403   182549   517469   182519   517553   182417   517619   182129   517949   181757   518387   181409   181277   686969    79973   500957   269519   426353   217253   596009   229727   392927   324593   439253   141509   423173    15359   676253   316097   507329   341729   637499
   637529   341507   507599   316037   676259    15233   423179   141443   439289   324557   393059   229703   596027   217169   426389   269237   501029    79907   518807   249107   450917   248909   451103   248609   451523   247997   452159   247613   452453   247409   239933   562307   181199   620099   198977   430769   273617   482837   103979   470303   306947   375449   260717   558563   276827   684773    23747   383969   192407   358499    62477
    62297   358667   192263   384029    23669   684857   276707   558827   260543   375509   306749   470417   103913   483389   273269   430823   198929   620117   181193   452813   245753   454379   245183   454919   245039   454973   244787   455339   244493   242729   562439   247193   518813    79889   501077   269183   426737   216617   596093   229589   393257   324497   439463   141179   423299    15149   676337   315977   507743   341339   637709
   637787   341303   507953   315899   676373    15137   423413   140939   439667   324473   393299   229553   596117   216233   426773   269057   511487    79847   519227   246899   455603   172217   527909   171869   528299   171383   528707   171077   540773   337793   244403   453107   180779   620159   188519   430949   273233   483773   103889   470453   306707   375533   260339   559067   276593   684869    23633   384107   192053   358703    62219
    62189   358733   191969   384113    23537   684923   276503   559277   260207   375569   306533   470597   103643   483827   273113   431363   188483   620183   180749   453197   244379   529049    57587   642623    57269   642833    57107   657809   334793   170957   455627   246809   519257    79823   511523   268643   426893   216179   596363   229409   393473   324437   439799   140729   423503    15083   676469   315893   508037   341273   637817
   638303   341027   508103   315803   676589    15017   423557   140663   440039   324299   393587   229343   596423   215939   427073   268637   511757    79769   519359   246713   455789   170777   642947   168719   531863   168029   548957   332447    57059   529229   244217   453293   180647   620237   188249   431369   272933   484067   103583   470663   306419   375707   259967   559343   276449   684989    23417   384203   191903   358979    61703
    61583   359027   191783   384227    23357   685109   276389   559367   259829   376049   306377   470783   103217   484079   272927   431399   187469   620393   180623   453317   244157   529637    56963   531983   239543   475973   334493   168023   643043   170369   455849   246689   519383    79613   512537   268607   427079   215927   596789   229223   393629   323957   440177   140639   423617    14897   676649   315779   508223   340979   638423
   638453   340877   508349   315599   676679    14759   423713   140477   440183   313853   393677   229139   596927   215723   427103   268493   512543    79427   519509   246209   456149   169943   643199   159017   444953   350003   255053   540989    56807   530063   243857   453797   180497   620579   187463   431513   272903   484283   103079   470867   306329   386153   259823   559529   276293   685247    23327   384407   191657   359129    61553
    61547   359147   191507   384437    23279   685337   276257   559583   259667   386279   306209   471137   103043   484607   272759   431567   187433   620639   180419   453833   243839   530087   644669   522737   365513   224033   460463   177269    55337   169919   456167   246173   519587    79367   512573   268439   427247   215399   596963   228869   393797   313727   440339   140423   423749    14669   676727   315569   508499   340859   638459
   638663   340709   508559   315527   676919    14639   423869   140339   440507   313637   393857   228797   597053   215393   427403   268403   512597    79349   520067   245897   456767   533327    39443   367559   168143   531977   151049   531287   660563   166679   243239   454109   179939   620657   187409   431603   272603   484613   102953   471209   306149   386369   259499   559667   276137   685367    23087   384479   191447   359297    61343
    61007   359357   191297   384599    23063   685637   275999   559673   259157   386489   306029   471299   102797   484727   272567   431663   187349   620777   179903   454247   242603   152777   365213    57383   642737    57173   642899    42197   642419   547229   457403   245759   520103    79229   512657   268343   427439   215279   597209   228707   393977   313517   440849   140333   424007    14369   676943   315407   508709   340649   638999
   639053   340169   508817   315269   676967    14327   424019   140297   440987   312989   394007   228617   597353   215273   427457   268199   513047    79193   520193   460409   667427   362213   172097   528137   171707   528623   171299   528929   159233   527789    32579   239597   179813   620813   186959   431807   272549   484733   102653   471389   305999   387017   259019   559709   275987   685679    23039   384737   191189   359837    60953
    60923   360167   191033   384827    23027   685973   275969   559799   258977   387077   305933   471467   102587   484853   272477   431993   186947   621017   539633   449699   137567   245627   454823   245087   454967   245033   455219   244667   455513   457277   454253   250307   160373    78989   513059   268013   427529   215153   597419   228539   394073   312929   441029   140207   424037    14033   676979   315179   508973   339839   639083
   639137   339749   509027   314927   677147    13997   424169   140123   441179   312779   394157   228257   597473   214883   427913   267863   513137   644057   494687   137699   249089   451097   248903   451397   248483   452009   247847   452393   247553   452597   460073   450899   205319    55949   186869   432143   272093   485123   102533   471749   305849   387227   258827   559883   275837   686009    22859   385079   190979   360257    60869
    60737   360593   190709   385127    22697   686039   275783   560039   258743   387263   305783   471803   102407   485417   272039   432149   521519   301247    13037   182603   517457   182537   517487   182453   517589   182387   517877   182057   518249   181619   518597   518729   517367   398759   178487   267857   427967   214589   597599   228203   394223   312743   441263   139967   424223    13967   677309   314879   509297   339413   639269
   639563   339257   509393   314813   677387    13907   424433   139883   441443   312737   394367   228113   597677   214559   427997   445967   477857   101627    82349   617699    82163   618053    81749   618269    81677   618377    81569   618707    81173   618929    80819   619967   329387   617537   222149   254039   272009   485447   102329   471893   305639   387269   258563   560123   275573   686099    22619   385193   190613   360749    60443
    60317   360869   190577   385199    22367   686177   275459   560297   258527   387329   305597   471929   102317   485543   271703   412457    37529   200867   499283   200657   499397   200513   499523   200357   499853   200063   499973   199853   500333   199637   500483   199487   500603   512843   498803   287549   428303   214463   597689   228077   394409   312677   441479   139709   424547    13829   677639   314807   509429   339137   639689
   639713   338993   509477   314627   677657    13553   424559   139547   441557   312089   394523   227873   597803   485567   579707   188303   271967   428177   271637   428489   271367   428843   270923   429347   270593   429467   270509   429563   270329   429683   270287   429797   269987   430343   432449   428003   120299   214439   102203   472133   305483   387917   258449   560459   275447   686453    22349   385379   190529   361013    60293
    60167   361337   190403   385403    22193   686519   275339   560597   258443   387977   305477   472469   100469   474857   188147   283133   417089   282833   417239   282713   417617   282383   417719   282167   417863   282059   417953   274583   425489   274457   425603   274223   425819   274103   425987   444347   416543   225149   599537   227537   394529   312029   441563   139409   424667    13487   677813   314603   509603   338669   639839
   639857   338573   509693   314513   677927    13367   424967   139367   441569   311897   394637   474437   538697    84389   221069   479147   219983   480047   219839   480209   219707   480317   219677   480419   219503   480569   219293   480989   218963   481133   218849   481379   218417   482099   217793   482309   485063   478913   161309   225569   305369   388109   258437   560639   275039   686639    22079   385493   190313   361433    60149
    59999   361463   190283   385607    21929   686669   275003   560837   258119   388259   396239   460673   406649   107867   592289   107699   592649   107279   592763   107033   593183   106619   593519   106433   593633   106103   593987   106013   594023   105899   594449   105437   594617   105107   595073   104849   595247    49529   592133   239333   303767   311747   441887   139169   425003    13337   678077   314399   509723   338543   640007
   640049   338369   509909   314267   678203    13217   425189   139133   442019   297707   284489   109139   234587   465809   234089   465977   233759   466517   233357   467183   232709   467399   232499   467549   232307   467897   232103   467927   231947   468113   231533   468527   231359   468683   231269   468899   231053   469037   473453   465407   415517   402299   257987   560873   274817   686789    21803   385739   190097   361637    59957
    59879   361727   189929   385793    21599   686843   274709   560897   255713   443987   364193   311603   388727   311183   389057   310889   389273   310559   389567   310283   389783   310187   389957   309929   390107   309797   390407   309503   390527   309359   390737   309137   391067   308933   391283   308639   391487   308327   391757   295517   388319   256019   444293   139109   425297    13163   678407   314213   510077   338279   640127
   640259   338237   510569   314189   678437    13127   425309   138197   611927   303293   329123   371087   328829   371339   328619   371417   328373   371663   328109   371939   328007   372023   327869   372167   327827   372269   327707   372377   327317   372797   327203   373007   326663   373349   326147   373943   325943   374117   325883   374333   374687   370673    88079   561809   274697   686879    21569   385817   189437   361769    59747
    59699   361793   189389   385877    21407   686897   429599   532907   176213   265703   434387   265547   434813   265157   434927   264899   435179   264749   435263   264443   435569   264359   435653   264167   435893   264083   435947   263909   436157   263723   436439   263399   436739   262853   437273   262649   437363   262313   437753   262187   437867   438233   434297   167099   270407    13109   678599   314129   510617   338213   640307
   640589   338207   510767   314063   678659    12227   407639   371627   147743   552317   147347   552707   147197   552899   147089   553073   146777   553463   146477   553583   146417   553733   146249   554207   145703   554417   145433   554699   145259   554753   145037   555119   144839   555287   144413   555683   144299   556007   143519   556763   143063   557027   123707   552179   292367   687779    21347   385943   189239   361799    59417
    59393   361973   189017   386117   679067   669023   207377   281927   418157   281837   418199   281747   418289   281669   418343   281579   418667   281297   418763   281207   418889   280949   419147   280817   419303   280589   419423   280547   419597   280253   419777   279977   420149   279689   420593   279407   420677   279269   420803   279029   421103   278843   421397   422759   418073    30983    20939   313889   510989   338033   640613
   640649   338027   511163   387623        5   362147    21017   679127    20849   679463    20399   679709    20183   679829    20147   679883    19979   680213    19709   680453    19373   680993    18959   681089    18869   681167    18749   681293    18587   681563    18329   681719    18233   682049    17747   682277    17669   682427    17333   682679    16703   683357    16553   683477     7043   678779   700001   312383   188843   361979    59357
    59273   362099   516437   367019   364997    29387   670673    29243   670853    29129   671189    28703   671357    28403   671717    28277   671777    27947   672227    27689   672557    27239   672827    27143   673019    26849   673193    26783   673247    26693   673613    26387   673649    26339   673769    26189   674117    25847   674273    25643   674483    25469   674699    25247   674837    11867   670583   332987   183569   337907   640733
   640847   336857   488057   287873   323699   376469   323249   377129   322859   377297   322613   377543   322319   378023   321413   378683   321227   378929   321053   379163   320699   379319   320609   379667   320303   379787   320153   379979   320009   380189   319679   380333   319589   380459   319169   380879   319097   380957   318683   381377   318473   381629   318347   381707   317969   382103   383303   376127   211949   363149    59159
   642233   363317    38327   198719   501317   198623   501503   198413   501659   198179   502043   197927   502247   197597   502499   197453   502847   197123   502973   197003   503207   196739   503297   196583   503483   196187   503963   195863   504197   195737   504479   195479   504563   195413   504599   195389   504677   195077   504953   195023   505073   194867   505187   194729   505283   194687   505523   508259   501173   336689    57773
    47513   340937   349919   350093   349793   350219   349553   350663   349043   351179   348527   351563   348419   351599   348353   351797   348077   352049   347933   352133   347813   352493   347099   352949   346553   353459   346439   353657   346259   353783   346187   353867   346043   354257   345689   354533   345329   354743   345227   355037   344957   355463   344363   355679   344243   355799   344153   355967   356219   350039   652493
   352973    68777   631307    68597   631529    68447   631859    67883   632153    67733   632297    67679   632447    67547   632483    67307   632717    66809   633209    66749   633377    66533   633497    66383   633629    66239   633833    66083   634013    65927   634169    65699   634373    65609   634649    65327   634793    65147   634943    65027   635003    64919   635339    64499   635567    64403   635849    64067   635969    63599   631187
