    69203   630863    68993   631187    68777   631307    68597   631529    68447   631859    67883   632153    67733   632297    67679   632447    67547   632483    67307   632717    66809   633209    66749   633377    66533   633497    66383   633629    66239   633833    66083   634013    65927   634169    65699   634373    65609   634649    65327   634793    65147   634943    65027   635003    64919   635339    64499   635567    64403   637709   345689
   635849       59   699953        5   350039   349919   350093   349793   350219   349553   350663   349043   351179   348527   351563   348419   351599   348353   351797   348077   352049   347933   352133   347813   352493   347099   352949   347033   353453   346547   353567   346349   353747   346223   353819   346139   353963   345749   354533   345329   354743   345227   355037   344957   355463   344363   355679   344243   357593   695069    64157
    64067   355799   199487   500603   199313   500957   198977   501077   198833   501287   198689   501383   198503   501593   198347   501827   197963   502079   197759   502409   197507   502553   197159   502883   197033   503003   196799   503267   196709   503423   196523   503819   196043   504143   195809   504269   195527   504527   195443   504593   195407   504617   195329   504929   195053   504983   194933   188519   664253   344207   635939
   635969   344153   505139   324557   375509   324473   375569   324299   376049   323879   376307   323537   376757   322877   377147   322709   377393   322463   377687   321983   378593   321323   378779   321077   378953   320843   379307   320687   379397   320339   379703   320219   379853   320027   379997   319817   380327   319673   380417   319547   380837   319127   380909   319049   381323   318629   315569   412619   194867   355853    64037
    63857   355967   194819   381533    30119   669947    29867   670217    29663   670577    29423   670619    29333   670763    29153   670877    28817   671303    28649   671603    28289   671729    28229   672059    27779   672317    27449   672767    27179   672863    26987   673157    26813   673223    26759   673313    26393   673619    26357   673667    26237   673817    25889   674159    25733   686177   336239   318473   505187   344039   636149
   636263   343913   505277   318377   674363    21929   678407    21569   678599    21347   678779    21017   679067    20879   679157    20543   679607    20297   679823    20177   679859    20123   680027    19793   680297    19553   680633    19013   681047    18917   681137    18839   681257    18713   681419    18443   681677    18287   681773    17957   682259    17729   682337    17579   692399   337859    25643   381629   194729   356093    63743
    63719   356219   194723   381659    25523   682673   282383   417719   282167   417863   282059   417953   281933   418079   281849   418169   281807   418259   281717   418337   281663   418427   281339   418709   281243   418799   281117   419057   280859   419189   280703   419417   280583   419459   280409   419753   280229   420029   279857   420317   279413   420599   279329   276257   493067    17333   674483   318347   505283   343787   636287
   636359   343313   505319   318299   674537    17327   420737   148457   551813   148157   551927   148073   552029   147827   552263   147689   552659   147299   552809   147107   552917   146933   553229   146543   553529   146423   553589   146273   553757   145799   554303   145589   554573   145307   554747   145253   554969   144887   555167   144719   555593   144323   565787   337793   279269   682679    25469   381707   194687   356693    63647
    63599   356933   194483   382037    25307   683303   279203   555707   266333   433847   266129   433889   265757   434267   265709   434303   265619   434459   265193   434849   265079   435107   264827   435257   264743   435563   264437   435647   264353   435839   264113   435923   264059   436097   263849   436283   263567   436607   263267   437153   262733   258119   527129   144299   420803    16703   674699   317969   505523   343073   636407
   636473   343037   505919   317903   674759    16649   420977   143999   437357   330359   369659   330047   370133   329393   370619   329333   370883   328919   371177   328667   371387   328589   371627   328373   371663   328109   371939   328007   372023   327869   372167   327827   372269   327707   372377   327317   372797   327203   373007   326663   314267   407723   262649   556007   279029   683357    25247   382103   194087   356969    63533
    63473   357107   194057   382229    25169   683453   278903   556487   262643   373349   312743   387269   312677   387623   312089   387977   311897   388259   311687   388403   311279   388823   310949   389117   310733   389447   310439   389723   310223   389957   309899   390209   309599   390503   309359   390737   309137   391067   308933   307529   431807   326657   437363   143519   421103    16553   674837   317777   505949   342899   636533
   636539   342659   505979   317453   674879    16529   421163   143243   437693   326147   391283   235043   464993   235007   465089   234833   465293   234599   465419   234197   465917   234029   466247   233489   466649   232823   467297   232607   467507   232457   467699   232109   467903   232079   468059   231893   468473   231479   226409   590489   308723   373859   262313   556763   278843   683477    25127   382553   194027   357347    63467
    63443   357353   193859   382643    24977   683513   278609   556943   262253   373943   308639   468647   108497   591659   108263   591827   107873   592139   107717   592307   107357   592727   107243   592973   106823   593387   106487   593573   106373   593903   106019   593993   105983   594107   105557   594569   105389   606449   336887   231359   391367   326063   437753   143063   421397    16493   675029   317363   506147   342653   636563
   636653   342647   506213   317279   675083    16319   421517   142979   437819   325943   391487   231323   594899   221747   478403   221327   478787   221093   478937   220859   480023   219959   480167   219797   480299   219689   480329   219587   480503   219437   480713   219017   481043   218873   481157   218627   217319   612383   105107   468683   308519   374063   262187   557027   278489   683687    24923   382727   193793   357359    63353
    63197   357437   193679   382847    24809   683777   278363   557033   262139   374117   308327   468737   104933   481589   284483   415559   284429   415949   283859   416243   283607   416543   283133   417089   282833   417239   282713   417617   275339   424967   275003   425189   274709   425309   274583   441557   332117   218417   595073   231269   391679   325889   437867   142973   421643    16229   675197   317159   506327   342569   636809
   636947   342497   506357   317123   675239    16223   421727   142949   438029   325883   391757   231107   595157   217907   425489   272603   427439   272549   427529   272093   427967   272009   428039   271829   428303   271637   428489   271367   428843   270923   429413   270539   429563   270407   442829   335693   274517   482099   104849   468899   308249   374123   261977   557057   278279   683783    24767   382883   193649   357509    63059
    62939   357659   193469   382919    24659   683789   278063   557273   261959   374333   308117   468953   104759   482213   274457   429677   201953   498209   201449   498647   201203   499139   200723   499349   200609   499493   200483   499649   200153   499943   200033   500153   199673   510989   338207   270329   425549   217793   595247   231053   391889   325673   438047   142733   421943    16217   675347   317087   506537   342347   637067
   637079   342239   506573   316937   675413    16187   422087   142697   438233   325607   392087   230969   595277   217697   425603   270323   500369    83177   616943    83009   617249    82619   617447    82469   617657    82307   617843    81953   618257    81737   618329    81629   663713   303713   199637   429683   274403   482309   104729   469037   307919   374399   261773   557309   277919   683819    24593   383069   193433   357767    62927
    62723   357809   193163   383099    24413   683909   277757   557537   261587   374687   307583   469439   104693   482387   274223   429719   199523   618437   183059   516959   182933   517079   182789   517367   182603   517457   182537   517487   182453   517589   182387   179579   687767    81569   500483   270287   425783   217619   595313   230567   392423   325319   438419   142469   422249    16097   675593   316907   506843   342197   637283
   637319   341927   506873   316859   675827    16073   422363   142433   438443   325217   392669   230393   595547   217499   425819   270209   509909    81299   517877   249503   450557   249419   450677   249287   450899   249089   451097   248903   451397   248483   464699   336029   182129   618707   190097   429797   274187   482507   104459   469613   307337   374789   261563   557573   277643   683933    24179   383147   193133   358079    62687
    62627   358229   193043   383153    24083   683939   277637   557789   261017   374819   307283   469649   104393   482597   274103   430019   189929   618833   182057   452009   246689   453797   246173   454109   245759   454253   245627   454823   245087   241013   562703   247997   517949    81173   510077   269987   425903   217409   595613   230357   392723   325187   438989   142217   422369    16067   675923   316853   506963   341777   637379
   637409   341729   506993   316703   675929    15887   422459   142019   439007   325019   392837   230213   595709   217253   425987   269663   510569    81077   518249   247847   454967   172553   527489   172373   527699   172217   527909   171869   543539   334379   245039   452159   181757   618929   189437   430343   274019   482753   104297   469793   307169   374987   260999   557987   277547   684119    24077   383303   193013   358277    62597
    62507   358499   192977   383429    24029   684239   277247   558203   260873   375029   307079   470207   103997   482837   273929   430427   189389   619187   181619   452393   245033   528299    58427   641639    58217   641813    58109   654827   336989   171707   454973   247613   518387    80819   510617   269579   426077   217169   596009   229799   392927   324977   439133   141803   422759    15767   675977   316577   507029   341507   637499
   637529   341339   507119   316373   676217    15737   422789   141719   439157   324893   393059   229763   596027   216617   426233   269573   510767    80039   518597   247553   455219   171383   642197   168863   531203   168743   543299   337907    57809   528623   244787   452453   181409   619967   189239   430433   273773   483389   103979   470243   306947   375113   260849   558287   277217   684269    23789   383633   192887   358667    62477
    62219   358703   192677   383813    23753   684647   276953   558497   260807   375233   306749   470279   103913   483773   273719   430487   188843   620033   181277   452597   244667   528707    57773   531287   240203   225527   584279   168719   642233   171299   455339   247409   518729    79973   511163   269519   426287   216233   596093   229727   393257   324773   439199   141509   423053    15359   676253   316193   507329   341303   637787
   637817   341273   507599   316097   676259    15233   423173   141443   439253   324647   393299   229703   596117   216179   426353   269237   511523    79907   518807   247193   455513   171077   642419   531983   694079   350003     5927   168023    57587   528929   244493   452813   181199   620099   188483   430769   273653   483827   103889   470303   306707   375359   260753   558563   276833   684773    23747   383909   192407   358733    62189
    61703   358979   192263   383969    23669   684857   276827   558827   260717   375413   306533   470417   103643   484067   273617   430823   188303   620117   181193   453107   244403   529049   643199   155783   115727   474479   459803   544223    56807   170957   455603   246899   518813    79889   511703   269183   426389   215939   596363   229589   393473   324593   439289   141179   423179    15149   676337   316037   507743   341027   638303
   638423   340979   507953   315977   676373    15137   423299   140939   439463   314213   393587   229553   596423   215927   426737   269057   511757    79847   519227   246809   455627   169913    42989   362099   168803   531263   156707   531143   657017   530093   244379   453197   180779   620159   188249   430949   273269   484079   103583   470453   306419   385793   260543   559067   276707   684869    23633   384029   192053   359027    61583
    61553   359069   191969   384107    23537   684923   276593   559277   260339   385817   306377   470597   103217   484283   273233   431363   188147   620183   180749   453293   242453   513419   363017    58367   641789    58193   641897    45179   641579   186587   457553   246713   519257    79823   511859   268643   426773   215723   596789   229409   393629   314189   439667   140729   423413    15083   676469   315899   508037   340937   638453
   638459   340877   508103   315893   676589    15017   423503   140663   439799   314129   393677   229343   596927   215399   426893   268637   512537    79769   519359   458189   668159   365627   172517   527633   172307   527789   172097   528137   156467   527453    31847   241817   180647   620237   187469   431369   273113   484607   103079   470663   306329   385877   260207   559343   276503   684989    23417   384113   191903   359129    61547
    61343   359147   191783   384203    23357   685109   276449   559367   259967   385943   306209   470867   103043   484613   272933   431399   187463   620393   522383   225569   137303   246209   453833   245897   454247   245753   454379   245183   454919   458993   453317   474437   177623    79613   512543   268607   427073   215393   596963   229139   393797   314063   440039   140639   423557    14897   676649   315803   508223   340859   638663
   638999   340709   508259   315779   676679    14759   423617   140477   440177   313889   393857   228869   597053   215279   427079   268493   512573    79367   513353   363977   249449   450587   249329   450719   249107   450917   248909   451103   248609   451523   235307   450503   186653   620639   187433   431513   272927   484727   102953   471137   306149   386117   259829   559529   276389   685247    23327   384227   191747   359297    61007
    60953   359357   191657   384407    23279   685337   276293   559583   259823   386153   306029   471209   102797   484733   272903   431567   183167   572093    12239   183047   517073   182927   517217   182639   517403   182549   517469   182519   517553   182417   517619   520427   516947   127913   516839   268439   427103   215273   597209   228797   393977   313853   440183   140423   423713    14669   676727   315599   508349   340649   639053
   639083   340169   508499   315527   676919    14639   423869   140339   440339   313727   394007   228707   597353   215153   427247   266957   491537   396293    83063   616997    82757   617387    82559   617537    82349   617699    82163   618053    81749   618269    81677   618377    36293   616829   208469   433049   272759   484853   102653   471299   305999   386279   259667   559667   276137   685367    23087   384479   191507   359837    60923
    60869   360167   191447   384599    23063   685637   275999   559673   259499   386369   305933   471389   102587   485063   272003   415517   361799   201797   498557   201359   498803   200867   499283   200657   499397   200513   499523   200357   499853   200063   499973   199853   500333   189017   498053   284489   428003   214943   597419   228617   394073   313637   440507   140333   424007    14369   676943   315407   508559   339839   639137
   639269   339749   508709   315269   676967    14327   424019   140297   440849   313517   394157   228539   597473   493193   399137   364313   272567   427457   272477   427913   272039   427997   271967   428177   271703   428369   271517   428639   271163   429083   270593   429467   270443   429599   257177   427403   300869   206813   102533   471467   305849   386489   259157   559709   275987   685679    23039   384737   191297   360257    60737
    60443   360593   191189   384827    23027   685973   275969   559799   259019   387017   305783   471749   599069   464447   367889   284447   415577   284057   416147   283763   416399   283463   416873   282917   417173   282767   417293   282389   424667   275039   425003   274817   425297   274697   425423   258449   415523   235559   100937   228257   394223   312989   440987   140207   424037    14033   676979   315179   508817   339413   639563
   639689   339257   508973   314927   677147    13997   424169   140123   441029   312929   394367   472133    83459    87623   221603   478679   221219   478913   221069   479147   219983   480047   219839   480209   219707   480317   219677   480419   219503   480569   219293   480989   218963   481133   218849   481379   482687   478259   616547   227873   305639   387077   258977   559883   275837   686009    22859   385079   191033   360749    60317
    60293   360869   190979   385127    22697   686039   275783   560039   258827   387227   305597   462773   363119   108347   591743   108179   592133   107867   592289   107699   592649   107279   592763   107033   593183   106619   593519   106433   593633   106103   593987   106013   594023   105899   594449   105437   594617    93557   591509   237233   394409   312779   441179   139967   424223    13967   677309   314879   509027   339137   639713
   639839   338993   509297   314813   677387    13907   424433   139883   441263   309929   470783   109517   235013   464999   234917   465173   234713   465407   234587   465809   234089   465977   233759   466517   233357   467183   232709   467399   232499   467549   232307   467897   232103   467927   231947   468113   231533   468527   473597   464963   229223   390077   258743   560123   275573   686099    22619   385193   190709   361013    60167
    60149   361337   190613   385199    22367   686453   275459   560297   442019   442319   268199   312737   387329   312383   387917   312029   388109   311747   388319   311603   388727   311183   389057   310889   389273   310559   389567   310283   389783   310049   390107   309797   390407   309503   390647   309269   390869   308939   391073   392477   387263   257687   257987   139709   424547    13553   677639   314807   509393   338669   639857
   640007   338573   509429   314627   677657    13487   424559   136649   429497   292283   330347   369959   329873   370613   329387   370673   329123   371087   328829   371339   328619   371417   328379   371633   328343   371897   328067   371999   327983   372137   327839   372179   327737   372299   327629   372689   327209   372803   326999   373343   385739   369647   270509   563357   275447   686519    22349   385379   190577   361433    59999
    59957   361463   190529   385403    22193   686639   270659   544259   172877   266159   433877   266117   434249   265739   434297   265703   434387   265547   434813   265157   434927   264899   435179   264749   435263   264443   435569   264359   435653   264167   435893   264083   435947   263909   436157   263723   436439   263399   436739   262853   437273   441887   433673   155747   429347    13367   677813   314603   509477   338543   640049
   640127   338369   509603   314513   677927   370217   567569   362213   148193   551849   148079   551933   147977   552179   147743   552317   147347   552707   147197   552899   147089   553073   146777   553463   146477   553583   146417   553733   146249   554207   145703   554417   145433   554699   145259   554753   145037   555119   144839   555287   144413   555683   134219   551549   132437   329789    22079   385493   190403   361637    59879
    59747   361727   190313   385607    21803   310187   206939   282287   417839   282143   417947   282053   418073   281927   418157   281837   418199   281747   418289   281669   418343   281579   418667   281297   418763   281207   418889   280949   419147   280817   419303   280589   419423   280547   419597   280253   419777   279977   420149   279689   420593   279407   420677   423749   417623   389819   678203   314399   509693   338279   640259
   640307   338237   509723   390527   658379   362147    21599   678437    21407   678659    21227   678989    20939   679127    20849   679463    20399   679709    20183   679829    20147   679883    19979   680213    19709   680453    19373   680993    18959   681089    18869   681167    18749   681293    18587   681563    18329   681719    18233   682049    17747   682277    17669   682427     7607   678077    41627   309479   190283   361769    59699
    59417   361793   513899   364127   363767    30059   670139    29789   670343    29429   670583    29387   670673    29243   670853    29129   671189    28703   671357    28403   671717    28277   671777    27947   672227    27689   672557    27239   672827    27143   673019    26849   673193    26783   673247    26693   673613    26387   673649    26339   673769    26189   674117    25847   674273    13829   669887   335879   186107   338213   640589
   640613   690419   493403   287387   324497   375533   324437   375707   323957   376127   323699   376469   323249   377129   322859   377297   322613   377543   322319   378023   321413   378683   321227   378929   321053   379163   320699   379319   320609   379667   320303   379787   320153   379979   320009   380189   319679   380333   319589   380459   319169   380879   319097   380957   318683   381377   384437   375449   206603     9587    59393
   643553   695879    35753   199403   500693   199049   501029   198929   501173   198719   501317   198623   501503   198413   501659   198179   502043   197927   502247   197597   502499   197453   502847   197123   502973   197003   503207   196739   503297   196583   503483   196187   503963   195863   504197   195737   504479   195479   504563   195413   504599   195389   504677   195077   504953   195023   505073   511487   500519     4127    56453
    45263     4937       53   700001   349967   350087   349913   350213   349787   350453   349343   350963   348827   351479   348443   351587   348407   351653   348209   351929   347957   352073   347873   352193   347513   352907   347057   352973   346553   353459   346439   353657   346259   353783   346187   353867   346043   354257   345473   354677   345263   354779   344969   355049   344543   355643   344327   355763   342413   699947   654743
   354317    69143   631013    68819   631229    68699   631409    68477   631559    68147   632123    67853   632273    67709   632327    67559   632459    67523   632699    67289   633197    66797   633257    66629   633473    66509   633623    66377   633767    66173   633923    65993   634079    65837   634307    65633   634397    65357   634679    65213   634859    65063   634979    65003   635087    64667   635507    64439   635603    62297   630803
