    73517   626627    73043   626987    72923   627383    72053   628013    71909   628127    71867   628217    71633   628673    71327   628757    71129   628937    70997   629339    70589   629567    70199   629843    70079   629939    70019   630107    69809   630353    69539   630689    69203   630863    68993   631187    68777   631307    68597   631529    68447   631859    67883   632153    67733   632297    67679   632447    67547   636149   343313
   632483     2273   697877     2069   697967     2027   698183     1733   698297     1667   698387     1613   698447     1523   698507     1439   698723     1277   698903      953   699059      929   699119      809   699287      683   699437      563   699449      479   699539      449   699617      239   699947       53   700001   349967   350087   349913   350213   349787   350453   349343   350963   348827   351479   348443   352049   347099    67523
    67307   351587   203843   496343   203579   496889   203057   497117   202667   497597   202403   497663   202277   497957   201953   498209   201449   498647   201203   499139   200723   499349   200609   499493   200483   499649   200153   499943   200033   500153   199673   500369   199523   500519   199403   500693   199049   501029   198929   501173   198719   501317   198623   501503   198413   501659   198179   190979   657809   348419   632699
   632717   348407   502043   328067   371999   327983   372137   327839   372179   327737   372299   327629   372689   327209   372803   326999   373343   326657   373859   326063   374063   325889   374123   325673   374399   325319   374789   325187   374987   324977   375113   324773   375359   324593   375449   324497   375533   324437   375707   323957   376127   323699   376469   323249   377129   322859   318629   405659   197963   351599    67289
    66809   351653   197927   377297    33773   666437    33479   666647    33149   666983    32993   667019    32579   667577    32363   667697    32237   667817    32057   668033    31847   668609    31319   668699    31259   668813    31139   669023    30977   669113    30839   669329    30593   669659    30137   669887    30059   670139    29789   670343    29429   670583    29387   670673    29243   678989   339413   322709   502079   348353   633197
   633209   348209   502247   322613   670853    24923   675197    24767   675347    24593   675593    24179   675923    24077   675977    23789   676253    23747   676337    23633   676469    23357   676679    23279   676919    23063   676967    23027   677147    22697   677387    22367   677657    22193   677927    21929   678203    21599   678599    21347   678779    20939   679127    20849   684869   342413    29153   377393   197759   351797    66797
    66749   351929   197597   377543    29129   679463   287057   413033   286763   413417   286469   413579   286199   414053   285827   414467   285377   414779   285113   415109   284819   415517   284483   415559   284429   415949   283859   416243   283607   416543   283133   417089   282833   417239   282713   417617   282383   417719   282167   417863   282059   417953   281933   281339   483827    20543   670877   322463   502409   348077   633257
   633377   347933   502499   322319   671189    20399   418079   151883   548189   151643   548399   151553   548489   151253   548837   151163   548957   150503   549509   150383   549683   150299   549719   150239   550139   149837   550289   149627   550427   149399   550757   149069   550973   148913   551339   148517   551549   148193   551849   148079   551933   147977   559667   340877   281927   679607    28817   377687   197507   352073    66629
    66533   352133   197453   378023    28703   679709   281849   552179   269573   430487   269237   430823   269057   431363   268637   431399   268493   431567   268403   431663   268199   431993   267863   432149   267803   432287   267647   432413   267569   432449   267479   432587   267017   433049   266933   433079   266687   433373   266333   433847   266129   264899   517619   147827   418157    20297   671303   321983   502553   347873   633473
   633497   347813   502847   321413   671357    20183   418169   147743   433889   334379   365759   333929   366227   333737   366287   333713   366383   333539   366683   333023   367019   332729   367307   332447   367613   332273   367823   332117   368099   331889   368453   331277   368789   330983   369119   330653   369419   330359   369659   330047   328919   389447   266117   552263   281837   679823    28649   378593   197159   352193    66509
    66383   352493   197123   378683    28403   679829   281807   552317   265757   370133   315779   384407   315569   384479   315407   384737   315179   385079   314879   385193   314807   385379   314603   385493   314267   385793   314189   385877   314063   386117   313853   386279   313637   386489   312989   387077   312779   387263   312737   311687   424007   329873   434249   147689   418199    20177   671603   321323   502883   347513   633623
   633629   347057   502973   321227   671717    20147   418259   147347   434267   329789   387329   239333   460709   239087   460937   239027   461147   238709   461333   238499   461609   238313   461843   237857   462239   237287   462773   237179   462863   237053   463283   236573   463457   236219   463919   235877   464213   235679   234587   578483   312677   370217   265739   552659   281747   679859    28289   378779   197033   352949    66377
    66239   352973   197003   378929    28277   679883   281717   552707   265709   370613   312383   464447   112337   587753   112019   588113   111833   588239   111659   588383   111497   588683   111269   588743   111227   588953   111029   589187   110597   589439   110477   589877   109883   590489   109469   590573   109397   597929   341027   235559   387623   329393   434297   147299   418289    20123   671729   321077   503003   347033   633767
   633833   346553   503207   321053   671777    19979   418337   147197   434303   329387   387917   235523   590627   224969   475109   224717   475403   224579   475583   224327   475697   224129   475973   223919   476183   223757   476369   223577   476477   223493   476603   223367   476753   223247   477149   222713   215279   610703   109379   464483   312089   370619   265703   552809   281669   680027    28229   378953   196799   353453    66173
    66083   353459   196739   379163    27947   680213   281663   552899   265619   370673   312029   464699   109253   477359   289319   410903   288839   411233   288527   411617   288227   412067   287933   412133   287849   412193   287549   412619   278489   421643   278279   421943   277919   422249   277643   276827   494069   222647   590753   235307   387977   329333   434387   147107   418343    19793   672059   320843   503267   346547   633923
   634013   346439   503297   320699   672227    19709   418427   147089   434459   329123   388109   235043   590867   222329   422369   275339   424967   275003   425189   274709   425309   274583   425489   274457   425603   274223   425819   274103   425987   273929   426287   273653   426389   273269   438443   337313   277637   477677   109139   464963   311897   370883   265547   552917   281579   680297    27779   379307   196709   353567    65993
    65927   353657   196583   379319    27689   680453   281297   553073   265193   371177   311747   464993   108917   477809   277247   426773   205157   494873   205103   494987   204887   495149   204557   495563   204437   495629   204359   495707   204233   495899   204059   495959   204023   192977   652499   273233   422759   222197   591089   235013   388259   328829   434813   146933   418709    19553   672317   320687   503423   346349   634079
   634169   346259   503483   320609   672557    19373   418763   146777   434849   328667   388403   235007   591113   222149   422789   273113   496007    85853   614177    85619   614483    85313   614759    84869   615269    84533   615497    84467   615557    84407   615617    84263   659159   306209   203999   426893   277217   477857   108893   464999   311603   371339   265157   553229   281243   680633    27449   379397   196523   353747    65837
    65699   353783   196187   379667    27239   680993   281207   553463   265079   371387   311279   465089   108869   477899   276953   427073   193649   615767   186587   513767   186107   514013   185957   514103   185819   514313   185483   514529   185369   514643   185267   522749   341339    84239   506357   272933   423053   222107   591137   234917   388727   328619   434927   146543   418799    19013   672767   320339   503819   346223   634307
   634373   346187   503963   320303   672827    18959   418889   146477   435179   328589   388823   234833   591509   222059   423173   272927   506537    84179   514823   253733   446399   253349   446759   252899   447119   252869   447179   252323   448067   251639   456767   340937   185183   615827   193469   427079   276833   477947   108497   465173   311183   371417   264827   553529   281117   681047    27179   379703   196043   353819    65633
    65609   353867   195863   379787    27143   681089   280949   553583   264749   371627   310949   465293   108347   477977   276707   427103   193433   615869   185153   448397   250343   449699   250199   449963   249923   450209   249779   450257   249593   459209   340859   251609   514853    84137   506573   272903   423299   222029   591659   234713   389057   328379   435257   146423   419057    18917   672863   320219   504143   346139   634397
   634649   346043   504197   320153   673019    18869   419147   146417   435263   328373   389117   234599   591743   221849   423413   272759   506843    83933   514949   251177   450473   176243   523793   176159   523877   175949   524087   175499   571133   303287   249533   448829   185057   616073   193163   427247   276593   478157   108263   465407   310889   371633   264743   553589   280859   681137    26987   379853   195809   353963    65357
    65327   354257   195737   379979    26849   681167   280817   553733   264443   371663   310733   465809   108179   478199   276503   427403   193133   616103   184727   448907   249503   524939    61703   638423    61553   638459    61343   646193   342347   175067   450503   251099   515279    83903   506873   272603   423503   221807   591827   234197   389273   328343   435563   146273   419189    18839   673157   320027   504269   345749   634679
   634793   345689   504479   320009   673193    18749   419303   146249   435569   328109   389567   234089   592133   221747   423557   272567   506963    83777   515357   251003   450557   174989   638999   173267   526829   172883   535529   341507    61007   525017   249449   449003   184649   616229   193043   427439   276449   478259   107873   465917   310439   371897   264437   553757   280703   681257    26813   379997   195527   354317    65213
    65147   354533   195479   380189    26783   681293   280589   554207   264359   382883   310283   465977   107867   478403   276389   427457   193013   616289   184577   449117   249419   525257    60953   527129   243197   620159   186653   172877   639053   174749   450587   250889   515429    83717   506993   272549   423617   221603   592139   234029   389723   317123   435647   145799   419417    18713   673223   319817   504527   345473   634859
   634943   345329   504563   319679   673247    18587   419423   145703   435653   317087   389783   233759   592289   221327   423713   272477   507119    83639   515519   250853   450677   174653   639083   172307   293459   350003   406547   527699    60923   525353   249329   449153   184487   616367   192887   427529   276293   478679   107717   466247   310223   382919   264353   554303   280583   681419    26759   380327   195443   354677    65063
    65027   354743   195413   380333    26693   681563   280547   554417   264167   383069   310187   466517   107699   478787   276257   427913   192677   616409   184133   449303   249107   525593   639857   518813   513353    79847   456809   181193    60149   174413   450899   250703   515873    83597   507329   272093   423749   221219   592307   233489   389819   316937   435839   145589   419459    18443   673313   319673   504593   345263   634979
   635003   345227   504599   319589   673613    18329   419597   145433   435893   316907   389957   233357   592649   221093   423869   272039   507599    83477   515993   250673   450917   533837    51767   358499   173177   527123   164477   526739   648239   166169   249089   449333   184013   616529   192407   427967   276137   478913   107357   466649   310049   383099   264113   554573   280409   681677    26393   380417   195407   354779    65003
    64919   355037   195389   380459    26387   681719   280253   554699   264083   383147   309929   467183   107279   478937   275987   427997   192053   616547   183797   449363   248903   117797   357659    61583   638453    61547   638663    53813   638303   582209   451103   250643   516209    83459   507953   272009   424019   221069   592727   232823   390077   316859   435923   145307   419753    18287   673619   319547   504617   344969   635087
   635339   344957   504677   319169   673649    18233   419777   145259   435947   316853   390107   232709   592763   220859   424037   272003   508037    83417   516293   249287   440987   396719   176213   523847   176129   524057   175919   524507   128873   523763   259019   450719   183713   616589   191969   428003   275969   479147   107243   467297   309899   383153   264059   554747   280229   681773    26357   380837   195329   355049    64667
    64499   355463   195077   380879    26339   682049   279977   554753   263909   383429   309797   467399   107033   480023   275837   428039   191903   616787   180497   439157   359147   250307   449807   250043   450083   249797   450227   249749   450413   240797   449663   260849   519509    83219   508103   271967   424169   219983   592973   232607   390209   316577   436097   145253   420029    17957   673667   319127   504929   344543   635507
   635567   344363   504953   319097   673769    17747   420149   145037   436157   316373   390407   232499   593183   219959   424433   271829   508223    78779   508973   359069   253607   446657   253247   447107   252887   447137   252827   447683   251939   448367   243239   446273   191033   621227   191783   428177   275573   480047   106823   467507   309599   383633   263849   554969   279857   682259    26237   380909   195053   355643    64439
    64403   355679   195023   380957    26189   682277   279689   555119   263723   383813   309503   467549   106619   480167   275459   428303   515597   575429   358667   186239   513899   185993   514049   185903   514187   185693   514523   185477   514637   185363   514739   177257   513419   124577   184409   271703   424547   219839   593387   232457   390503   316193   436283   144887   420317    17729   673817   319049   504983   344327   635603
   635849   344243   505073   318683   674117    17669   420593   144839   436439   316097   390527   232307   593519   219797   424559   429083   484607   393797    85829   614387    85523   614693    85247   615137    84737   615473    84509   615539    84449   615599    84389   615743    40847   614153   215399   270923   275447   480209   106487   467699   309479   383909   263567   555167   279413   682337    25889   381323   194933   355763    64157
    64067   355799   194867   381533    25847   682427   279407   555287   263399   383969   309359   467897   106433   480299   273773   255173    47507   205133   494903   205019   495119   204857   495449   204443   495569   204377   495647   204299   495773   204107   495947   204047   495983   507029   494849   444833   426233   219707   593573   232109   390647   316037   436607   144719   420599    17579   674159   318473   505139   344207   635939
   635969   344153   505187   318377   674273    17333   420677   144413   436739   315977   390737   232103   593633   485567   557789   362693   275039   425003   274817   425297   274697   425423   274517   425549   274403   425783   274187   425903   274019   426077   273719   426353   273617   426737   261563   424667   142217   214439   106373   467903   309269   384029   263267   555593   279329   682673    25733   381629   194819   355853    64037
    63743   355967   194729   381659    25643   682679   279269   555683   262853   384107   309137   467927   105983   471209   205937   289103   411167   288773   411479   288389   411779   287939   412073   287873   412157   287813   412457   287387   421517   278363   421727   278063   422087   277757   422363   423179   410687   228797   594023   232079   390869   315899   437153   144323   420737    17327   674363   318347   505277   344039   636263
   636287   343913   505283   318299   674483    16703   420803   144299   437273   315893   391067   227537   580259    89303   224897   475289   224603   475427   224423   475679   224309   475877   224033   476087   223823   476249   223637   476429   223529   476513   223403   476639   223253   476759   222857   477293   484727   475037   119747   472469   308939   384113   262733   555707   279203   683303    25523   381707   194723   356093    63719
    63647   356219   194687   382037    25469   683357   279029   556007   262649   384203   306707   695087   358979   112253   587987   111893   588173   111767   588347   111623   588509   111323   588737   111263   588779   111053   588977   110819   589409   110567   589529   110129   590123   109517   590537   109433   590609   102077   587669     4919   393299   315803   437357   143999   420977    16649   674537   317969   505319   343787   636359
   636407   343073   505523   317903   674699    16553   421103   143519   437363   385607   462443   121523   239297   460919   239069   460979   238859   461297   238673   461507   238397   461693   238163   462149   237767   462719   237233   462827   237143   462953   236723   463433   236549   463787   236087   464129   235793   464327   465419   460673   237563   314399   262643   556487   278903   683453    25307   382103   194483   356933    63599
    63533   356969   194087   382229    25247   683477   278843   556763   438989   336437   275999   315599   384437   315527   384599   315269   384827   314927   385127   314813   385199   314627   385403   314513   385739   314213   385817   314129   385943   313889   386153   313727   386369   313517   387017   312929   387227   312743   387269   388319   384227   363569   261017   143243   421163    16529   674759   317777   505919   343037   636473
   636533   342899   505949   317453   674837    16493   421397   143063   424223   310559   334247   366077   333779   366269   333719   366293   333623   366467   333323   366983   332987   367277   332699   367559   332393   367733   332183   367889   331907   368117   331553   368729   331217   369023   330887   369353   330587   369647   330347   369959   371087   365627   275783   556943   278609   683513    25169   382553   194057   357107    63473
    63467   357347   194027   382643    25127   683687   277547   541349   182387   269519   430769   269183   430949   268643   431369   268607   431513   268439   431603   268343   431807   268013   432143   267857   432203   267719   432359   267593   432437   267557   432527   267419   432989   266957   433073   266927   433319   266633   433673   266159   433877   435107   430433   158657   422459    16319   674879   317363   505979   342659   636539
   636563   342653   506147   317279   675029   683933   549533   359129   151817   548363   151607   548453   151517   548753   151169   548843   151049   549503   150497   549623   150323   549707   150287   549767   149867   550169   149717   550379   149579   550607   149249   550937   149033   551093   148667   551489   148457   551813   148157   551927   148073   552029   140339   548123   150473    16073    24977   382727   193859   357353    63443
    63353   357359   193793   382847   676589     2333   216179   286973   413243   286589   413537   286427   413807   285953   414179   285539   414629   285227   414893   284897   415187   284489   415523   284447   415577   284057   416147   283763   416399   283463   416873   282917   417173   282767   417293   282389   417623   282287   417839   282143   417947   282053   418073   418667   412949   697673    23417   317159   506213   342647   636653
   636809   342569   506327   383303     5639   357593    24809   675239    24659   675413    24413   675827    24083   675929    24029   676217    23753   676259    23669   676373    23537   676649    23327   676727    23087   676943    23039   676979    22859   677309    22619   677639    22349   677813    22079   678077    21803   678407    21407   678659    21227   679067    20879   679157    15137   675083   694367   316703   193679   357437    63197
    63059   357509   507743   364337   360593    33569   666527    33359   666857    33023   667013    32987   667427    32429   667643    32309   667769    32189   667949    31973   668159    31397   668687    31307   668747    31193   668867    30983   669029    30893   669167    30677   669413    30347   669869    30119   669947    29867   670217    29663   670577    29423   670619    29333   670763    21017   666233   335669   192263   342497   636947
   637067   362147   492059   294347   328007   372023   327869   372167   327827   372269   327707   372377   327317   372797   327203   373007   326663   373349   326147   373943   325943   374117   325883   374333   325607   374687   325217   374819   325019   375029   324893   375233   324647   375413   324557   375509   324473   375569   324299   376049   323879   376307   323537   376757   322877   377147   381377   371939   207947   337859    62939
    60869   678437    42197   203663   496427   203117   496949   202889   497339   202409   497603   202343   497729   202049   498053   201797   498557   201359   498803   200867   499283   200657   499397   200513   499523   200357   499853   200063   499973   199853   500333   199637   500483   199487   500603   199313   500957   198977   501077   198833   501287   198689   501383   198503   501593   198347   501827   509027   496163    21569   639137
   624467   352907     2129   697937     2039   697979     1823   698273     1709   698339     1619   698393     1559   698483     1499   698567     1283   698729     1103   699053      947   699077      887   699197      719   699323      569   699443      557   699527      467   699557      389   699767       59   699953        5   350039   349919   350093   349793   350219   349553   350663   349043   351179   348527   351563   347957   697733    75539
   356693    73379   626963    73019   627083    72623   627953    71993   628097    71879   628139    71789   628373    71333   628679    71249   628877    71069   629009    70667   629417    70439   629807    70163   629927    70067   629987    69899   630197    69653   630467    69317   630803    69143   631013    68819   631229    68699   631409    68477   631559    68147   632123    67853   632273    67709   632327    67559   632459    63857   626489
