    74027   626033    73943   626147    73847   626333    73643   626393    73529   626489    73379   626963    73019   627083    72623   627953    71993   628097    71879   628139    71789   628373    71333   628679    71249   628877    71069   629009    70667   629417    70439   629807    70163   629927    70067   629987    69899   630197    69653   630467    69317   630803    69143   631013    68819   631229    68699   631409    68477   637787   340877
   631559     2927   697127     2789   697373     2609   697457     2423   697673     2273   697877     2069   697967     2027   698183     1733   698297     1667   698387     1613   698447     1523   698507     1439   698723     1277   698903      953   699059      929   699119      809   699287      683   699437      563   699449      479   699539      449   699617      239   699947       53   700001   349967   350087   349913   351179   347099    68447
    68147   350213   204359   495707   204233   495899   204059   495959   204023   496007   203843   496343   203579   496889   203057   497117   202667   497597   202403   497663   202277   497957   201953   498209   201449   498647   201203   499139   200723   499349   200609   499493   200483   499649   200153   499943   200033   500153   199673   500369   199523   500519   199403   500693   199049   501029   198929   191189   656939   349793   631859
   632123   349787   501173   328829   371339   328619   371417   328379   371633   328343   371897   328067   371999   327983   372137   327839   372179   327737   372299   327629   372689   327209   372803   326999   373343   326657   373859   326063   374063   325889   374123   325673   374399   325319   374789   325187   374987   324977   375113   324773   375359   324593   375449   324497   375533   324437   323879   399149   198833   350219    67883
    67853   350453   198719   375707    34499   665549    34403   665723    34259   665789    33863   666233    33569   666527    33359   666857    33023   667013    32987   667427    32429   667643    32309   667769    32189   667949    31973   668159    31397   668687    31307   668747    31193   668867    30983   669029    30893   669167    30677   669413    30347   669869    30119   669947    29867   675083   343037   324299   501287   349553   632153
   632273   349343   501317   323957   670217    25523   674537    25307   674759    25169   674879    24977   675197    24767   675347    24593   675593    24179   675923    24077   675977    23789   676253    23747   676337    23633   676469    23417   676649    23327   676919    23063   676967    23027   677147    22697   677387    22367   677657    22193   677927    21929   678203    21599   683303   343313    29789   376049   198689   350663    67733
    67709   350963   198623   376307    29663   678437   288389   411779   287939   412073   287873   412157   287813   412457   287387   412949   286973   413243   286589   413537   286427   413807   285953   414179   285539   414629   285227   414893   284897   415187   284489   415523   284447   415577   284057   416147   283763   416399   283463   416873   282917   417173   282767   280547   484079    21569   670343   323699   501383   349043   632297
   632327   348527   501503   323537   670577    21407   417293   152363   547709   152219   547817   152183   548003   151967   548069   151883   548189   151643   548399   151553   548489   151253   548837   151163   548957   150503   549509   150473   549623   150323   549707   150287   549767   149867   550169   149717   550379   149579   550607   149249   550937   149033   557027   342659   282713   678599    29429   376469   198503   351479    67679
    67559   351563   198413   376757    29423   678659   282389   551093   270407   429677   270323   429719   270209   430019   269663   430427   269573   430487   269237   430823   269057   431363   268637   431399   268493   431567   268403   431663   268199   431993   267863   432149   267803   432287   267647   432413   267569   432449   267479   432587   267017   439007   342497   148913   417617    21347   670583   323249   501593   348443   632447
   632459   348419   501659   322877   670619    21227   417623   148667   433049   335813   364313   335669   364373   335507   364883   335009   365129   334793   365369   334493   365627   334247   366077   333779   366269   333719   366293   333623   366467   333323   366983   332987   367277   332699   367559   332393   367733   332183   367889   331907   331277   384437   266957   551339   282383   678779    29387   377129   198347   351587    67547
    67523   351599   198179   377147    29333   678989   282287   551489   266933   368117   316853   383303   316577   383633   316193   383909   316037   384029   315899   384113   315803   384227   315599   384479   315407   384737   315179   385079   314879   385193   314807   385379   314603   385493   314399   385739   314213   385817   314129   312989   421397   331889   433073   148517   417719    21017   670673   322859   501827   348407   632483
   632699   348353   502043   322709   670763    20939   417839   148457   433079   331553   385943   239879   460157   239633   460409   239543   460589   239387   460673   239297   460937   239027   461147   238709   461333   238499   461609   238313   461843   237857   462239   237563   462719   237233   462827   237143   462953   236723   235559   576287   314063   368453   266927   551549   282167   679067    29243   377297   197963   351653    67307
    67289   351797   197927   377393    29153   679127   282143   551813   266687   368789   313889   463433   113417   586679   113213   586979   112919   587219   112589   587429   112403   587669   112253   587987   111893   588173   111767   588347   111623   588509   111323   588737   111263   588779   111053   588977   110819   596789   341273   236573   386117   331217   433319   148193   417863    20879   670853   322613   502079   348209   632717
   633197   348077   502247   322463   670877    20849   417947   148157   433373   330983   386153   236549   589409   225347   474707   225227   474839   225149   474917   225023   475037   224897   475289   224603   475427   224423   475679   224309   475877   224033   476087   223823   476249   223637   476429   223529   222329   603209   110597   463457   313853   369023   266633   551849   282059   679157    29129   377543   197759   351929    66809
    66797   352049   197597   377687    28817   679463   282053   551927   266333   369119   313727   463787   110567   476513   290627   409517   290189   409823   290039   410117   289763   410279   289319   410903   288839   411233   288527   420593   279407   420677   279269   420803   279029   421163   278489   277637   483827   223493   589439   236219   386279   330887   433673   148079   417953    20543   671189   322319   502409   347957   633209
   633257   347933   502499   321983   671303    20399   418073   148073   433847   330653   386369   236087   589529   223403   421643   276137   424019   275969   424169   275783   424433   275459   424559   275039   425003   274817   425297   274697   425423   274517   425549   274403   425783   274187   436607   338213   278363   476603   110477   463919   313637   369353   266159   551933   281933   679607    28703   378023   197507   352073    66749
    66629   352133   197453   378593    28649   679709   281927   552029   266129   369419   313517   464129   110129   476639   278279   425903   205913   494387   205487   494609   205319   494699   205223   494849   205133   494903   205019   495119   204857   495449   204443   495569   204377   506843   337859   274103   421727   223367   589877   235877   386489   330587   433877   147977   418079    20297   671357   321413   502553   347873   633377
   633473   347813   502847   321323   671603    20183   418157   147827   433889   330359   387077   235793   590123   223253   421943   274019   505319    87083   613013    86843   613169    86753   613427    86399   613637    86243   613889    85853   614177    85619   614483    85313   624737   339413   194687   425987   278063   476753   109883   464213   312929   369647   266117   552179   281849   679823    28403   378683   197159   352193    66533
    66509   352493   197123   378779    28289   679829   281837   552263   265757   369659   312779   464327   109517   476759   277919   426077   194483   614759   187349   512843   186959   513059   186869   513353   186587   513767   186107   514013   185957   514103   185819   179903   683357    85247   505523   273929   422087   223247   590489   235679   387227   330347   434249   147743   418169    20177   671717   321227   502883   347513   633497
   633623   347057   502973   321077   671729    20147   418199   147689   434267   330047   387263   235523   590537   222857   422249   273773   505919    84869   514313   255077   444953   254987   445229   254699   445799   254039   446003   253919   446273   253607   253247   542207   185693   615137   194087   426233   277757   477149   109469   464483   312743   369959   265739   552317   281807   679859    28277   378929   197033   352949    66383
    66377   352973   197003   378953    28229   679883   281747   552659   265709   370133   312737   464699   109433   477293   277643   426287   194057   615269   185483   446657   251177   448907   251003   449117   250853   449303   250673   449363   250343   457367   341927   253349   514523    84737   505949   273719   422363   222713   590573   235307   387269   329873   434297   147347   418259    20123   671777   321053   503003   347033   633629
   633767   346553   503207   320843   672059    19979   418289   147299   434303   329789   387329   235043   590609   222647   422459   273653   505979    84533   514529   252899   449807   177383   522659   177269   522749   177167   523307   176573   531143   341777   250199   447107   185477   615473   194027   426353   277547   477359   109397   464963   312677   370217   265703   552707   281717   680027    27947   379163   196799   353453    66239
    66173   353459   196739   379307    27779   680213   281669   552809   265619   370613   312383   464993   109379   477809   277247   426389   193859   615497   185369   447119   250043   523637    62939   637079    62723   637319    62627   645137   342197   176369   449963   252887   514637    84509   506147   273617   422759   222197   590627   235013   387623   329393   434387   147197   418337    19793   672227   320699   503267   346547   633833
   633923   346439   503297   320687   672317    19709   418343   147107   434459   329387   387917   235007   590753   222149   422789   273269   506213    84467   514643   252869   450083   176333   637409   173933   526139   173807   539309   336827    62597   523673   249923   447137   185363   615539   193793   426737   277217   477857   109253   464999   312089   370619   265547   552899   281663   680297    27689   379319   196709   353567    66083
    65993   353657   196583   379397    27449   680453   281579   552917   265193   370673   312029   465089   109139   477899   276953   426773   193679   615557   185267   447179   249797   523763    62507   526223   244667   467549   337793   173783   637499   176243   450209   252827   514739    84449   506327   273233   423053   222107   590867   234917   387977   329333   434813   147089   418427    19553   672557   320609   503423   346349   634013
   634079   346259   503483   320339   672767    19373   418667   146933   434849   329123   388109   234833   591089   222059   423173   273113   506537    84407   514823   252323   450227   176213   637529   526307   443129   350003   256877   173699    62477   523793   249779   447683   185183   615599   193469   426893   276833   477947   108917   465173   311897   370883   265157   553073   281339   680633    27239   379667   196523   353747    65927
    65837   353783   196187   379703    27179   680993   281297   553229   265079   371087   311687   465293   108893   477977   276827   427073   193433   615617   185153   448067   249749   523847   641279   160373   362213   232457   455339   539633    58727   176159   450257   251939   514853    84389   506573   272933   423179   222029   591113   234713   388319   328919   434927   146777   418709    19013   672827   320303   503819   346223   634169
   634307   346187   503963   320219   672863    18959   418763   146543   435107   318299   388403   234599   591137   221849   423299   272927   506873    84263   514949   251639   450413   174749    50549   363179   173867   526199   160697   526073   649457   525257   249593   448367   185057   615743   193133   427079   276707   478157   108869   465407   311603   381707   264899   553463   281243   681047    27143   379787   196043   353819    65699
    65633   353867   195863   379853    26987   681089   281207   553529   264827   382037   311279   465419   108497   478199   276593   427103   193043   615767   184727   448397   249089   515873   357809    62927   637283    62687   637379    54869   637067   184133   450917   251609   515279    84239   506963   272903   423413   221807   591509   234587   388727   317969   435179   146477   418799    18917   673019   320153   504143   346139   634373
   634397   346043   504197   320027   673157    18869   418889   146423   435257   317903   388823   234197   591659   221747   423503   272759   506993    84179   515357   245897   441569   358229   177347   522737   177257   522839   176699   523433   168863   522623   258437   454109   184649   615827   193013   427247   276503   478259   108347   465809   311183   382103   264749   553583   281117   681137    26849   379979   195809   353963    65609
    65357   354257   195737   379997    26813   681167   280949   553589   264743   382229   310949   465917   108263   478403   276449   427403   192977   615869   538367   644117   358079   251099   449003   250889   449153   250703   449333   250643   449663   242639   448829    55889   161639    84137   507029   272603   423557   221603   591743   234089   389057   317777   435263   146417   419057    18839   673193   320009   504269   345749   634649
   634679   345689   504479   319817   673223    18749   419147   146273   435563   317453   389117   234029   591827   221327   423617   272567   507119    83063   493067   157799   255053   445019   254777   445307   254207   445967   254003   446087   253733   446399   446759   444929   206939   616943   192887   427439   276389   478679   108179   465977   310889   382553   264443   553733   280859   681257    26783   380189   195527   354317    65327
    65213   354533   195479   380327    26759   681293   280817   553757   264437   382643   310733   466247   107873   478787   276293   427457   192677   604259    16649   187163   513047   186947   513137   186653   513419   186239   513899   185993   514049   185903   514187   520103   512657    95747   507329   272549   423713   221219   592133   233759   389273   317363   435569   146249   419189    18713   673247   319679   504527   345473   634793
   634859   345329   504563   319673   673313    18587   419303   145799   435647   317279   389447   233489   592139   221093   423749   444539   482837   360593    86993   613163    86837   613253    86579   613607    86369   613763    86117   614153    85829   614387    85523   614693    75269   612923   217169   255467   276257   478913   107867   466517   310559   382727   264359   554207   280703   681419    26693   380333   195443   354677    65147
    65063   354743   195413   380417    26393   681563   280589   554303   264353   382847   310439   466649   107717   478937   424007   241049   362147   205619   494519   205397   494687   205307   494783   205157   494873   205103   494987   204887   495149   204557   495563   204437   495629   193163   494093   458957   275999   221069   592289   233357   389567   317159   435653   145703   419417    18443   673613   319589   504593   345263   634943
   634979   345227   504599   319547   673619    18329   419423   145589   435839   317123   389723   232823   592307   481379   396629   361793   275987   424037   275837   424223   275573   424547   275447   424967   275003   425189   274709   425309   274583   425489   274457   425603   274223   425819   263399   423869   303377   218627   107699   467183   310283   382883   264167   554417   280583   681677    26387   380459   195407   354779    65027
    65003   355037   195389   380837    26357   681719   280409   554573   264113   382919   310223   467297   107033   468953   216179   290489   409817   290183   409967   289889   410243   289727   410687   289103   411167   288773   411479   279413   420599   279329   420737   279203   420977   278843   421517   422369   409379   231053   592973   232709   389783   317087   435893   145433   419597    18287   673649   319169   504617   344969   635003
   635087   344957   504677   319127   673667    18233   419753   145307   435923   316907   389819   229139   580373    96797   225299   474779   225167   474857   225089   474983   224969   475109   224717   475403   224579   475583   224327   475697   224129   475973   223919   476183   223757   476369   223577   476477   477677   474659   119633   470867   310187   383099   264083   554699   280253   681773    26339   380879   195329   355049    64919
    64667   355463   195077   380909    26237   682049   280229   554747   264059   383147   305849   692099   358733   113327   586793   113027   587087   112787   587417   112577   587603   112337   587753   112019   588113   111833   588239   111659   588383   111497   588683   111269   588743   111227   588953   111029   589187   103217   586589     7907   394157   316859   435947   145259   419777    17957   673769   319097   504929   344543   635339
   635507   344363   504953   319049   673817    17747   420029   145253   436097   388259   460919   123719   239849   460373   239597   460463   239417   460619   239333   460709   239069   460979   238859   461297   238673   461507   238397   461693   238163   462149   237767   462443   237287   462773   237179   462863   237053   463283   464447   460127   239087   311747   263909   554753   279977   682259    26189   380957   195053   355643    64499
    64439   355679   195023   381323    25889   682277   279857   554969   437363   340169   278609   316703   383429   316373   383813   316097   383969   315977   384107   315893   384203   315779   384407   315527   384599   315269   384827   314927   385127   314813   385199   314627   385403   314513   385607   314267   385793   314189   385877   387017   383153   359837   262643   145037   420149    17729   674117   318683   504983   344327   635567
   635603   344243   505073   318629   674159    17669   420317   144323   250307   315569   335693   364337   335633   364499   335123   364997   334877   365213   334637   365513   334379   365759   333929   366227   333737   366287   333713   366383   333539   366683   333023   367019   332729   367307   332447   367613   332273   367823   332117   368099   368729   364193   449699   555683   279689   682337    25847   381377   194933   355763    64403
    64157   355799   194867   381533    25733   682427   421103   542987   357509   270329   429683   270287   429797   269987   430343   269579   430433   269519   430769   269183   430949   268643   431369   268607   431513   268439   431603   268343   431807   268013   432143   267857   432203   267719   432359   267593   432437   267557   432527   267419   432989   260999   429599   157019   278903    17579   674273   318473   505139   344207   635849
   635939   344153   505187   318377   674363   393857   405659   357347   152297   547787   152189   547823   152003   548039   151937   548123   151817   548363   151607   548453   151517   548753   151169   548843   151049   549503   150497   549533   150383   549683   150299   549719   150239   550139   149837   550289   149627   550427   149399   550757   149069   550973   142979   547643   294347   306149    25643   381629   194819   355853    64067
    64037   355967   194729   381659    23279   293357   215927   288227   412067   287933   412133   287849   412193   287549   412619   287057   413033   286763   413417   286469   413579   286199   414053   285827   414467   285377   414779   285113   415109   284819   415517   284483   415559   284429   415949   283859   416243   283607   416543   283133   417089   282833   417239   419459   411617   406649   676727   318347   505277   344039   635969
   636149   343913   505283   316937   663239   356693    25469   674699    25247   674837    25127   675029    24809   675239    24659   675413    24413   675827    24083   675929    24029   676217    23753   676259    23669   676373    23537   676589    23357   676679    23087   676943    23039   676979    22859   677309    22619   677639    22349   677813    22079   678077    21803   678407    16703   674483    36767   383069   194723   356093    63857
    63743   356219   506357   424667   356969    34457   665603    34283   665747    34217   666143    33773   666437    33479   666647    33149   666983    32993   667019    32579   667577    32363   667697    32237   667817    32057   668033    31847   668609    31319   668699    31259   668813    31139   669023    30977   669113    30839   669329    30593   669659    30137   669887    30059   670139    24923   665507   275339   193649   343787   636263
   636287   357437   493013   300857   328667   371387   328589   371627   328373   371663   328109   371939   328007   372023   327869   372167   327827   372269   327707   372377   327317   372797   327203   373007   326663   373349   326147   373943   325943   374117   325883   374333   325607   374687   325217   374819   325019   375029   324893   375233   324647   375413   324557   375509   324473   375569   376127   371177   206993   342569    63719
   638459   683513    43067   204299   495773   204107   495947   204047   495983   203999   496163   203663   496427   203117   496949   202889   497339   202409   497603   202343   497729   202049   498053   201797   498557   201359   498803   200867   499283   200657   499397   200513   499523   200357   499853   200063   499973   199853   500333   199637   500483   199487   500603   199313   500957   198977   501077   508817   495647    16493    61547
    44279   352907     2879   697217     2633   697397     2549   697583     2333   697733     2129   697937     2039   697979     1823   698273     1709   698339     1619   698393     1559   698483     1499   698567     1283   698729     1103   699053      947   699077      887   699197      719   699323      569   699443      557   699527      467   699557      389   699767       59   699953        5   350039   349919   350093   348827   697079   655727
   359129    73973   626063    73859   626159    73673   626363    73613   626477    73517   626627    73043   626987    72923   627383    72053   628013    71909   628127    71867   628217    71633   628673    71327   628757    71129   628937    70997   629339    70589   629567    70199   629843    70079   629939    70019   630107    69809   630353    69539   630689    69203   630863    68993   631187    68777   631307    68597   631529    62219   625979
