    78173   621869    77933   622157    77513   622529    77369   622793    77003   623057    76679   623717    76283   624209    75773   624347    75539   624479    75407   624683    75269   624797    75167   624977    74903   625109    74873   625307    74687   625397    74597   625517    74363   625913    74027   626033    73943   626147    73847   626333    73643   626393    73529   626489    73379   626963    73019   627083    72623   628127   346187
   627953     6197   694019     5927   694193     5783   694313     5657   694367     5519   694523     5387   694919     5009   695003     4937   695087     4889   695207     4679   695369     4229   695867     4133   695879     4079   695999     3929   696083     3767   696413     3389   696659     3119   697049     2927   697127     2789   697373     2609   697457     2423   697673     2273   697877     2069   697967     2027   699539   346439    72053
    71993   698183   207113   493013   206939   493109   206879   493193   206603   493463   206483   493607   206273   493853   206069   493967   206033   493979   205937   494093   205619   494519   205397   494687   205307   494783   205157   494873   205103   494987   204887   495149   204557   495563   204437   495629   204359   495707   204233   495899   204059   495959   204023   496007   203843   496343   203579   203057   641813     1823   628013
   628097     1733   496889   333737   366287   333713   366383   333539   366683   333023   367019   332729   367307   332447   367613   332273   367823   332117   368099   331889   368453   331277   368789   330983   369119   330653   369419   330359   369659   330047   370133   329789   370613   329387   370673   329123   371087   328829   371339   328619   371417   328379   371633   328343   371897   328067   372269   347099   203117   698273    71909
    71867   698297   202889   371999    38453   661613    38333   661679    38237   661823    37649   662477    37493   662693    37217   662867    37049   663149    36767   663407    36467   663653    36293   663737    36209   663869    35963   664109    35753   664403    35423   664613    35339   664679    35267   664847    34883   665267    34703   665507    34457   665603    34283   665747    34217   670619   343313   328007   497117     1709   628139
   628217     1667   497339   327983   666143    29333   670763    29153   670877    28817   671303    28649   671603    28277   671777    27947   672227    27689   672557    27239   672827    27143   673019    26849   673193    26783   673247    26693   673613    26387   673649    26339   673769    26189   674117    25847   674273    25643   674483    25469   674699    25247   674837    25127   675413   347057    33863   372023   202667   698339    71789
    71633   698387   202409   372137    33773   675029   293147   406883   293099   407489   292427   407639   292283   407783   292037   408137   291833   408263   291569   408497   291443   408713   291287   409007   290963   409337   290657   409379   290489   409817   290183   409967   289889   410243   289727   410687   289103   411167   288773   411479   288389   411779   287939   415577   343037    24977   666233   327869   497597     1619   628373
   628673     1613   497603   327839   666437    24923   412073   157133   542987   157007   543287   156707   543383   156467   543659   156119   544223   155747   544919   155069   544979   154943   545387   154523   545759   154073   545939   153953   546263   153689   546569   153407   546719   153137   546893   153059   547097   152783   547229   152519   547577   152423   552707   341777   287933   675083    33569   372167   202403   698393    71333
    71327   698447   202343   372179    33479   675197   287873   547643   274019   426077   273773   426287   273653   426389   273269   426773   273113   427073   272927   427103   272759   427403   272567   427457   272477   427913   272039   427997   272003   428039   271829   428303   271637   428489   271367   428843   270923   429347   270593   429467   270509   432359   345329   152363   412133    24809   666527   327827   497663     1559   628679
   628757     1523   497729   327707   666647    24767   412157   152297   429563   339413   360749   339137   361013   338669   361433   338543   361637   338279   361769   338213   361799   338033   361979   337907   362147   337793   362309   337349   362693   337283   363017   336887   363149   336827   363317   336437   363767   336059   363977   335879   319049   393587   270443   547709   287849   675239    33359   372299   202277   698483    71249
    71129   698507   202049   372377    33149   675347   287813   547787   270407   364193   320303   379787   320153   379979   320009   380327   319673   380417   319547   380837   319127   380909   318683   381377   318473   381629   318347   381707   317969   382103   317777   382553   317363   382727   317159   382883   317087   383069   316907   385739   345473   335813   429599   152219   412193    24659   666857   327629   497957     1499   628877
   628937     1439   498053   327317   666983    24413   412457   152189   429677   335693   383147   244217   455849   243857   456167   243239   456809   242867   457277   242639   457403   242453   457559   242399   457697   242093   458027   241883   458189   241679   458363   241463   458663   241337   458747   241127   458957   241013   460157   347957   316859   364313   270329   547817   287549   675593    33023   372689   201953   698567    71069
    70997   698723   201797   372797    32993   675827   287387   547823   270323   364337   316853   459047   117269   582767   117119   582983   116993   583139   116639   583469   116483   583619   116279   583733   116009   584027   115853   584183   115757   584279   115613   584417   115343   584873   115127   584993   114689   586349   348077   240959   383153   335669   429683   152183   412619    24179   667013   327209   498209     1283   629009
   629339     1277   498557   327203   667019    24083   412949   152003   429719   335633   383303   240893   585413   229343   470783   229139   471137   228797   471299   228617   471467   228257   471803   228113   471929   227873   472469   227363   472799   227189   472847   227147   473453   226487   473579   226409   475427   346349   114593   459113   316703   364373   270287   548003   287057   675923    32987   372803   201449   698729    70667
    70589   698903   201359   373007    32579   675929   286973   548039   270209   364499   316577   459209   114419   473723   294479   405659   294317   405827   294149   405947   293603   406499   293459   406649   282383   417719   282167   417863   282059   417953   281933   418079   281849   418169   281807   280703   486797   226283   585587   240797   383429   335507   429797   151967   413033    24077   667427   326999   498647     1103   629417
   629567      953   498803   326663   667577    24029   413243   151937   430019   335123   383633   240623   585677   226217   418259   279857   420317   279413   420599   279329   420737   279203   420977   278903   421163   278609   421517   278363   421727   278063   422087   277757   422369   277547   423713   347813   281747   473789   114329   459383   316373   364883   269987   548069   286763   675977    32429   373343   201203   699053    70439
    70199   699059   200867   373349    32363   676217   286589   548123   269663   364997   316193   459749   114269   473999   281717   422759   208469   491627   208367   491669   208223   491789   208139   491969   207953   492059   207923   492377   207593   492563   207377   492719   197759   196739   654743   277247   418289   226007   585737   240257   383813   335009   430343   151883   413417    23789   667643   326657   499139      947   629807
   629843      929   499283   326147   667697    23753   413537   151817   430427   334877   383909   240203   585839   225989   418337   277217   502409    90599   609533    90407   609743    90227   609803    90197   609989    89849   610187    89597   610439    89387   610703    89273   647189   312929   197597   422789   281669   474017   114167   459803   316097   365129   269579   548189   286469   676253    32309   373859   200723   699077    70163
    70079   699119   200657   373943    32237   676259   286427   548363   269573   365213   316037   460073   114143   474029   281663   423053   197507   610817   191903   508223   191747   508349   191507   508559   191297   508817   191033   509027   190709   509393   190577   517877   341027    89189   502499   276953   418343   225977   585863   239933   383969   334793   430433   151643   413579    23747   667769   326063   499349      887   629927
   629939      809   499397   325943   667817    23669   413807   151607   430487   334637   384029   239879   585917   225809   418427   276833   502847    89087   509477   257987   442139   257687   442367   257519   442517   257273   442817   257177   443039   256889   251639   540989   190529   610919   197159   423173   281579   474197   114089   460127   315977   365369   269519   548399   286199   676337    32189   374063   200609   699197    70067
    70019   699287   200513   374117    32057   676373   285953   548453   269237   365513   315899   460373   113969   474437   281339   423179   197123   611069   190403   443129   255839   444347   255467   444623   255329   444767   255173   444869   255077   254699   539843   256877   509603    88937   502883   276827   418667   225569   586037   239633   384107   334493   430769   151553   414053    23633   667949   325889   499493      719   629987
   630107      683   499523   325883   668033    23537   414179   151517   430823   334379   384113   239597   586073   225527   418709   276707   502973    88817   509693   256757   445019   180749   519359   180623   519509   180419   520067   179903   526739   342659   254987   443249   190313   611189   197033   423299   281297   474479   113933   460409   315893   365627   269183   548489   285827   676469    31973   374123   200483   699323    69899
    69809   699437   200357   374333    31847   676589   285539   548753   269057   365759   315803   460463   113513   474497   281243   423413   197003   611207   190283   443363   254777   520193    65837   634307    65633   634397    65357   640127   344363   179813   445229   256643   509723    88799   503003   276593   418763   225509   586493   239543   384203   334247   430949   151253   414467    23417   668159   325673   499649      569   630197
   630353      563   499853   325607   668609    23357   414629   151169   431363   333929   384227   239417   586589   225503   418889   276503   503207    88793   509909   256517   445799   179693   634679   178187   521879   178103   530339   341507    65327   520313   254207   443489   190097   611213   196799   423503   281117   474503   113417   460589   315779   366077   268643   548837   285377   676649    31397   374399   200153   699443    69653
    69539   699449   200063   374687    31319   676679   285227   548843   268637   366227   315599   460619   113327   474659   280949   423557   196709   611459   189929   443837   254039   520349    65213   522113   249419   209837   590753   177893   634793   179657   445967   256169   510077    88547   503297   276449   419057   225347   586679   239387   384407   333779   431369   151163   414779    23327   668687   325319   499943      557   630467
   630689      479   499973   325217   668699    23279   414893   151049   431399   322613   384437   239333   586793   225299   419147   276389   503423    88523   510569   256133   446003   179579   634859   177167   691337   350003     8669   522839    65147   520427   254003   443873   189437   611483   196583   423617   280859   474707   113213   460673   315569   377393   268607   548957   285113   676727    31307   374789   200033   699527    69317
    69203   699557   199853   374819    31259   676919   284897   549503   268493   377543   315527   460709   113027   474779   280817   423749   196523   611543   189389   443987   253919   520433   636407   514049   109253   490169   450587   185957    63599   179573   446087   256019   510617    88463   503483   276257   419189   225227   586979   239297   384479   322463   431513   150503   415109    23087   668747   325187   500153      449   630803
   630863      389   500333   325019   668813    23063   415187   150497   431567   322319   384599   239087   587087   225167   419417   276137   503819    88169   510767   255977   446273   524057    57383   358499   178127   521903   169667   521819   642623   175949   253733   444029   189239   611837   196187   423869   280589   474839   112919   460919   315407   377687   268439   549509   284819   676943    31193   374987   199673   699617    69143
    68993   699767   199637   375029    31139   676967   284489   549533   268403   378023   315269   460937   112787   474857   280583   424007   196043   611927   189017   444089   446759   167627   355643    65699   634373    65609   634649    59879   634169   532379   253247   255917   510989    88079   503963   275999   419423   225149   587219   239069   384737   321983   431603   150473   415517    23039   668867   324977   500369      239   631013
   631187       59   500483   324893   669023    23027   415523   150383   431663   321413   384827   239027   587417   225089   419459   275987   504143    88037   511163   444293   441443   357347   180647   519383   180497   519587   179939   520103   173267   519257   258563   255713   188843   611969   195863   424019   280547   474917   112589   460979   315179   378593   268343   549623   284483   676979    30983   375113   199523   699947    68819
    68777   699953   199487   375233    30977   677147   284447   549683   268199   378683   314927   461147   112577   474983   280409   424037   195809   611999   517487   444953   160163   255659   444539   255383   444677   255239   444833   255137   444929   445307   444167   255053   182519    88007   504197   275969   419597   225023   587429   238859   385079   321323   431807   150323   415559    22859   669029   324773   500519       53   631229
   631307        5   500603   324647   669113    22697   415949   150299   431993   321227   385127   238709   587603   224969   419753   275837   504269    82619   171077   159017   257867   442319   257639   442487   257489   442733   257189   442829   256967   443117   448367   442019   528929   617387   195737   424169   280253   475037   112403   461297   314879   378779   268013   549707   284057   677309    30893   375359   199403   700001    68699
    68597   350039   199313   375413    30839   677387   283859   549719   267863   378929   314813   461333   112337   475109   280229   424223   505979   578309   358979   191783   508259   191657   508499   191447   508709   191189   508973   190979   509297   190613   509429   182129   508103   121697   194027   275783   419777   224897   587669   238673   385193   321077   432143   150287   416147    22619   669167   324593   500693   349967   631409
   631529   349919   500957   324557   669329    22367   416243   150239   432149   321053   385199   238499   587753   224717   420029   433673   486539   387077    90473   609599    90263   609779    90203   609809    90017   610157    89819   610409    89567   610619    89303   610733    52817   609407   213467   266333   279977   475289   112253   461507   314807   378953   267857   549767   283763   677639    30677   375449   199049   350087    68477
    68447   350093   198977   375509    30593   677657   283607   550139   267803   379163   314627   461609   112019   475403   422363   260753    45263   208379   491639   208337   491783   208217   491867   208037   492053   207947   492083   207629   492413   207443   492629   207287   502247   503267   491537   439253   277643   224603   587987   238397   385379   320843   432203   149867   416399    22349   669413   324497   501029   349913   631559
   631859   349793   501077   324473   669659    22193   416543   149837   432287   320699   385403   238313   588113   475697   400643   352193   279689   420593   279407   420677   279269   420803   279029   421103   278843   421397   278489   421643   278279   421943   277919   422249   277637   422459   276293   420149   299363   224309   111893   461693   314603   379307   267719   550169   283463   677813    30347   375533   198929   350213    68147
    67883   350219   198833   375569    30137   677927   283133   550289   267593   379319   314513   461843   588239   216617   213209   294347   405689   294179   405857   294059   406403   293507   406547   293357   417623   282287   417839   282143   417947   282053   418073   281927   418157   281837   418199   419303   405527   483389   111767   238163   385493   320687   432413   149717   416873    22079   669869   324437   501173   349787   632123
   632153   349553   501287   324299   669887    21929   417089   149627   432437   320609   385607   462773   105983   353657   229223   470867   228869   471209   228707   471389   228539   471749   228203   471893   228077   472133   227537   472643   227207   472817   227159   472859   226553   473519   226427   473597   224579   470663   594023   237233   314399   379397   267569   550379   282917   678077    30119   375707   198719   350453    67853
    67733   350663   198689   376049    30059   678203   282833   550427   267557   379667   385793   230357   351929   117239   582887   117023   583013   116867   583367   116537   583523   116387   583727   116273   583997   115979   584153   115823   584249   115727   584393   115589   584663   115133   584879   115013   585317   113657   582737   469649   314213   320339   432449   149579   417173    21803   669947   323957   501317   349343   632273
   632297   349043   501383   323879   670139    21599   417239   149399   432527   380189   305267   352049   244157   456149   243839   456767   243197   457139   242729   457367   242603   457553   242447   457607   242309   457913   241979   458123   241817   458327   241643   458543   241343   458669   241259   458879   241049   458993   239849   455789   394739   319817   267479   550607   282767   678407    29867   376127   198623   350963    67709
    67679   351179   198503   376307    29789   678437   282713   550757   264743   357809   354533   320219   379853   320027   379997   319679   380333   319589   380459   319169   380879   319097   381323   318629   381533   318377   381659   318299   382037   317903   382229   317453   382643   317279   382847   317123   382919   316937   383099   314267   379703   342197   435263   149249   417293    21569   670217   323699   501503   348827   632327
   632447   348527   501593   323537   670343    21407   417617   550973   425549   306419   339257   360869   338993   361337   338573   361463   338369   361727   338237   361793   338207   361973   338027   362099   337859   362213   337697   362657   337313   362723   336989   363119   336857   363179   336689   363569   336239   363947   336029   364127   380957   360593   274457   149033   282389   678599    29663   376469   198413   351479    67559
    67547   351563   198347   376757    29429   678659   418799   134033   354677   273929   426233   273719   426353   273617   426737   273233   426893   272933   427079   272903   427247   272603   427439   272549   427529   272093   427967   272009   428003   271967   428177   271703   428369   271517   428639   271163   429083   270659   429413   270539   429497   267647   425987   565973   281207    21347   670577   323249   501659   348443   632459
   632483   348419   501827   322877   670583   679067   266129   358229   157019   542999   156719   543299   156623   543539   156347   543887   155783   544259   155087   544937   155027   545063   154619   545483   154247   545933   154067   546053   153743   546317   153437   546599   153287   546869   153113   546947   152909   547223   152777   547487   152429   547583   147299   542873   433877    20939    29423   377129   198179   351587    67523
    67307   351599   197963   377147    28289    11933   356969   293123   406907   292517   407579   292367   407723   292223   407969   291869   408173   291743   408437   291509   408563   291293   408719   290999   409043   290669   409349   290627   409517   290189   409823   290039   410117   289763   410279   289319   410903   288839   411233   288527   411617   288227   412067   284429   406859   688073   671717   322859   502043   348407   632699
   632717   348353   502079   377297   658127   352949    29243   670853    29129   671189    28703   671357    28403   671729    28229   672059    27779   672317    27449   672767    27179   672863    26987   673157    26813   673223    26759   673313    26393   673619    26357   673667    26237   673817    25889   674159    25733   674363    25523   674537    25307   674759    25169   674879    24593   670673    41879   322709   197927   351653    67289
    66809   351797   502553   311747   356693    38393   661673    38327   661769    38183   662357    37529   662513    37313   662789    37139   662957    36857   663239    36599   663539    36353   663713    36269   663797    36137   664043    35897   664253    35603   664583    35393   664667    35327   664739    35159   665123    34739   665303    34499   665549    34403   665723    34259   665789    29387   661553   388259   197453   348209   633197
   633209   353459   482753   352907   333719   366293   333623   366467   333323   366983   332987   367277   332699   367559   332393   367733   332183   367889   331907   368117   331553   368729   331217   369023   330887   369353   330587   369647   330347   369959   329873   370217   329393   370619   329333   370883   328919   371177   328667   371387   328589   371627   328373   371663   328109   371939   327737   366269   217253   346547    66797
   635507   686969    58193   206993   493067   206897   493127   206813   493403   206543   493523   206399   493733   206153   493937   206039   493973   206027   494069   205913   494387   205487   494609   205319   494699   205223   494849   205133   494903   205019   495119   204857   495449   204443   495569   204377   495647   204299   495773   204107   495947   204047   495983   203999   496163   203663   496427   496949   492893    13037    64499
    51977   353567     5987   694079     5813   694223     5693   694349     5639   694487     5483   694619     5087   694997     5003   695069     4919   695117     4799   695327     4637   695777     4139   695873     4127   695927     4007   696077     3923   696239     3593   696617     3347   696887     2957   697079     2879   697217     2633   697397     2549   697583     2333   697733     2129   697937     2039   697979      467   693809   648029
   353819    78137   622073    77849   622493    77477   622637    77213   623003    76949   623327    76289   623723    75797   624233    75659   624467    75527   624599    75323   624737    75209   624839    75029   625103    74897   625133    74699   625319    74609   625409    74489   625643    74093   625979    73973   626063    73859   626159    73673   626363    73613   626477    73517   626627    73043   626987    72923   627383    71879   621833
