    81173   618929    80819   619967    79973   620099    79889   620159    79823   620237    79613   620579    79367   620657    79229   620813    78989   621029    78893   621227    78653   621527    78173   621869    77933   622157    77513   622529    77369   622793    77003   623057    76679   623717    76283   624209    75773   624347    75539   624479    75407   624683    75269   624797    75167   624977    74903   625109    74873   625643   346259
   625307     8009   692099     7757   692333     7607   692423     7547   692753     7079   692963     6917   693137     6857   693179     6689   693353     6569   693533     6329   693683     6317   693743     6197   694019     5927   694193     5783   694313     5657   694367     5519   694523     5387   694919     5009   695003     4937   695087     4889   695207     4679   695369     4229   695867     4133   695879     4079   697877   346223    74699
    74687   695999   208787   491333   208667   491417   208577   491537   208379   491639   208337   491783   208217   491867   208037   492053   207947   492083   207629   492413   207443   492629   207287   492893   206993   493067   206897   493127   206813   493403   206543   493523   206399   493733   206153   493937   206039   493973   206027   494069   205913   494387   205487   494609   205319   494699   205223   498647   344207     4007   625319
   625397     3929   494849   336437   363767   336059   363977   335879   364193   335693   364337   335633   364499   335123   364997   334877   365213   334637   365513   334379   365759   333929   366227   333737   366287   333713   366383   333539   366683   333023   367019   332729   367307   332447   367613   332273   367823   332117   368099   331889   368453   331277   368789   330983   369119   330653   329789   387263   205157   696077    74609
    74597   696083   205133   369419    40283   659843    39953   660119    39869   660167    39779   660347    39503   660563    39323   660887    39113   660899    39089   660983    38903   661139    38747   661439    38459   661553    38393   661673    38327   661769    38183   662357    37529   662513    37313   662789    37139   662957    36857   663239    36599   663539    36353   663713    36269   686639   325019   330587   494873     3923   625409
   625517     3767   494903   330359   663797    31397   668687    31307   668747    31193   668867    30983   669029    30893   669167    30677   669413    30347   669887    30059   670139    29789   670343    29429   670583    29387   670673    29243   670853    29129   671189    28703   671357    28403   671717    28277   671777    27947   672227    27689   672557    27239   672827    27143   673817   347033    36209   369647   205103   696239    74489
    74093   696413   205019   369659    36137   673019   296249   403877   296117   403979   295517   404693   295187   404969   294659   405497   294479   405659   294317   405827   294149   405947   293603   406499   293459   406649   293147   406883   293099   407489   292427   407639   292283   407783   292037   408137   291833   408263   291569   408497   291443   408713   291287   290963   465293    26987   663869   330347   494987     3593   625913
   625979     3389   495119   330047   664043    26849   409007   159233   540779   159017   541097   158657   541439   158537   541577   158393   541763   158189   542117   157823   542207   157769   542447   157523   542579   157259   542873   157019   542999   156719   543299   156623   543539   156347   543887   155783   544259   155087   544937   155027   545063   154619   547487   346139   290999   673157    35963   369959   204887   696617    74027
    73973   696659   204857   370133    35897   673193   290669   545483   275987   424037   275837   424223   275573   424547   275447   424667   275039   425003   274817   425297   274697   425423   274517   425549   274403   425783   274187   425903   274019   426077   273773   426287   273653   426389   273269   426773   273113   427073   272927   427103   272759   427997   347957   154523   409337    26813   664109   329873   495149     3347   626033
   626063     3119   495449   329393   664253    26783   409349   154247   427403   342497   357593   342347   357767   342197   358079   341777   358277   341507   358667   341303   358733   341027   359027   340937   359147   340649   359837   339839   360257   339413   360749   339137   361013   338669   361433   338543   361637   338279   361769   338213   321053   388727   272603   545759   290657   673223    35753   370613   204557   696887    73943
    73859   697049   204443   370619    35603   673247   290627   545933   272567   361799   323249   377129   322859   377297   322613   377543   322319   378023   321413   378683   321227   378929   320843   379307   320687   379397   320339   379703   320219   379853   320027   379997   319817   380327   319673   380417   319547   380837   319127   383429   345263   338207   427439   154073   409379    26759   664403   329387   495563     2957   626147
   626159     2927   495569   329333   664583    26693   409517   154067   427457   338033   380909   247193   453107   246809   453293   246689   453797   246173   454109   245759   454253   245627   454823   245087   454967   245033   455219   244667   455513   244403   455627   244217   455849   243857   456167   243239   456809   242867   241817   563117   319097   361973   272549   545939   290489   673313    35423   370673   204437   697079    73847
    73673   697127   204377   370883    35393   673613   290189   546053   272477   361979   319049   457277   119243   580919   118907   581333   118457   581597   118343   581729   118253   581843   117989   582167   117833   582209   117779   582509   117443   582677   117269   582767   117119   582983   116993   583139   116639   583523   348419   242729   380957   338027   427529   153953   409817    26393   664613   329123   495629     2879   626333
   626363     2789   495647   328919   664667    26387   409823   153743   427913   337907   381323   242639   583469   231893   468473   231479   468647   231323   468737   231107   468953   230969   469439   230393   469649   230213   470207   229763   470279   229703   470417   229553   470597   229343   470783   229139   472469   346547   116537   457367   318683   362099   272093   546263   290183   673619    35339   371087   204359   697217    73643
    73613   697373   204299   371177    35327   673649   290039   546317   272039   362147   318629   457403   116387   471137   297809   402299   297623   402503   297083   403037   296909   403163   296753   403499   285377   414779   285113   415109   284819   415517   284483   415559   284429   416147   283763   282917   481379   228869   583619   242603   381377   337859   427967   153689   409967    26357   664679   328829   495707     2633   626393
   626477     2609   495773   328667   664739    26339   410117   153437   428003   337793   381533   242453   583727   228797   416399   281717   418337   281663   418427   281297   418763   281207   418889   280949   419147   280817   419303   280589   419423   280547   419597   280253   419777   279977   420977   348407   283607   471209   116279   457553   318473   362213   272003   546569   289889   673667    35267   371339   204233   697397    73529
    73517   697457   204107   371387    35159   673769   289763   546599   271967   362309   318377   457559   116273   471299   283463   420149   210809   489407   210557   489479   210467   489659   210317   489743   210173   490019   209837   490367   209543   490859   209039   491129   200033   199403   649217   279857   416543   228707   583733   242447   381629   337697   428039   153407   410243    26237   664847   328619   495899     2549   626489
   626627     2423   495947   328589   665123    25889   410279   153287   428177   337349   381659   242399   583997   228617   416873   279689   500153    92753   607307    92669   607349    92489   607619    92237   608273    91703   608423    91577   608609    91373   608843    91019   609599   348209   199853   420317   283133   471389   116009   457607   318347   362657   271829   546719   289727   674117    34883   371417   204059   697583    73379
    73043   697673   204047   371627    34739   674159   289319   546869   271703   362693   318299   457697   115979   471467   282833   420593   199673   609143   194087   505949   194027   506147   193793   506327   193649   506537   193433   506843   193133   506963   193013   178487   677657    90863   500333   279413   417173   228539   584027   242309   381707   337313   428303   153137   410687    25847   665267   328379   495959     2333   626963
   626987     2273   495983   328373   665303    25733   410903   153113   428369   337283   382037   242093   584153   228257   417239   279407   500369    90833   507029   260807   439253   260717   439463   260339   439799   259967   440177   259823   440507   259157   440987   349043   192977   609173   199637   420599   282767   471749   115853   457913   317969   362723   271637   546893   289103   674273    34703   371633   204023   697733    73019
    72923   697937   203999   371663    34499   674363   288839   546947   271517   363017   317903   458027   115823   471803   282713   420677   199523   609359   192887   441029   257987   442319   257519   442517   257273   442829   256967   443117   256877   225569   567059   258977   507119    90647   500483   279329   417293   228203   584183   241979   382103   336989   428489   153059   411167    25643   665507   328343   496007     2069   627083
   627383     2039   496163   328109   665549    25523   411233   152909   428639   336887   382229   241883   584249   228113   417617   279269   500519    90599   507329   258827   443249   183047   517073   182927   517217   182639   517457   182537   519257   347873   256757   441179   192677   609407   199487   420737   282389   471893   115757   458123   317777   363119   271367   547097   288773   674483    34457   371897   203843   697967    72623
    72053   697979   203663   371939    34403   674537   288527   547223   271163   363149   317453   458327   115727   471929   282383   420803   199313   609533   192407   441263   256643   517487    67547   632483    67307   632717    66809   636809   346349   182519   443363   258743   507599    90473   500693   279203   417623   228077   584279   241679   382553   336857   428843   152783   411479    25469   665603   328067   496343     2027   627953
   628013     1823   496427   328007   665723    25307   411617   152777   429083   336827   382643   241643   584393   227873   417719   278903   500957    90263   507743   258563   443489   182453   633209   179903   520193   179693   520433   349793    66797   517553   256517   441443   192263   609743   199049   421103   282287   472133   115613   458363   317363   363179   270923   547229   288389   674699    34283   371999   203579   698183    71993
    71909   698273   203117   372023    34259   674759   288227   547577   270659   363317   317279   458543   115589   472643   282167   421163   198977   609779   192053   441479   256169   517589    66749   520349   251177   450899   347933   179657   633257   182417   443837   258527   507953    90227   501029   278843   417839   227363   584417   241463   382727   336689   429347   152429   411779    25247   665747   327983   496889     1733   628097
   628127     1709   496949   327869   665789    25169   412067   152423   429413   325217   382847   241343   584663   227207   417863   278609   501077    90203   508037   258449   443873   182387   633377   521363   446759   350003   253247   178643    66629   517619   256133   441557   191969   609803   198929   421397   282143   472799   115343   458663   317159   374789   270593   547583   287939   674837    34217   372137   203057   698297    71879
    71867   698339   202889   372167    33863   674879   287933   547643   270539   374819   317123   458669   115133   472817   282059   421517   198833   609809   191903   441563   256019   517877   635603   178187   352073   249107   448829   521819    64403   182129   443987   258443   508103    90197   501173   278489   417947   227189   584873   241337   382883   325187   429467   152363   412073    25127   666143   327839   497117     1667   628139
   628217     1619   497339   327827   666233    24977   412133   152297   429497   324977   382919   241259   584879   227159   417953   278363   501287    90017   508223   258437   444029   523877    59879   350213   179813   520313   179573   520103   640127   176129   255977   441569   191783   609989   198719   421643   282053   472847   115127   458747   317087   375029   270509   547709   287873   675029    33773   372179   202667   698387    71789
    71633   698393   202409   372269    33569   675083   287849   547787   270443   375113   316937   458879   115013   472859   281933   421727   198689   610157   191747   441887   238709   173177   353657    67523   632699    67289   633197    63197   632459   526829   461297   258119   508259    89849   501317   278279   418073   227147   584993   241127   383069   324893   429563   152219   412157    24923   666437   327737   497597     1613   628373
   628673     1559   497603   327707   666527    24809   412193   152189   429599   324773   383099   241049   585317   226553   418079   278063   501383    89819   508349   257639   676919   352133   182933   517079   182789   517367   182549   517469   180749   516959    23087   442367   191657   610187   198623   421943   281927   473453   114689   458957   316907   375233   270407   547817   287813   675197    33479   372299   202403   698447    71333
    71327   698483   202343   372377    33359   675239   287549   547823   270329   375359   316859   458993   114593   473519   281849   422087   198503   610409   508499   439133   132947   257687   442487   257489   442733   257177   443039   256889   443129   474437   442019   260873   191507    89597   501503   277919   418157   226487   585413   241013   383147   324647   429677   152183   412457    24767   666647   327629   497663     1523   628679
   628757     1499   497729   327317   666857    24659   412619   152003   429683   324593   383153   240959   585587   226427   418169   277757   501593   611069   517403   350963   260753   439289   260543   439667   260207   440039   259829   440183   259499   440849   259019   439199   182603    88937   198413   422249   281837   473579   114419   459047   316853   375413   270323   548003   287387   675347    33149   372689   202277   698507    71249
    71129   698567   202049   372797    33023   675413   287057   548039   270287   375449   316703   459113   114329   473597   281807   422363   502043    84509    22349   194057   505979   193859   506213   193679   506357   193469   506573   193163   506873   193043   506993   521519   505919   615497   197963   277643   418199   226409   585677   240893   383303   324557   429719   151967   412949    24593   666983   327209   497957     1439   628877
   628937     1283   498053   327203   667013    24413   413033   151937   429797   324497   383633   240797   585737   226283   418259   438419   485567   351797    92699   607337    92657   607517    92387   607769    91733   608303    91583   608429    91397   608633    91163   608987    90407   607253   214439   261587   281747   473723   114269   459209   316373   375509   270209   548069   286973   675593    32993   372803   201953   698723    71069
    70997   698729   201797   373007    32987   675827   286763   548123   269987   375533   316193   459383   114167   473789   418667   257189    50789   210599   489449   210527   489539   210347   489689   210263   489833   209987   490169   209639   490463   209147   490967   208877   499973   500603   489197   442817   281339   226217   585839   240623   383813   324473   430019   151883   413243    24179   667019   326999   498209     1277   629009
   629339     1103   498557   326663   667427    24083   413417   151817   430343   324437   383909   240257   585863   476639   397589   351599   281669   418343   281579   418709   281243   418799   281117   419057   280859   419189   280703   419417   280583   419459   280409   419753   280229   420029   279029   418289   302417   223367   114143   459749   316097   375569   269663   548189   286589   675923    32579   373343   201449   698903    70667
    70589   699053   201203   373349    32429   675929   286469   548363   269579   375707   316037   459803   595277   215939   218627   297707   402383   297503   402923   296969   403097   296843   403253   296507   414629   285227   414893   284897   415187   284489   415523   284447   415577   283859   416243   417089   402197   484067   104729   240203   383969   324299   430427   151643   413537    24077   667577   326657   498803      953   629417
   629567      947   499139   326147   667643    24029   413579   151607   430433   323957   384029   465419    98927   353459   231533   468527   231359   468683   231269   468899   231053   469037   230567   469613   230357   469793   229799   470243   229727   470303   229589   470453   229409   470663   229223   470867   227537   468113   601079   234587   315977   376049   269573   548399   286427   675977    32363   373859   200867   699059    70439
    70199   699077   200723   373943    32309   676217   286199   548453   269519   376127   386369   442139   351587   119087   581099   118673   581549   118409   581663   118277   581753   118163   582017   117839   582173   117797   582227   117497   582563   117329   582737   117239   582887   117023   583013   116867   583367   116483   580763   257867   313637   323879   430487   151553   413807    23789   667697   326063   499283      929   629807
   629843      887   499349   325943   667769    23753   414053   151517   430769   376307   302969   136889   246899   453197   246713   453317   246209   453833   245897   454247   245753   454379   245183   454919   245039   454973   244787   455339   244493   455603   244379   455789   244157   456149   243839   456767   243197   457139   458189   452813   397037   323699   269237   548489   285953   676253    32237   374063   200657   699119    70163
    70079   699197   200609   374117    32189   676259   285827   548753   433049   356969   354743   322877   377147   322709   377393   322463   377687   321983   378593   321323   378779   321077   379163   320699   379319   320609   379667   320303   379787   320153   379979   320009   380189   319679   380333   319589   380459   319169   380879   316577   376757   343037   266957   151253   414179    23747   667817   325889   499397      809   629927
   629939      719   499493   325883   667949    23669   414467   549533   259667   311279   342413   357659   342239   357809   341927   358229   341729   358499   341339   358703   341273   358979   340979   359069   340859   359357   340169   360167   339749   360593   339257   360869   338993   361337   338573   361463   338369   361727   338237   361793   378953   357509   440339   150473   285539   676337    32057   374123   200513   699287    70067
    70019   699323   200483   374333    31973   676373   284057   140123   352049   275969   424169   275783   424433   275459   424559   275339   424967   275003   425189   274709   425309   274583   425489   274457   425603   274223   425819   274103   425987   273929   426233   273719   426353   273617   426737   273233   426893   272933   427079   272903   427247   272009   424019   559883   415949    23633   668033   325673   499523      683   629987
   630107      569   499649   325607   668159   350453   523847   353867   159227   540989   158909   541349   158567   541469   158429   541613   158243   541817   157889   542183   157799   542237   157559   542483   157427   542747   157133   542987   157007   543287   156707   543383   156467   543659   156119   544223   155747   544919   155069   544979   154943   545387   152519   540773   176159   349553    31847   374399   200357   699437    69899
    69809   699443   200153   374687    30137   340709   234713   296129   403889   296027   404489   295313   404819   295037   405347   294509   405527   294347   405689   294179   405857   294059   406403   293507   406547   293357   406859   293123   406907   292517   407579   292367   407723   292223   407969   291869   408173   291743   408437   291509   408563   291293   408719   409043   403757   359297   669869   325319   499853      563   630197
   630353      557   499943   376469   638459   352973    31319   668699    31259   668813    31139   669023    30977   669113    30839   669329    30593   669659    30119   669947    29867   670217    29663   670577    29423   670619    29333   670763    29153   670877    28817   671303    28649   671603    28289   671729    28229   672059    27779   672317    27449   672767    27179   672863    26189   668609    61547   323537   200063   699449    69653
    69539   699527   502247   352949   374987    40163   660053    39887   660137    39839   660227    39659   660503    39443   660683    39119   660893    39107   660917    39023   661103    38867   661259    38567   661547    38453   661613    38333   661679    38237   661823    37649   662477    37493   662693    37217   662867    37049   663149    36767   663407    36467   663653    36293   663737    13367   659723   347057   197759      479   630467
   630689   349787   185957   312743   336239   363947   336029   364127   335813   364313   335669   364373   335507   364883   335009   365129   334793   365369   334493   365627   334247   366077   333779   366269   333719   366293   333623   366467   333323   366983   332987   367277   332699   367559   332393   367733   332183   367889   331907   368117   331553   368729   331217   369023   330887   369353   370217   363569   514049   350219    69317
   632123   340877   355799   208673   491339   208589   491429   208469   491627   208367   491669   208223   491789   208139   491969   207953   492059   207923   492377   207593   492563   207377   492719   207113   493013   206939   493109   206879   493193   206603   493463   206483   493607   206273   493853   206069   493967   206033   493979   205937   494093   205619   494519   205397   494687   205307   494783   201359   491219   359129    67883
    55163   353783     7907   692249     7673   692399     7583   692459     7253   692927     7043   693089     6869   693149     6827   693317     6653   693437     6473   693677     6323   693689     6263   693809     5987   694079     5813   694223     5693   694349     5639   694487     5483   694619     5087   694997     5003   695069     4919   695117     4799   695327     4637   695777     4139   695873     4127   695927     2129   691997   644843
   353747    81077   619187    80039   620033    79907   620117    79847   620183    79769   620393    79427   620639    79349   620777    79193   621017    78977   621113    78779   621353    78479   621833    78137   622073    77849   622493    77477   622637    77213   623003    76949   623327    76289   623723    75797   624233    75659   624467    75527   624599    75323   624737    75209   624839    75029   625103    74897   625133    74363   618833
