     8573   691463     8423   691637     8297   691763     8219   691919     8009   692099     7757   692333     7607   692423     7547   692753     7079   692963     6917   693137     6857   693179     6689   693353     6569   693533     6329   693683     6317   693743     6197   694019     5927   694193     5783   694313     5657   694367     5519   694523     5387   694919     5009   695003     4937   695087     4889   695207     4679   352949   690419
   695369   277757   422363   277637   422459   277247   422789   276953   423173   276827   423299   276593   423503   276449   423617   276293   423749   276137   424007   275987   424037   275837   424223   275573   424547   275447   424667   275039   425003   274817   425297   274697   425423   274517   425549   274403   425783   274187   425903   274019   426077   273773   426287   273653   426389   273269   426773   273113   427073   347933     4637
     4229   427079   129287   570743   129119   571019   128969   571133   128327   571847   128153   571973   127979   572093   127703   572357   127607   572423   127487   572633   127163   572867   127103   572927   127037   573179   126743   573647   126143   573899   125897   574289   125639   574619   125339   574703   125207   574913   124979   575087   124853   575213   124703   575429   124493   575573   124427   576119   347099   272927   695777
   695867   272903   575669   255383   444677   255239   444833   255137   444929   255053   445019   254777   445307   254207   445967   254003   446087   253733   446399   253349   446759   252899   447119   252869   447179   252323   448067   251639   448397   251177   448907   251003   449117   250853   449303   250673   449363   250343   449699   250199   449963   249923   450209   249779   450257   249593   247997   550427   124337   427103     4139
     4133   427247   124139   450473   316373   383813   316097   383969   315977   384107   315893   384203   315779   384407   315569   384479   315407   384737   315179   385079   314879   385193   314807   385379   314603   385493   314399   385739   314213   385817   314129   385943   313889   386153   313727   386369   313517   387017   312929   387227   312743   387269   312677   387623   312089   392669   342569   249533   575867   272759   695873
   695879   272603   576203   249503   387977   306947   393257   306533   393587   306377   393677   306209   393857   306029   394007   305933   394157   305783   394367   305597   394523   305477   394637   305363   394739   305219   395027   304937   395159   304763   395453   304349   396203   303767   396293   303683   396413   303497   396533   303377   396713   303287   396887   303053   399227   345227   312029   450503   123803   427403     4127
     4079   427439   123719   450557   311897   397037   213713   486407   213557   486539   213329   486797   213173   486977   212999   487133   212579   487637   212297   487889   211997   488057   211493   488573   211403   488633   211319   488723   211247   488909   210827   489197   210599   489449   210527   489539   210347   489689   210263   489833   209987   490169   209639   490463   348209   302969   388109   249449   576287   272567   695927
   695999   272549   576299   249419   388259   302747   490859    79823   620237    79613   620579    79367   620657    79229   620813    78989   621029    78893   621227    78653   621527    78173   621869    77933   622157    77513   622529    77369   622793    77003   623057    76679   623717    76283   624209    75773   624347    75539   624479    75407   624683    75269   626147   346547   209147   397259   311747   450587   123707   427457     4007
     3929   427529   123323   450677   311687   397283   209039   624797   197003   503207   196739   503297   196583   503483   196187   503963   195863   504197   195737   504479   195479   504563   195413   504599   195389   504677   195077   504953   195023   505073   194867   505187   194729   505283   194687   505523   194087   505949   194027   506147   193793   193163   661679    75209   490967   302723   388319   249329   576683   272477   696077
   696083   272093   577043   249287   388403   302579   491129    75167   506327   260873   439157   260807   439253   260717   439463   260339   439799   259967   440177   259823   440339   259499   440849   259019   441029   258827   441443   258527   441557   258443   441569   258119   442019   257867   442319   257639   442487   257489   442733   257189   443249   347513   193679   624839   208877   397427   311603   450719   122963   427913     3923
     3767   427967   122939   450899   311279   397433   208787   624977   193649   442829   241643   458663   241337   458747   241127   458957   240959   459113   240797   459383   240257   459803   239933   460127   239849   460373   239597   460463   239417   460619   239333   460709   239087   460937   239027   461147   238709   461333   238499   469439   340709   257177   506357    75029   491219   302573   388727   249107   577067   272039   696239
   696413   272009   577397   249089   388823   302513   491333    74903   506537   256967   461609   167483   532739   167249   532907   167087   533033   166703   533327   166643   533549   166259   533837   166043   533993   165947   534173   165533   534923   164987   535169   164477   535697   164279   535757   164147   535967   163859   540167   344153   238397   443039   193469   625103   208673   397493   311183   450917   122609   427997     3593
     3389   428003   122579   451097   310949   397547   208667   625109   193433   443117   238313   536273    43487   656603    43397   656687    43223   656939    43013   657017    42773   657269    42683   657473    42509   657539    42299   657779    42197   657827    42023   658079    41879   658247    41729   658319    41627   665267   342197   163733   461693   256889   506573    74897   491339   302459   389057   248909   577427   272003   696617
   696659   271967   577517   248903   389117   302417   491417    74873   506873   256877   461843   163307   658403   152429   547583   152363   547709   152219   547817   152183   548003   151967   548069   151883   548189   151643   548399   151553   548489   151253   548837   151163   548957   150503   549509   150473   552659   346223    41603   536699   238163   443129   193133   625133   208589   397589   310889   451103   122489   428039     3347
     3119   428177   122477   451397   310733   398063   208577   625307   193043   443363   237857   537413    41519   549623   215153   485063   214883   485417   214559   485543   214439   486053   213887   486179   206153   493937   206039   493973   206027   494069   205913   494387   205487   494609   205307   495119   347873   150383   658487   162593   462149   256643   506963    74699   491429   301943   389273   248609   577529   271829   696887
   697049   271703   577613   248483   389447   301877   491537    74687   506993   256517   462239   162419   658607   150323   494783   203663   496427   203117   496949   202889   497339   202409   497603   202343   497729   202049   498053   201797   498557   201359   498803   200867   499283   200657   200063   648107   205223   549683    41399   537587   237767   443489   193013   625319   208469   398129   310559   451523   122393   428303     2957
     2927   428369   122267   452159   310439   398213   208379   625397   192977   443837   237563   537743    41357   549707   205157   499397   131363   568709   131129   569189   130769   569417   130343   569747   130079   570047   129893   570413   129587   570467   129509   570509   129419   591089   328379   200609   494849   150299   658649   162263   462443   256169   507029    74609   491627   301793   389567   247847   577739   271637   697079
   697127   271517   577799   247613   389723   301703   491639    74597   507119   256133   462719   162257   658817   150287   494873   200513   570659    19979   680213    19709   680453    19373   680993    18959   681089    18869   681167    18749   681293    18587   681563    18329   686519   344207   129347   499493   205133   549719    41189   537749   237287   443873   192887   625409   208367   398303   310283   452393   122207   428489     2879
     2789   428639   122069   452453   310223   398357   208337   625517   192677   443987   237233   538049    40847   549767   205103   499523   118409   681719   113213   586979   112919   587219   112589   587429   112403   587669   112253   587987   111893   588173   111767   588509   349043    18287   581597   200483   494903   150239   659159   161957   462773   256019   507329    74489   491669   301649   389783   247553   577937   271367   697217
   697373   271163   577979   247409   389819   301583   491783    74363   507599   255977   462827   161879   659177   149867   494987   200357   581663    18233   588347   180419   520067   179903   520193   179693   520349   179579   520433   179357   520679   179243   522167   347957   111659   681773   118343   499649   205019   550139    40829   538127   237179   444029   192407   625643   208223   398423   310187   452597   122027   428843     2633
     2609   429083   121889   452813   310049   398543   208217   625913   192263   444089   237143   538199    40583   550169   204857   499853   118277   682049   111623   521153   178349   521879   178103   522113   177623   522623   177347   522737   177257   526739   345263   178853   588383    17957   581729   200153   495149   149837   659423   161807   462863   255917   507743    74093   491789   301463   389957   247193   578117   270923   697397
   697457   270659   578309   246899   390077   301247   491867    74027   507953   255839   462953   161639   659513   149717   495449   200033   581753    17747   588683   178697   522839   101363   598727   101207   599069   100853   599273   100703   610619   338213   177167   521309   111323   682259   118253   499973   204557   550289    40493   538367   237053   444167   192053   625979   208139   398759   309929   453107   121697   429347     2549
     2423   429413   121607   453197   309899   398933   208037   626033   191969   444293   236723   538553    40283   550379   204443   500153   118163   682277   111269   521363   176699   599513   349793   350219   349553   350663   348827   338993   361973   100493   523307   178643   588737    17729   581843   199853   495563   149627   659723   161453   463283   255713   508037    73973   491969   301073   390107   246809   578399   270593   697583
   697673   270539   578453   246713   390209   300869   492053    73943   508103   255659   463433   161309   659843   149399   495569   199673   582017    17669   588743   178613   523433   100469   351479    98123   601949    97973   603563   348407   348527   599537   176573   521393   111263   682337   117989   500333   204437   550607    40163   538697   236573   444347   191903   626063   207953   399137   309797   453293   121553   429467     2333
     2273   429497   121523   453317   309599   399149   207947   626159   191783   444539   236549   538739    39953   550757   204377   500369   117839   682427   111227   521447   176369   599603   348443   602039   172097   643199   234713    97967   351563   100403   523637   178559   588779    17579   582167   199637   495629   149249   660053   161267   463457   255467   508223    73847   492059   300857   390407   246689   578483   270509   697733
   697877   270443   578537   246209   390503   300809   492083    73673   508259   243197   463787   160997   660119   149069   495647   199523   582173    17333   588953   178487   523673   100343   351587   612137   412619   350003   287387    87869   348419   599663   176333   521519   111053   682673   117833   500483   204359   550937    39887   539009   236219   456809   191747   626333   207923   399197   309503   453797   121469   429563     2129
     2069   429599   121403   453833   309479   399263   207629   626363   191657   457139   236087   539039    39869   550973   204299   500519   117797   682679   111029   521537   176243   599693   346349    86117   465293    56807   527909   613889   353657   100313   523763   178469   588977    17327   582209   199487   495707   149033   660137   160967   463919   242867   508349    73643   492377   300743   390527   246173   578603   270407   697937
   697967   270329   578693   245897   390647   300317   492413    73613   508499   242729   464129   160877   660167   148913   495773   199403   582227    16703   589187   178439   523793   600167   364337   351599    98057   602033    96443   601883   335669    99839   176213   521567   110819   683303   117779   500603   204233   551093    39839   539129   235877   457277   191507   626393   207593   399689   309359   454109   121313   429677     2039
     2027   429683   121229   454247   309269   399887   207443   626477   191297   457367   235793   539267    39779   551339   204107   500693   117497   683357   110597   521603   525869    87083   338033   349787   350453   349343   351179   361013   350213   612923   174137   178403   589409    16649   582509   199313   495899   148667   660227   160739   464213   242639   508709    73529   492563   300119   390737   245759   578777   270323   697979
   698183   270287   578999   245753   390869   300023   492629    73517   508817   242603   464327   160697   660347   148517   495947   199049   582563    16553   589439   521819   168023   361793   101279   598799   100937   599153   100733   599303    89387   598643   531983   178187   110567   683453   117443   500957   204059   551489    39659   539309   235679   457403   191189   626489   207377   399983   309137   454253   121007   429719     1823
     1733   429797   120899   454379   308939   399989   207287   626627   191033   457553   235559   539507    39503   551549   204047   501029   117329   683477   589529   174413   354743   178127   521903   177893   522383   177383   522659   177269   522749   173267   521657   525593   110477    16529   582677   198977   495959   148457   660503   160499   464447   242453   508973    73379   492719   300017   391067   245627   579107   270209   698273
   698297   269987   579239   245183   391073   299807   492893    73043   509027   242447   464483   160373   660563   148193   495983   198929   582737    16223   107243   352049   179939   520103   179813   520313   179657   520427   179573   520649   179327   520763   177839   519587   592763   683783   117269   501077   204023   551813    39443   539633   235523   457559   190979   626963   207113   400199   308933   454823   120767   430019     1709
     1667   430343   120503   454919   308723   400307   206993   626987   190709   457607   235307   539639    39323   551927   203999   501173   583727   675827   350963   113027   587087   112787   587417   112577   587603   112337   587753   112019   588113   111833   588239   111497   586793    24179   116279   198833   496007   148079   660683   160367   464699   242399   509297    73019   493013   299699   391283   245087   579503   269663   698339
   698387   269579   579533   245039   391367   299447   493067    72923   509393   242309   464963   160343   660887   148073   496163   514013    92237   355799    19793   680297    19553   680633    19013   681047    18917   681137    18839   681257    18713   681419    18443   681677    13487   680027   607769   185993   203843   551933    39119   539663   235043   457697   190613   627083   206939   400559   308639   454967   120473   430427     1619
     1613   430433   120299   454973   308519   400643   206897   627383   190577   457913   235013   539687    39113   552029   501317   480299   371627   131297   568877   130817   569237   130589   569663   130259   569927   129959   570113   129593   570419   129539   570497   129497   570587   108917   568643   219707   198689   147977   660893   160319   464993   242093   509429    72623   493109   299363   391487   245033   579707   269573   698393
   698447   269519   579713   244787   391679   299147   493127    72053   509477   241979   464999   160169   660899   552809   185903    51899   203579   496889   203057   497117   202667   497597   202403   497663   202277   497957   201953   498209   201449   498647   201203   499139   200723   499349   499943   496343   514103   147197    39107   539837   235007   458027   190529   627953   206879   400859   308327   455219   120293   430487     1559
     1523   430769   120233   455339   308249   400943   206813   628013   190403   458123   234917   539843   662957   140477   352133   214943   485123   214589   485447   214463   485567   213953   486119   213827   493853   206069   493967   206033   493979   205937   494093   205619   494519   205397   494699   204887   484853   559529    37049   160163   465089   241883   509603    71993   493193   299063   391757   244667   579773   269237   698483
   698507   269183   580259   244493   391889   298937   493403    71909   509693   241817   465173   540377    26357   353783   152423   547643   152297   547787   152189   547823   152003   548039   151937   548123   151817   548363   151607   548453   151517   548753   151169   548843   151049   549503   150497   549533   147347   547577   673649   159629   234833   458189   190313   628097   206603   401069   308117   455513   119747   430823     1499
     1439   430949   119633   455603   307919   401417   206543   628127   190283   458327   466649   148157   357809    43403   656609    43319   656783    43067   656993    42989   657233    42737   657323    42533   657497    42467   657707    42227   657809    42179   657983    41927   658127    41759   658277    41687   658379    34739   656519   551849   233357   241679   509723    71879   493463   298589   392087   244403   580373   269057   698567
   698723   268643   580379   244379   392423   298049   493523    71867   509909   458993   218963   355853   167267   532757   167099   532919   166973   533303   166679   533363   166457   533747   166169   533963   166013   534059   165833   534473   165083   535019   164837   535529   164309   535727   164249   535859   164039   536147   159839   532523   481043   241013   190097   628139   206483   401957   307583   455627   119627   431363     1283
     1277   431369   119429   455789   307529   401993   206399   628217   511757   232607   359297   241343   458669   241259   458879   241049   459047   240893   459209   240623   459749   240203   460073   239879   460157   239633   460409   239543   460589   239387   460673   239297   460919   239069   460979   238859   461297   238673   461507   230567   458363   467399   188249    71789   493607   298013   392477   244217   580577   268637   698729
   698903   268607   580763   244157   392723   297953   493733   632459   494687   352493   260849   439199   260753   439289   260543   439667   260207   440039   259829   440183   259667   440507   259157   440987   258977   441179   258563   441479   258449   441563   258437   441887   257987   442139   257687   442367   257519   442517   257273   442817   256757   439133   205319    67547   206273   402053   307283   455849   119243   431399     1103
      953   431513   119087   456149   307169   402197   508559    57809    38327   196799   503267   196709   503423   196523   503819   196043   504143   195809   504269   195527   504527   195443   504593   195407   504617   195329   504929   195053   504983   194933   505139   194819   505277   194723   505319   194483   505919   194057   505979   193859   506213   506843   503003   642197   191447   297809   392837   243857   580919   268493   699053
   699059   268439   581099   243839   392927   404693   183569   353459    79769   620393    79427   620639    79349   620777    79193   621017    78977   621113    78779   621353    78479   621833    78137   622073    77849   622493    77477   622637    77213   623003    76949   623327    76289   623723    75797   624233    75659   624467    75527   624599    75323   624737    73859   620183   516437   295313   307079   456167   118907   431567      947
      929   431603   118673   456767   393299   284483   351797   213599   486449   213467   486677   213209   486833   213029   487007   212873   487427   212369   487709   212117   488009   211949   488513   211433   488603   211373   488687   211283   488759   211097   489179   210809   489407   210557   489479   210467   489659   210317   489743   210173   490019   209837   490367   209543   486293   415523   306707   243239   581333   268403   699077
   699119   268343   581549   241463   292517   354779   306749   393473   306419   393629   306329   393797   306149   393977   305999   394073   305849   394223   305639   394409   305483   394529   305369   394643   305267   394787   304979   395069   304847   395243   304553   395657   303803   396239   303713   396323   303593   396509   303473   396629   303293   396719   303119   396953   300779   393059   407489   458543   118457   431663      887
      809   431807   596027   649619   357437   316193   383909   316037   384029   315899   384113   315803   384227   315599   384437   315527   384599   315269   384827   314927   385127   314813   385199   314627   385403   314513   385607   314267   385793   314189   385877   314063   386117   313853   386279   313637   386489   312989   387077   312779   387263   312737   387329   312383   387917   307337   383633    50387   103979   268199   699197
   699287   432203    92957   149579   255329   444767   255173   444869   255077   444953   254987   445229   254699   445799   254039   446003   253919   446273   253607   446657   253247   447107   252887   447137   252827   447683   251939   448367   251609   448829   251099   449003   250889   449153   250703   449333   250643   449663   250307   449807   250043   450083   249797   450227   249749   450413   452009   444623   607049   267803      719
   699947   258743   352907   129263   570887   128987   571037   128873   571679   128159   571853   128033   572027   127913   572303   127649   572399   127583   572519   127373   572843   127139   572903   127079   572969   126827   573263   126359   573863   126107   574109   125717   574367   125387   574667   125303   574799   125093   575027   124919   575153   124793   575303   124577   575513   124433   575579   123887   570719   441263       59
   334637   352073   277643   422369   277547   422759   277217   423053   276833   423179   276707   423413   276503   423557   276389   423713   276257   423869   275999   424019   275969   424169   275783   424433   275459   424559   275339   424967   275003   425189   274709   425309   274583   425489   274457   425603   274223   425819   274103   425987   273929   426233   273719   426353   273617   426737   273233   426893   272933   422249   365369
     9587     8543   691583     8369   691709     8243   691787     8087   691997     7907   692249     7673   692399     7583   692459     7253   692927     7043   693089     6869   693149     6827   693317     6653   693437     6473   693677     6323   693689     6263   693809     5987   694079     5813   694223     5693   694349     5639   694487     5483   694619     5087   694997     5003   695069     4919   695117     4799   695327   347057   691433
