    88937   611189    88799   611213    88547   611483    88463   611837    88079   611969    88007   612137    87833   612263    87629   612383    87509   612713    87083   613013    86843   613169    86753   613427    86399   613637    86243   613889    85853   614177    85619   614483    85313   614759    84869   615269    84533   615497    84467   615557    84407   615617    84263   615767    84179   615869    83933   616103    83777   617843   346553
   616289    15083   684989    14897   685247    14669   685367    14369   685679    14033   686009    13967   686099    13829   686453    13487   686639    13337   686789    13163   686879    13109   686963    13037   687023    12923   687107    12689   687359    12569   687593    12323   687737    12239   687779    12197   687893    11939   688073    11909   688139    11789   688223    11369   688733    11243   688889    11027   692333   344957    83717
    83639   689033   219017   481043   218873   481157   218627   481589   217907   482213   217697   482387   217499   482597   217319   482753   217169   483389   216233   483827   215939   484079   215723   484607   215393   484727   215273   484853   214943   485123   214589   485447   214463   485567   213953   486119   213827   486293   213599   486449   213467   486677   213209   486833   213029   487007   212873   210317   624467    10973   616367
   616409    10739   487427   346259   353783   346187   353867   346043   354257   345689   354533   345329   354743   345227   355037   344543   355643   344327   355763   344207   355853   344039   356093   343787   356693   343073   356969   342899   357347   342653   357359   342569   357509   342413   357659   342239   357809   341927   358229   341729   358499   341339   358703   341273   358979   340979   340709   365369   212579   689267    83597
    83477   689393   212369   359069    49193   650987    48989   651239    48533   651509    48239   651809    47777   652493    47507   652667    47279   652913    46889   653153    46649   653363    46499   653777    46187   653903    45959   654053    45497   654593    45377   654743    45179   654923    44963   655229    44633   655649    44279   655757    44159   655883    43943   656153    43577   656993   347033   340937   487637    10613   616529
   616547    10313   487709   340877   656519    39779   660347    39503   660563    39323   660887    39113   660899    39089   660983    38903   661139    38747   661439    38459   661553    38393   661673    38327   661769    38183   662357    37529   662513    37313   662789    37139   662957    36857   663239    36599   663539    36353   663713    36269   663797    36137   664043    35897   678989   333023    43487   359129   212297   689693    83459
    83417   689867   212117   359147    43403   664253   305933   394157   305783   394367   305597   394523   305477   394637   305363   394739   305219   395027   304937   395159   304763   395453   304349   396203   303767   396293   303683   396413   303497   396533   303377   396713   303287   396887   303053   397037   302747   397283   302579   397433   302513   397547   302417   398933   346439    35753   656603   340859   487889    10139   616589
   616787    10133   488009   340649   656609    35603   398063   169457   530597   169313   530807   168863   531203   168743   531287   168143   531977   168023   532277   167633   532379   167483   532739   167249   532907   167087   533033   166703   533327   166643   533549   166259   533837   166043   533993   165947   534173   165533   534923   164987   535169   164477   554969   328379   301943   664403    43397   359357   211997   689873    83219
    83207   689903   211949   359837    43319   664583   301877   535697   284057   416147   283763   416399   283463   416873   282917   417173   282767   417293   282389   417623   282287   417839   282143   417947   282053   418073   281927   418157   281837   418199   281747   418289   281669   418427   281339   418709   281243   418799   281117   419057   280859   420977   346547   164309   398129    35423   656687   340169   488057    10103   616799
   616829     9887   488513   339839   656783    35393   398213   164279   419189     1523   698507     1439   698723     1277   698903      953   699059      929   699119      809   699287      683   699437      563   699449      479   699539      449   699617      239   699947       53   700001   349967   350087   349913   350213   349787   350453   349343   351479   347873   280817   535727   301793   664613    43223   360167   211493   690119    83177
    83063   690377   211433   360257    43067   664667   301703   535757   280703   350963   333623   366467   333323   367019   332699   367559   332393   367733   332183   367889   331907   368117   331553   368729   331217   369023   330887   369353   330587   369647   330347   369959   329873   370217   329393   370619   329333   370883   328919   309929   408713   349043   419303   164249   398303    35339   656939   339749   488573     9629   616943
   616997     9587   488603   339413   657017    35327   398357   164147   419417   348827   371177   256967   443117   256877   443249   256643   443489   256169   443873   256019   444029   255917   444167   255713   444347   255467   444623   255329   444767   255173   444869   255077   444953   254987   445229   254699   445799   254039   252887   541613   328829   351179   280589   535859   301649   664679    42989   360593   211403   690419    83009
    82757   690467   211373   360749    42773   664739   301583   535967   280583   351563   328667   446003   128159   571853   128033   572027   127913   572303   127649   572399   127583   572519   127373   572843   127139   572903   127079   572969   126827   573263   126359   573863   126107   574109   125717   574367   125387   602639   320699   254003   371339   348443   419423   164039   398423    35267   657233   339257   488633     9539   617249
   617387     9497   488687   339137   657269    35159   398543   163859   419459   348419   371387   253919   574667   241643   458543   241343   458669   241259   458879   241049   458993   240959   459113   240797   459383   240257   459803   239933   460127   239849   460373   239597   460463   239417   460619   239333   239087   570587   125339   446087   328619   351587   280547   536147   301463   664847    42737   360869   211319   690509    82619
    82559   690533   211283   361013    42683   665123   301247   536273   280409   351599   328589   446273   125303   460709   307169   392927   306947   393257   306707   393473   306419   393629   306329   393797   306149   393977   305999   403163   296753   403499   296249   403877   296117   403979   295517   293459   450677   239297   574703   253733   371417   348407   419597   163733   398759    34883   657323   338993   488723     9473   617447
   617537     9377   488759   338669   657473    34739   399137   163307   419753   348353   371633   253607   574799   239069   404693   292367   407723   292223   408137   291833   408263   291569   408563   291287   409007   290963   409337   290657   409379   290489   409817   290183   409967   289889   289763   468647   295313   460937   125207   446399   328373   351653   280253   536699   300869   665267    42533   361337   211247   690629    82469
    82349   690869   211097   361433    42509   665303   300857   537413   280229   351797   328343   446657   125093   460979   295187   410279   221603   478679   221219   478913   221069   479147   219983   480047   219839   480209   219707   480317   219677   480419   219503   480569   219293   204887   624977   289727   404819   239027   574913   253349   371663   348209   419777   162593   399149    34703   657497   338573   488909     9137   617657
   617699     8969   489179   338543   657539    34499   399197   162419   420029   348077   371897   253247   575027   238859   404969   289319   492053   102077   598007   101957   598127   101627   598643   101279   598799   100937   599153   100733   599303   100493   599537   100403   626363   322613   207953   410687   295037   461147   124979   446759   328109   351929   279977   537587   300809   665507    42467   361463   210827   691037    82307
    81953   691199   210809   361637    42299   665549   300779   537743   279857   352049   328067   447107   124919   461297   294659   410903   207947   599663   202889   497339   202409   497603   202343   497729   202049   498053   201797   498557   201359   498803   200867   527909   320339   100343   492059   289103   405347   238709   575087   252899   371939   347957   420149   162263   399227    34457   657707   338369   489197     8807   618053
   618257     8669   489407   338279   657779    34403   399263   162257   420317   347933   371999   252869   575153   238673   405497   288839   492083   100313   499283   269519   430769   269183   430949   268643   431369   268607   431513   268439   431603   268343   262853   518249   200723   599693   207923   411167   294509   461333   124853   447137   328007   352073   279689   537749   300743   665603    42227   361727   210599   691337    81749
    81737   691343   210557   361769    42197   665723   300317   538049   279413   352193   327983   447179   124793   461507   294479   411233   207629   600167   200657   431807   267557   432527   267419   432989   266957   433073   266927   433373   266333   260999   521879   268199   499349    99839   492377   288773   405527   238499   575213   252827   372023   347813   420593   161957   399689    34283   657809   338237   489449     8663   618269
   618329     8597   489479   338213   657827    34259   399887   161879   420599   347513   372137   252323   575303   238397   405659   288527   492413    99767   499397   268013   433847   192887   507329   192407   507743   192053   508037   191903   184649   673019   266159   431993   200609   600239   207593   411479   294347   461609   124703   447683   327869   352493   279407   538127   300119   665747    42179   361793   210527   691409    81677
    81629   691433   210467   361799    42023   665789   300023   538199   279329   352907   327839   448067   124577   461693   294317   411617   207443   600293   200513   432143   266129   508223    75527   624599    75323   624737    75209   382883   591743   191783   433877   267863   499493    99713   492563   288389   405689   238313   575429   251939   372167   347099   420677   161807   399983    34217   657983   338207   489539     8573   618377
   618437     8543   489659   338033   658079    33863   399989   161639   420737   347057   372179   251639   575513   238163   405827   288227   492629    99689   499523   267857   433889   191747   624839   189437   510617   189239   187409   673313    75167   508259   266117   432149   200483   600317   207377   411779   294179   461843   124493   448367   327827   352949   279269   538367   300017   666143    41927   361973   210347   691463    81569
    81299   691583   210263   361979    41879   666233   299807   538553   279203   353657   327737   448397   124433   462149   294149   412067   207287   600659   200357   432203   265757   508349    74903   510989   261773   193163   595073   189017   625103   191657   434249   267803   499649    99347   492719   287939   405857   237857   575573   251609   372269   346349   420803   161453   400199    33773   658127   338027   489743     8423   618707
   618833     8369   489833   337907   658247    33569   400307   161309   421103   335633   372299   251177   575579   237767   405947   287933   492893    99317   499853   267719   434267   191507   625109   513419   683303   350003    16703   186587    74897   508499   265739   432287   200153   600689   207113   412073   294059   462239   124427   448829   327707   364373   278903   538697   299699   666437    41759   362099   210173   691637    81173
    81077   691709   209987   362147    41729   666527   299447   538739   278843   364499   327629   448907   124337   462443   293603   412133   206993   600833   200063   432359   265709   508559   630197   509477   104933   506843   438233   190529    69809   191447   434297   267647   499943    99173   493013   287873   406403   237563   575669   251099   372377   335507   421163   161267   400559    33479   658277   337859   490019     8297   618929
   619187     8243   490169   337793   658319    33359   400643   160997   421397   335123   372689   251003   575867   237287   406499   287849   493067    99149   499973   267593   434303   508709   311183    26693   189389   510767   512597   510569   388823   191297   265703   432413   200033   600857   206939   412157   293507   462719   124139   449003   327317   364883   278609   539009   299363   666647    41687   362213   209837   691763    80819
    80039   691787   209639   362309    41627   666857   299147   539039   278489   364997   327209   449117   123887   462773   293357   412193   206897   600983   199853   432437   265619   513059   108263    75407   624683    75269   624797   317123   624479   186947   434387   267569   500153    99023   493109   287813   406649   237233   576119   250889   372797   335009   421517   160967   400859    33149   658379   337697   490367     8219   619967
   620033     8087   490463   337349   658403    33023   400943   160877   421643   334877   372803   250853   576203   237179   406859   287549   493127    98963   500333   264749   604829    26987   192677   507599   192263   507953   191969   508103   515357   507119    95177   435257   199673   601043   206879   412457   293147   462827   123803   449153   327203   365129   278363   539129   299063   666983    41603   362657   209543   691919    79973
    79907   691997   209147   362693    41519   667013   298937   539267   278279   365213   326663   449303   123719   462863   293123   412619   206813   601067   194867   601883   178127   267479   432587   267017   433049   266933   433079   266633   433673   439007   432449    98123   505139    98939   493193   287387   406883   237143   576287   250703   373343   334793   421727   160739   401069    32993   658487   337313   490859     8009   620099
   620117     7907   490967   337283   658607    32987   401417   160697   421943   334493   373349   250673   576299   237053   406907   287057   493403   602039   472817   181757   269237   430823   269057   431363   268637   431399   268493   431567   268403   431663   437153   430487   227189    97967   206603   412949   293099   462953   123707   449333   326657   365513   278063   539309   298589   667019    41399   362723   209039   692099    79889
    79847   692249   208877   363017    41357   667427   298049   539507   277919   365627   326147   449363   123323   463283   292517   413033   504599    67679   379667   202667   497597   202403   497663   202277   497957   201953   498209   201449   498647   201203   499139   172097   497117   632327   195407   286973   407489   236723   576683   250643   373859   334379   422087   160499   401957    32579   658649   336989   491129     7757   620159
   620183     7607   491219   336887   658817    32429   401993   160373   422249   334247   373943   250343   577043   236573   407579   284897   456149   377393   101999   598049   101879   598379   101363   598727   101207   599069   100853   599273   100703   599513   100469   599603    73643   597929   243857   415109   292427   463433   122963   449663   326063   365759   277757   539633   298013   667577    41189   363119   208787   692399    79823
    79769   692423   208673   363149    40847   667643   297953   539639   277643   366077   325943   449699   122939   463457   292037   530063    75029   221327   478787   221093   478937   220859   480023   219959   480167   219797   480299   219689   480329   219587   480503   219437   480713   495119   478403   169943   407969   236549   577067   250307   374063   333929   422363   160367   402053    32363   659159   336857   491333     7583   620237
   620393     7547   491339   336827   659177    32309   402197   160343   422369   333779   374117   250199   577397   235793   495707   231359   292283   407783   291869   408173   291743   408437   291443   408719   290999   409043   290669   409349   290627   409517   290189   409823   290039   410117   410243   407639   204299   464213   122609   449807   325889   366227   277637   539663   297809   667697    40829   363179   208667   692459    79613
    79427   692753   208589   363317    40583   667769   297707   539687   277547   366269   325883   449963   121523   681047   249329   307079   393059   306749   393299   306533   393587   306377   393677   306209   393857   306029   394007   296843   403253   296507   403757   296129   403889   296027   404489   406547   392837    18959   578483   250043   374123   333737   422459   160319   402299    32237   659423   336689   491417     7253   620579
   620639     7079   491429   336437   659513    32189   402383   160169   422759   333719   374333   450557   544919   129419   241463   458663   241337   458747   241127   458957   241013   459047   240893   459209   240623   459749   240203   460073   239879   460157   239633   460409   239543   460589   239387   460673   460919   458363   155087   249449   325673   366287   277247   539837   297623   667817    40493   363569   208577   692927    79367
    79349   692963   208469   363767    40283   667949   297503   539843   277217   366293   324497   436283   379307   128153   571973   127979   572093   127703   572357   127607   572423   127487   572633   127163   572867   127103   572927   127037   573179   126743   573647   126143   573899   125897   574289   125639   574619    97367   571847   263723   375509   333713   422789   160163   402503    32057   659723   336239   491537     7043   620657
   620777     6917   491627   336059   659843    31973   402923   159857   423053   367277   428039   158393   256889   443129   256757   443363   256517   443837   256133   443987   255977   444089   255839   444293   255659   444539   255383   444677   255239   444833   255137   444929   255053   445019   254777   445307   254207   445967   447119   443039   271967   332729   276953   540149   297083   668033    40163   363947   208379   693089    79229
    79193   693137   208367   363977    39953   668159   296969   540167   424223   675413   291293   333539   366683   332987   367307   332447   367613   332273   367823   332117   368099   331889   368453   331277   368789   330983   369119   330653   369419   330359   369659   330047   370133   329789   370613   329387   370673   329123   371087   390077   366383    24593   275783   159839   403037    31847   660053   336029   491639     6869   620813
   621017     6857   491669   335879   660119    31397   403097   158537   266687   352133     1499   698567     1283   698729     1103   699053      947   699077      887   699197      719   699323      569   699443      557   699527      467   699557      389   699767       59   699953        5   350039   349919   350093   349793   350219   349553   350663   348527   698483   433319   541469   296909   668609    39887   364127   208337   693149    78989
    78977   693179   208223   364193    39869   668687   408497   512543   353459   283859   416243   283607   416543   283133   417089   282833   417239   282713   417617   282383   417719   282167   417863   282059   417953   281933   418079   281849   418169   281807   418259   281717   418337   281579   418667   281297   418763   281207   418889   280949   419147   279029   415949   187463   291509    31319   660137   335813   491783     6827   621029
   621113     6689   491789   335693   660167    31259   281663   371627   169409   530693   169199   531143   168803   531263   168719   531863   168029   531983   167729   532373   167627   532523   167267   532757   167099   532919   166973   533303   166679   533363   166457   533747   166169   533963   166013   534059   165833   534473   165083   535019   164837   535529   145037   530549   418343   668747    39839   364313   208217   693317    78893
    78779   693353   208139   364337   671189   645629   353567   305849   394223   305639   394409   305483   394529   305369   394643   305267   394787   304979   395069   304847   395243   304553   395657   303803   396239   303713   396323   303593   396509   303473   396629   303293   396719   303119   396953   302969   397259   302723   397427   302573   397493   302459   397589   301073   394073    54377    28817   335669   491867     6653   621227
   621353     6569   491969   326999    18749   366983    39659   660503    39443   660683    39119   660893    39107   660917    39023   661103    38867   661259    38567   661547    38453   661613    38333   661679    38237   661823    37649   662477    37493   662693    37217   662867    37049   663149    36767   663407    36467   663653    36293   663737    36209   663869    35963   664109    21017   660227   681257   373007   208037   693437    78653
    78479   693533   494387   380879   352973    49019   651017    48767   651473    48497   651767    48197   652229    47513   652499    47339   652727    47093   653117    46853   653357    46643   653507    46229   653819    46103   654047    45953   654509    45413   654629    45263   654827    45083   655043    44777   655373    44357   655727    44249   655847    44123   656063    43853   656429    43013   650813   319127   205619     6473   621527
   621833     6323   471467   334637   346223   353819   346139   353963   345749   354317   345473   354677   345263   354779   344969   355463   344363   355679   344243   355799   344153   355967   343913   356219   343313   356933   343037   357107   342659   357353   342647   357437   342497   357593   342347   357767   342197   358079   341777   358277   341507   358667   341303   358733   341027   359027   359297   353747   228539   693683    78173
    77933   682427    75539   218963   481133   218849   481379   218417   482099   217793   482309   217619   482507   217409   482687   217253   482837   216617   483773   216179   484067   215927   484283   215399   484613   215279   484733   215153   485063   214883   485417   214559   485543   214439   486053   213887   486179   213713   486407   213557   486539   213329   486797   213173   486977   212999   487133   489689   480989    17579   622073
   610919   355049    15017   685109    14759   685337    14639   685637    14327   685973    13997   686039    13907   686177    13553   686519    13367   686669    13217   686843    13127   686897    13043   686969    12983   687083    12899   687317    12647   687437    12413   687683    12269   687767    12227   687809    12113   688067    11933   688097    11867   688217    11783   688637    11273   688763    11117   688979     7673   684923    89087
   353453    88817   611207    88793   611459    88523   611543    88169   611927    88037   611999    87869   612173    87743   612377    87623   612497    87293   612923    86993   613163    86837   613253    86579   613607    86369   613763    86117   614153    85829   614387    85523   614693    85247   615137    84737   615473    84509   615539    84449   615599    84389   615743    84239   615827    84137   616073    83903   616229    82163   611069
