    90407   609743    90227   609803    90197   609989    89849   610187    89597   610439    89387   610703    89273   610817    89087   611069    88817   611207    88793   611459    88523   611543    88169   611927    88037   611999    87869   612173    87743   612377    87623   612497    87293   612923    86993   613163    86837   613253    86579   613607    86369   613763    86117   614153    85829   614387    85523   614693    85247   619967   341927
   615137    16229   683783    16217   683819    16097   683933    16067   684119    15767   684269    15359   684773    15149   684869    15083   684989    14897   685247    14669   685367    14369   685679    14033   686009    13967   686099    13829   686453    13487   686639    13337   686789    13163   686879    13109   686963    13037   687023    12923   687107    12689   687359    12569   687593    12323   687737    12239   689693   346349    84869
    84737   687779   221069   479147   219983   480047   219839   480209   219707   480317   219677   480419   219503   480569   219293   480989   218963   481133   218849   481379   218417   482099   217793   482309   217619   482507   217409   482687   217253   482837   216617   483773   216179   484067   215927   484283   215399   484613   215279   484733   215153   485063   214883   485417   214559   485543   214439   486053   346139    12227   615269
   615473    12197   486119   348353   351797   348077   352049   347933   352133   347813   352493   347099   352949   347033   353453   346547   353567   346259   353783   346187   353963   345749   354317   345473   354677   345263   354779   344969   355049   344543   355643   344327   355763   344207   355853   344039   356093   343787   356693   343073   356969   342899   357347   342653   357359   342569   336437   368117   213887   687809    84533
    84509   687893   213827   357509    50723   649379    50549   649619    50363   649799    50177   649877    50069   650183    49529   650483    49463   650813    49019   651017    48767   651473    48497   651767    48197   652229    47513   652499    47339   652727    47093   653117    46853   653357    46643   653507    46229   653819    46103   654047    45953   654509    45413   654629    45263   664667   336857   342497   486179    12113   615497
   615539    11939   486293   342413   654827    41519   658649    41189   659159    40829   659423    40493   659723    40163   660053    39887   660137    39839   660227    39659   660503    39443   660683    39119   660893    39107   660917    39023   661103    38867   661259    38567   661547    38453   661613    38333   661679    38237   661823    37649   662477    37493   662693    37217   673649   336827    45179   357593   213713   688067    84467
    84449   688073   213599   357659    45083   662867   306947   393257   306707   393473   306419   393629   306329   393797   306149   393977   305999   394073   305849   394223   305639   394409   305483   394529   305369   394643   305267   394787   304979   395069   304847   395243   304553   395657   303803   396239   303713   396323   303593   396509   303473   396629   303293   302723   442517    37139   654923   342347   486407    11933   615557
   615599    11909   486449   342239   655043    37049   396719   170777   529637   169943   530087   169913   530183   169769   530297   169667   530513   169457   530597   169313   530807   168863   531203   168743   531287   168143   531977   168023   532277   167633   532379   167483   532739   167249   532907   167087   533033   166703   533327   166643   533549   166259   550427   331217   303287   662957    44963   357767   213557   688097    84407
    84389   688139   213467   357809    44777   663149   303119   533837   285539   414629   285227   414893   284897   415187   284489   415523   284447   415577   284057   416147   283763   416399   283463   416873   282917   417173   282767   417293   282389   417623   282287   417839   282143   417947   282053   418073   281927   418157   281837   418199   281747   271637   494987   166169   396887    36857   655229   342197   486539    11867   615617
   615743    11789   486677   341777   655373    36767   396953   166043   418289     2129   697937     2039   697979     1823   698273     1709   698339     1619   698393     1559   698483     1499   698567     1283   698729     1103   699053      947   699077      887   699197      719   699323      569   699443      557   699527      467   699557      389   377147   671777   281717   533963   303053   663239    44633   358229   213329   688217    84263
    84239   688223   213209   358277    44357   663407   302969   533993   281669   699767   334877   365213   334637   365513   334379   365759   333929   366227   333737   366287   333713   366383   333539   366683   333023   367019   332729   367307   332447   367613   332273   367823   332117   368099   331553   368729   330983   369119   330653   328007   389723      239   418337   166013   397037    36599   655649   341729   486797    11783   615767
   615827    11369   486833   341507   655727    36467   397259   165947   418343       59   369419   258527   441557   258443   441569   258119   442019   257867   442319   257639   442487   257273   442817   257177   443039   256889   443129   256757   443363   256517   443837   256133   443987   255977   444089   255839   444293   255659   251003   541763   330587   699947   281663   534059   302747   663539    44279   358499   213173   688637    84179
    84137   688733   213029   358667    44249   663653   302579   534173   281579   699953   330359   444539   129497   570587   129347   570719   129263   570887   128987   571037   128873   571679   128159   571853   128033   572027   127913   572303   127649   572399   127583   572519   127373   572843   127139   572903   127079   595547   325883   255467   369647       53   418427   165833   397427    36353   655757   341339   486977    11273   615869
   616073    11243   487007   341303   655847    36293   397433   165533   418667        5   369659   255383   572969   242729   457367   242603   457553   242447   457607   242309   457913   241979   458123   241817   458327   241643   458543   241343   458669   241259   458879   241049   458993   240959   459113   240797   225167   582887   127037   444623   330347   700001   281339   534473   302573   663713    44159   358703   212999   688763    83933
    83903   688889   212873   358733    44123   663737   302513   534923   281297   350039   330047   444677   126827   459383   308519   391679   308249   391889   307919   392423   307529   392669   307283   392837   307079   401417   298049   401993   297953   402197   297707   402383   297503   402923   296969   292427   450473   240623   573179   255329   369959   349967   418709   165083   397493    36269   655883   341273   487133    11117   616103
   616229    11027   487427   340979   656063    36209   397547   164987   418763   349919   370133   255239   573263   240257   403097   293603   406499   293459   406649   293147   406907   292367   407723   292223   407969   291869   408173   291743   408437   291509   408563   291293   408719   290999   288773   469439   296909   459749   126743   444767   329873   350087   281243   535019   302459   663797    43943   359027   212579   688979    83777
    83717   689033   212369   359069    43853   663869   302417   535169   281207   350093   329789   444833   126359   459803   296843   409043   222857   477293   222647   477677   222197   477857   222107   477947   222029   478157   221807   478259   221603   478679   221219   478913   208787   206813   633209   290963   403163   240203   573647   255173   370217   349913   418799   164837   397589    36137   656153   340937   487637    10973   616289
   616367    10739   487709   340877   656429    35963   398063   164477   418889   349793   370613   255137   573863   239933   403253   290669   491333   102797   597353   102587   597473   102407   597677   102317   597803   102107   597929   101999   598049   101879   598379   101363   621869   326063   208673   409337   296753   460073   126143   444869   329393   350213   281117   535529   301943   664043    43577   359129   212297   689267    83639
    83597   689393   212117   359147    43487   664109   301877   535697   280949   350219   329387   444929   126107   460127   296507   409349   208667   598727   204233   495899   204059   495959   204023   496007   203843   496343   203579   496889   203057   497117   202667   200867   645503   101279   491339   290657   403499   239879   573899   255077   370619   349787   419057   164309   398129    35897   656519   340859   487889    10613   616409
   616529    10139   488009   340709   656603    35753   398213   164279   419147   349343   370673   255053   574109   239849   403757   290627   491417   101207   497597   270509   429563   270407   429677   270323   429719   270209   430019   269663   430427   269573   269183   510767   202409   598799   208589   409379   296249   460157   125897   444953   329333   350663   280859   535727   301793   664253    43403   359297   211997   689867    83477
    83459   689873   211949   359357    43397   664403   301703   535757   280817   350963   329123   445019   125717   460373   296129   409517   208469   599069   202403   430487   268343   431807   268013   432143   267857   432203   267719   432359   267593   265703   516293   269519   497603   100937   491537   290489   403877   239633   574289   254987   370883   349043   419189   164249   398303    35603   656609   340649   488057    10133   616547
   616589    10103   488513   340169   656687    35423   398357   164147   419303   348827   371087   254777   574367   239597   403889   290189   491627   100853   497663   269237   432437   193793   506327   193649   506537   193433   506843   193133   186653   669659   267569   430769   202343   599153   208379   409817   296117   460409   125639   445229   328919   351179   280703   535859   301649   664583    43319   359837   211493   689903    83417
    83219   690119   211433   360167    43223   664613   301583   535967   280589   351479   328829   445307   125387   460463   296027   409823   208367   599273   202277   430949   267557   506963    77213   623003    76949   623327    76289   648803   324437   193043   432449   269057   497729   100733   491639   290183   403979   239543   574619   254699   371177   348527   419417   164039   398423    35393   656783   339839   488573     9887   616787
   616799     9629   488603   339749   656939    35327   398543   163859   419423   348443   371339   254207   574667   239417   404489   290039   491669   100703   497957   268643   432527   193013   623723   190979   509297   190613   190097   669029    76283   506993   267479   431363   202049   599303   208337   409967   295517   460589   125339   445799   328667   351563   280583   536147   301463   664679    43067   360257   211403   690377    83207
    83177   690419   211373   360593    43013   664739   301247   536273   280547   351587   328619   445967   125303   460619   295313   410117   208223   599513   201953   431369   267419   507029    75797   509429   263567   228869   557573   190577   624209   192977   432587   268637   498053   100493   491783   289889   404693   239387   574703   254039   371387   348419   419459   163733   398759    35267   656993   339413   488633     9587   616829
   616943     9539   488687   339257   657017    35159   398933   163307   419597   348407   371417   254003   574799   239333   404819   289763   491789   100469   498209   268607   432989   192887   624233   514013   644009   350003    55997   185993    75773   507119   267017   431399   201797   599537   208217   410243   295187   460673   125207   446003   328589   351599   280409   536699   301073   664847    42989   360749   211319   690467    83063
    83009   690509   211283   360869    42773   665123   300869   537413   280253   363017   328379   446087   125093   460709   295037   410279   208139   599603   201449   431513   266957   507329    70439   504617   142433   471137   436439   195389   629567   192677   433049   268493   498557   100403   491867   289727   404969   239297   574913   253919   371627   336989   419753   162593   399137    34883   657233   339137   488723     9497   616997
   617249     9473   488759   338993   657269    34739   399149   162419   419777   336887   371633   253733   575027   239087   405347   289319   491969   100343   498647   268439   433073   508973   603047    30977   190709   509393   509909   509027    96959   191033   266933   431567   201359   599663   208037   410687   294659   460919   124979   446273   328373   363119   280229   537587   300857   665267    42737   361013   211247   690533    82757
    82619   690629   211097   361337    42683   665303   300809   537743   279977   363317   328343   446399   124919   460937   294509   410903   207953   599693   201203   431603   264359   509693   375569    77003   623057    76679   623717    51203   622793   190313   435647   268403   498803   100313   492053   289103   405497   239069   575087   253607   371663   336689   420029   162263   399197    34703   657323   338669   488909     9377   617387
   617447     9137   489179   338573   657473    34499   399227   162257   420149   336239   371897   253349   575153   239027   405527   288839   492083    99839   499283   264827   600659    30347   193679   506357   193469   506573   193163   506873   513353   506213    99347   435179   200723   600167   207923   411167   294479   460979   124853   446657   328109   363767   279857   537749   300779   665507    42533   361433   210827   690869    82559
    82469   691037   210809   361463    42509   665549   300743   538049   279689   363947   328067   446759   124793   461147   294347   411479   207629   600239   551489   594617   183713   268199   431993   267863   432149   267803   432287   267647   432413   434303   431663   105389   148517    99767   492377   288527   405659   238859   575213   253247   371939   336059   420317   161957   399263    34457   657497   338543   489197     8969   617537
   617657     8807   489407   338369   657539    34403   399689   161879   420593   336029   372023   252899   575303   238709   405689   288389   492413   600857   441179   189239   270443   429599   270329   429683   270287   429797   269987   430343   269579   430433   430823   429497   258827    99149   207593   411617   294317   461297   124703   447107   327983   363977   279413   538127   300317   665603    42467   361637   210599   691199    82349
    82307   691337   210557   361727    42299   665723   300119   538199   279407   364127   327869   447119   124577   461333   294149   411779   499973    72923    54503   204107   495947   204047   495983   203999   496163   203663   496427   203117   496949   202889   497339   499139   495773   627083   200033   288227   405857   238673   575429   252887   372137   335879   420599   161807   399887    34283   657707   338279   489449     8669   617699
   617843     8663   489479   338237   657779    34259   399983   161639   420677   335813   372167   252869   575513   238499   405947   276137   468683   373943   102653   597419   102533   597599   102329   597689   102203   597899   102077   598007   101957   598127   101627   598643    78137   597209   231323   423869   294059   461507   124493   447137   327839   364193   279329   538367   300023   665747    42227   361769   210527   691343    82163
    81953   691409   210467   361793    42197   665789   300017   538553   279269   364313   327827   447179   124433   461609   407489   539633    66797   222713   477359   222329   477809   222149   477899   222059   477977   221849   478199   221747   478403   221327   478787   221093   491219   493193   477149   160373   292517   238397   575573   252827   372179   335693   420737   161453   399989    34217   657809   338213   489539     8597   618053
   618257     8573   489659   338207   657827    33863   400199   161309   420803   335669   372269   252323   575579   462719   379853   230567   293507   406547   293357   406859   293099   407639   292283   407783   292037   408137   291833   408263   291569   408497   291443   408713   291287   409007   411233   406403   320153   237287   124427   447683   327737   364337   279203   538697   299807   666143    42179   361799   210347   691433    81749
    81737   691463   210317   361973    42023   666233   299699   538739   279029   364373   327707   448067   577937   467297   249533   308327   391757   308117   392087   307583   392477   307337   392723   307169   392927   298589   401957   298013   402053   297809   402299   297623   402503   297083   403037   407579   391487   232709   122069   251939   372299   335633   420977   161267   400307    33773   657983   338033   489689     8543   618269
   618329     8423   489743   338027   658079    33569   400559   160997   421103   335507   372377   251177    94397   117119   242639   457403   242453   457559   242399   457697   242093   458027   241883   458189   241679   458363   241463   458663   241337   458747   241127   458957   241013   459047   240893   459209   474839   457277   605609   448829   327629   364499   278903   539009   299447   666437    41927   361979   210263   691583    81677
    81629   691637   210173   362099    41879   666527   299363   539039   278843   364883   326999   636287   374123   129419   570659   129287   570743   129119   571019   128969   571133   128327   571847   128153   571973   127979   572093   127703   572357   127607   572423   127487   572633   127163   572867   127103   572927   104459   570509    63719   373007   335123   421163   160967   400643    33479   658127   337907   489833     8369   618377
   618437     8297   490019   337859   658247    33359   400859   160877   421397   673247   406883   158243   258449   441563   258437   441887   257987   442139   257687   442367   257519   442733   257189   442829   256967   443117   256877   443249   256643   443489   256169   443873   256019   444029   255917   444167   255713   444347   449003   441479   293123    26759   278609   539129   299147   666647    41759   362147   209987   691709    81569
    81299   691763   209837   362213    41729   666857   299063   539267   276389   683477   310283   334793   365369   334493   365627   334247   366077   333779   366269   333719   366293   333623   366467   333323   366983   332987   367277   332699   367559   332393   367733   332183   367889   331907   368453   331277   369023   330887   369353   371999   365129    16529   423617   160739   400943    33149   658277   337793   490169     8243   618707
   618833     8219   490367   337697   658319    33023   401069   539309   563117    28229     2069   697967     2027   698183     1733   698297     1667   698387     1613   698447     1523   698507     1439   698723     1277   698903      953   699059      929   699119      809   699287      683   699437      563   699449      479   699539      449   699617   322859   697877   136889   160697   298937   666983    41687   362309   209639   691787    81173
    81077   691919   209543   362657    41627   667013   294179   134489   205019   285377   414779   285113   415109   284819   415517   284483   415559   284429   415949   283859   416243   283607   416543   283133   417089   282833   417239   282713   417617   282383   417719   282167   417863   282059   417953   281933   418079   281849   418169   281807   418259   428369   414467   565517   405827    32993   658379   337349   490463     8087   618929
   619187     8009   490859   337313   658403   673769   492059   368789   170369   530063   169919   530093   169823   530237   169709   530339   169493   530549   169409   530693   169199   531143   168803   531263   168719   531863   168029   531983   167729   532373   167627   532523   167267   532757   167099   532919   166973   533303   166679   533363   166457   533747   149579   529229   207947    26237    41603   362693   209147   691997    80819
    79973   692099   209039   362723   658607     6869   257489   306749   393299   306533   393587   306377   393677   306209   393857   306029   394007   305933   394157   305783   394367   305597   394523   305477   394637   305363   394739   305219   395027   304937   395159   304763   395453   304349   396203   303767   396293   303683   396413   303497   396533   303377   396713   397283   393059   693137    41399   337283   490967     7907   620033
   620099     7757   491129   335009    20879   363179    41357   658817    40847   659177    40583   659513    40283   659843    39953   660119    39869   660167    39779   660347    39503   660563    39323   660887    39113   660899    39089   660983    38903   661139    38747   661439    38459   661553    38393   661673    38327   661769    38183   662357    37529   662513    37313   662789    26357   658487   679127   364997   208877   692249    79907
    79889   692333   491429   374789   363149    50627   649457    50387   649643    50207   649829    50129   649937    49823   650477    49523   650543    49193   650987    48989   651239    48533   651509    48239   651809    47777   652493    47507   652667    47279   652913    46889   653153    46649   653363    46499   653777    46187   653903    45959   654053    45497   654593    45377   654743    35339   649283   325217   208577     7673   620117
   620159   349553   194483   331889   348209   351929   347957   352073   347873   352193   347513   352907   347057   352973   346553   353459   346439   353747   346223   353819   346043   354257   345689   354533   345329   354743   345227   355037   344957   355463   344363   355679   344243   355799   344153   355967   343913   356219   343313   356933   343037   357107   342659   357353   342647   357437   363569   351653   505523   350453    79847
   620183   341027   353867   220859   480023   219959   480167   219797   480299   219689   480329   219587   480503   219437   480713   219017   481043   218873   481157   218627   481589   217907   482213   217697   482387   217499   482597   217319   482753   217169   483389   216233   483827   215939   484079   215723   484607   215393   484727   215273   484853   214943   485123   214589   485447   214463   485567   213953   478937   358979    79823
    63647   353657    16223   683789    16187   683909    16073   683939    15887   684239    15737   684647    15233   684857    15137   684923    15017   685109    14759   685337    14639   685637    14327   685973    13997   686039    13907   686177    13553   686519    13367   686669    13217   686843    13127   686897    13043   686969    12983   687083    12899   687317    12647   687437    12413   687683    12269   687767    10313   683777   636359
   358079    90263   609779    90203   609809    90017   610157    89819   610409    89567   610619    89303   610733    89189   610919    88937   611189    88799   611213    88547   611483    88463   611837    88079   611969    88007   612137    87833   612263    87629   612383    87509   612713    87083   613013    86843   613169    86753   613427    86399   613637    86243   613889    85853   614177    85619   614483    85313   614759    80039   609599
