    93923   606113    93683   606443    93557   606503    93479   606587    93263   606959    92957   607157    92753   607307    92669   607349    92489   607619    92237   608273    91703   608423    91577   608609    91373   608843    91019   609143    90833   609359    90599   609533    90407   609743    90227   609803    90197   609989    89849   610187    89597   610439    89387   610703    89273   610817    89087   611069    88817   611969   346259
   611207    20147   679883    19979   680213    19709   680453    19373   680993    18959   681089    18869   681167    18749   681293    18587   681563    18329   681719    18233   682049    17747   682277    17669   682427    17333   682679    16703   683357    16553   683477    16493   683687    16229   683783    16217   683819    16097   683933    16067   684119    15767   684269    15359   684773    15149   684869    15083   686669   346187    88799
    88793   684989   224579   475583   224327   475697   224129   475973   223919   476183   223757   476369   223577   476477   223493   476603   223367   476753   223247   477149   222713   477359   222329   477809   222149   477899   222059   477977   221849   478199   221747   478403   221327   478787   221093   478937   220859   480023   219959   480167   219797   480299   219689   480329   219587   480503   219437   486797   340877    15017   611213
   611459    14897   480713     1103   699053      947   699077      887   699197      719   699323      569   699443      557   699527      467   699557      389   699767       59   699953        5   350039   349919   350093   349793   350219   349553   350663   349043   351179   348527   351563   348419   351599   348353   351797   348077   352049   347933   352133   347813   352493   347099   352949   347033   357509   693689   219293   685109    88547
    88523   685247   219017   353453    54167   646013    53939   646157    53813   646307    53609   646859    53117   646913    53069   647033    52967   647069    52889   647147    52817   647333    52553   647477    52517   647627    52313   647747    52253   647783    51977   648107    51767   648257    51713   648677    51287   648803    50849   649217    50723   649379    50549   649619    50363   660917   336437   346553   480989    14759   611483
   611543    14669   481043   346547   649799    44777   655373    44357   655727    44249   655847    44123   656063    43853   656519    43403   656609    43319   656783    43067   656993    42989   657233    42737   657323    42533   657497    42467   657707    42227   657809    42179   657983    41927   658127    41759   658277    41687   658379    41603   658487    41399   658649    41189   668687   338207    50207   353459   218963   685337    88463
    88169   685367   218873   353567    50177   659159   311687   388403   311279   388823   310949   389117   310733   389447   310439   389723   310223   389819   310049   390077   309899   390209   309599   390503   309479   390647   309269   390869   308939   391073   308723   391367   308519   391679   308249   391889   307919   392423   307529   392669   307283   392837   307079   305849   434849    40847   649829   346439   481133    14639   611837
   611927    14369   481157   346349   649877    40829   393059   175919   524507   175067   525017   174749   525353   174413   525599   174329   525809   174137   526037   173933   526139   173807   526223   173699   526649   173297   526733   173267   526829   172883   527129   172673   527399   172553   527489   172373   527699   172217   527909   171869   528299   171383   535697   341027   306947   659177    50129   353657   218849   685637    88079
    88007   685679   218627   353783    50069   659423   306749   528707   291293   408719   290999   409043   290669   409349   290627   409517   290189   409823   290039   410117   289763   410279   289319   410903   288839   411233   288527   411617   288227   412067   287933   412133   287849   412193   287549   412619   287057   413033   286763   413417   286469   274223   487709   171299   393257    40583   649937   346223   481379    14327   611999
   612137    14033   481589   346139   650183    40493   393299   171077   413579     5483   694619     5087   694997     5003   695069     4919   695117     4799   695327     4637   695777     4139   695873     4127   695927     4007   696077     3923   696239     3593   696617     3347   696887     2957   697079     2879   697373     2609   697457     2423   366269   679463   286427   528929   306707   659513    49823   353867   218417   685973    87869
    87833   686009   217907   353963    49529   659723   306533   529049   286199   697673   339257   360869   338993   361337   338573   361463   338369   361727   338237   361793   338033   361979   337907   362147   337793   362309   337349   362693   337283   363017   336887   363149   336827   363317   336239   363947   336029   364127   335813   333323   379307     2333   413807   170957   393473    40283   650477   346043   482099    13997   612173
   612263    13967   482213   345749   650483    40163   393587   170777   414053     2273   364313   263399   436739   262853   437273   262649   437363   262313   437753   262187   437867   261977   438047   261773   438419   261563   438989   260999   439133   260849   439199   260753   439289   260543   439667   260207   440039   259829   255053   533363   335693   697733   285953   529229   306419   659843    49523   354257   217793   686039    87743
    87629   686099   217697   354317    49463   660053   306377   529637   285827   697877   335669   440183   134489   565589   134369   565667   134219   565793   134087   565973   133949   566273   133439   566723   132953   567059   132863   567257   132623   567569   132347   567719   132059   568097   131639   568643   131297   601487   315899   259823   364337     2129   414179   170369   393629    39953   650543   345689   482309    13907   612377
   612383    13829   482387   345473   650813    39887   393677   169943   414467     2069   364373   259667   568877   249107   450917   248909   451103   248609   451523   247997   452159   247613   452453   247409   452813   246899   453197   246713   453317   246209   453833   245897   454247   245753   454379   245183   244493   559343   131129   440339   335633   697937   285539   530063   306329   660119    49193   354533   217619   686177    87623
    87509   686453   217499   354677    49019   660137   306209   530087   285377   697967   335507   440507   130817   454919   313727   386369   313517   387017   312929   387227   312743   387269   312677   387623   312089   387977   311897   388259   303293   396719   303119   396953   302969   397259   302723   301877   443837   245087   569189   259499   364499     2039   414629   169919   393797    39869   650987   345329   482507    13553   612497
   612713    13487   482597   345263   651017    39839   393857   169913   414779     2027   364883   259157   569237   245039   397427   300119   399983   300017   400307   299447   400643   299147   400943   298937   401417   298013   402053   297809   402299   297623   402503   297083   403037   296909   421727   330047   302579   454967   130769   440849   335123   697979   285227   530093   306149   660167    48989   354743   217409   686519    87293
    87083   686639   217319   354779    48767   660227   306029   530183   285113   698183   335009   440987   130589   454973   302573   403163   226427   473597   226283   473789   226007   474017   225977   474197   225569   474479   225509   474503   225347   474707   225227   474839   225149   224897   599537   296843   397433   245033   569417   259019   364997     1823   414893   169823   393977    39779   651239   345227   482687    13367   612923
   613013    13217   482753   344969   651473    39659   394007   169769   415109     1733   365129   258977   569663   244787   397493   296753   474917   108263   591827   107873   592139   107717   592307   107357   592727   107243   592973   106823   593387   106487   593573   106373   624683   318299   225089   403253   302513   455219   130343   441029   334877   698273   284897   530237   305999   660347    48533   355037   217253   686789    86993
    86843   686843   217169   355049    48497   660503   305933   530297   284819   698297   334793   441179   130259   455339   302459   403499   225023   593903   207629   492413   207443   492629   207287   492893   206993   493067   206897   493127   206813   493403   206543   514529   328379   106103   474983   296507   397547   244667   569747   258827   365213     1709   415187   169709   394073    39503   651509   344957   482837    13163   613163
   613169    13127   483389   344543   651767    39443   394223   169667   415517     1667   365369   258743   569927   244403   397589   296249   475037   106019   493523   274709   425309   274583   425489   274457   425603   274187   425903   274019   426077   273773   272927   503003   206483   593987   224969   403757   302417   455603   130079   441263   334637   698339   284489   530339   305783   660563    48239   355463   216617   686879    86837
    86753   686897   216233   355643    48197   660683   305639   530513   284483   698387   334493   441443   129959   455627   301943   403877   224717   593993   206399   426287   272603   427439   272549   427529   272093   427967   272009   428039   271829   266117   511859   273719   493607   106013   475289   296129   398063   244379   570047   258563   365513     1619   415523   169493   394367    39323   651809   344363   483773    13109   613253
   613427    13043   483827   344327   652229    39119   394409   169457   415559     1613   365627   258527   570113   244217   398213   296117   475403   105983   493733   273653   428303   198347   501827   197963   502079   197759   502409   197453   186587   665603   271703   426353   206273   594023   224603   403889   301793   455789   129893   441479   334379   698393   284447   530549   305597   660887    47777   355679   216179   686963    86579
    86399   686969   215939   355763    47513   660893   305483   530597   284429   698447   334247   441557   129593   455849   301703   403979   212999   594107   206153   426389   271637   502847    82757   617387    82559   617537    82349   639563   327869   197159   428369   273617   493853   105899   487007   296027   398303   244157   570413   258449   365759     1559   415577   169409   394523    39113   652493   344243   484067    13037   613607
   613637    12983   484079   344207   652499    39107   394529   169313   415949     1523   366077   258443   570419   243857   398357   295517   487133   105557   493937   273269   428489   197123   617699   195389   504677   195077   183683   671189    82307   502883   271517   426737   206069   594449   212873   404489   301649   456149   129587   441563   333929   698483   284057   530693   305477   660899    47507   355799   215927   687023    86369
    86243   687083   215723   355853    47339   660983   305369   530807   283859   698507   333779   441569   129539   456167   301583   404693   212369   594569   206039   426773   271367   502973    82163   504953   267647   239879   542483   195053   617843   197033   428639   273233   493967   105437   487637   295313   398423   243839   570467   258437   366227     1499   416147   169199   394637    39023   652667   344153   484283    12923   613763
   613889    12899   484607   344039   652727    38903   394643   168863   416243     1439   366287   258119   570497   243239   398543   295187   487889   105389   493973   273113   428843   196799   618053   504983   624839   350003    75167   195023    81953   503207   271163   426893   206033   594617   212117   404819   301463   456767   129509   441887   333719   698567   283763   531143   305363   661103    47279   355967   215399   687107    86117
    85853   687317   215393   356093    47093   661139   305267   531203   283607   698723   333713   442019   129497   456809   301247   404969   211997   594899   206027   427073   270923   503267    79613   515873   157523   460127   432359   184133   620393   196739   429083   272933   493979   105107   488009   295037   398759   243197   570509   257987   366293     1283   416399   168803   394739    38867   652913   343913   484613    12689   614153
   614177    12647   484727   343787   653117    38747   394787   168743   416543     1277   366383   257867   570587   242867   398933   294659   488057   104933   494069   272903   429347   505919   597599    28817   195329   504929   516323   504617   102407   194087   270659   427103   205937   595073   211949   405347   301073   457139   129419   442139   333623   698729   283463   531263   305219   661259    46889   356219   215279   687359    85829
    85619   687437   215273   356693    46853   661439   304979   531287   283133   358703   333539   442319   129347   457277   300869   405497   211493   595157   205913   427247   269237   508349   372137    82619   617447    82469   617657    60443   617249   191657   430769   272759   494093   104849   488513   294509   399137   242729   570659   257687   366467   341303   416873   168719   395027    38567   653153   343313   484733    12569   614387
   614483    12413   484853   343073   653357    38459   395069   168143   417089   341273   366983   257639   570719   242639   399149   294479   488573   104759   494387   428003   591137    34403   198179   502043   197927   502247   197597   502553   513419   501659   108869   272003   205619   595247   211433   405527   300857   457367   129287   442367   333023   358733   282917   531863   304937   661547    46649   356933   215153   687593    85523
    85313   687683   214943   356969    46643   661553   304847   531977   282833   359027   332987   442487   129263   457403   300809   405659   211403   595277   204887   423617   188147   272567   427457   272477   427913   272039   427997   271967   428177   433889   427403   276389   495119   104729   488603   294347   399197   242603   570743   257519   367019   340979   417173   168029   395159    38453   653363   343037   485063    12323   614693
   614759    12269   485123   342899   653507    38393   395243   168023   417239   340937   367277   257489   570887   242453   399227   294317   488633   597803   471749   197003   274697   425423   274517   425549   274403   425819   274103   425987   273929   426233   427079   425297   228257   102203   211373   405689   300779   457553   129119   442517   332729   359069   282767   531983   304763   661613    46499   357107   214883   687737    85247
    84869   687767   214589   357347    46229   661673   304553   532277   282713   359147   332699   442733   128987   457559   300743   405827   502499    67733   371627   207593   492563   207377   492719   207113   493013   206939   493109   206879   493193   206603   493463   185477   492377   632273   197507   294179   399263   242447   571019   257273   367307   340859   417293   167729   395453    38333   653777   342659   485417    12239   615137
   615269    12227   485447   342653   653819    38327   395657   167633   417617   340709   367559   257189   571037   242399   399689   293507   445019   381707   108179   592133   107867   592289   107699   592649   107279   592763   107033   593183   106619   593519   106433   593633    75323   591743   254987   406499   300317   457607   128969   442817   332447   359297   282389   532373   304349   661679    46187   357353   214559   687779    84737
    84533   687809   214463   357359    46103   661769   303803   532379   282383   359357   332393   442829   128873   457697   401957   382037   100469   226409   473723   226217   473999   225989   474029   225809   474437   225527   474497   225503   474659   225299   474779   225167   474857   475109   473579   317969   298049   242309   571133   257177   367613   340649   417623   167627   396203    38237   653903   342647   485543    12197   615473
   615497    12113   485567   342569   654047    38183   396239   167483   417719   340169   367733   256967   571679   458027   379667   369959   300023   399989   299699   400559   299363   400859   299063   401069   298589   401993   297953   402197   297707   402383   297503   402923   296969   403097   278279   399887   320339   241979   128327   443039   332273   359837   282287   532523   303767   661823    45959   357437   214439   687893    84509
    84467   688067   213953   357593    45953   662357   303713   532739   282167   360167   332183   443117   127373   446759   256169   313637   386489   312989   387077   312779   387263   312737   387329   312383   387917   312029   388109   311747   396713   303287   396887   303053   397037   302747   397283   398129   386279   253247   572633   256889   367823   339839   417839   167267   396293    37649   654053   342413   486053    11939   615539
   615557    11933   486119   342347   654509    37529   396323   167249   417863   339749   367889   443873   533747   140663   249089   451097   248903   451397   248483   452009   247847   452393   247553   452597   247193   453107   246809   453293   246689   453797   246173   454109   245759   454253   245627   454823   455513   450899   166259   256133   332117   360257   282143   532757   303683   662477    45497   357659   213887   688073    84449
    84407   688097   213827   357767    45413   662513   303593   532907   282059   360593   314807   434459   384107   134417   565637   134339   565787   134213   565919   134033   566057   133733   566567   133283   567053   132947   567143   132749   567383   132437   567659   132287   567947   131909   568367   131363   568709    98519   565517   265547   385199   339413   417947   167099   396413    37493   654593   342239   486179    11909   615599
   615617    11867   486293   342197   654629    37313   396509   167087   417953   670877   408437   166643   263267   437153   262733   437357   262643   437693   262253   437819   262139   438029   261959   438233   261587   438443   261017   439007   260873   439157   260807   439253   260717   439463   260339   439799   259967   440177   444953   436607   291569    29129   282053   532919   303497   662693    45377   357809   213713   688139    84389
    84263   688217   213599   358079    45263   662789   303473   533033   281837   693683   320699   339137   361013   338669   361433   338543   361637   338279   361769   338213   361973   338027   362099   337859   362213   337697   362657   337313   362723   336989   363119   336857   363179   336689   363767   336059   363977   335879   364193   366683   360749     6323   418169   166973   396533    37217   654743   341927   486407    11789   615743
   615767    11783   486449   341777   654827    37139   396629   535727   548399    20543     5387   694919     5009   695003     4937   695087     4889   695207     4679   695369     4229   695867     4133   695879     4079   695999     3929   696083     3767   696413     3389   696659     3119   697049     2927   697127     2633   697397     2549   697583   333737   694523   151607   164279   303377   662867    45179   358229   213557   688223    84239
    84179   688637   213467   358277    45083   662957   400199   148667   212297   291287   409007   290963   409337   290657   409379   290489   409817   290183   409967   289889   410243   289727   410687   289103   411167   288773   411479   288389   411779   287939   412073   287873   412157   287813   412457   287387   412949   286973   413243   286589   413537   425783   408713   551339   299807    37049   654923   341729   486539    11369   615827
   615869    11273   486677   341507   655043    36599   378779   358979   175499   524939   174989   525257   174653   525593   174407   525677   174197   525869   173969   526073   173867   526199   173783   526307   173357   526709   173273   526739   173177   527123   172877   527333   172607   527453   172517   527633   172307   527789   172097   528137   171707   528623   164309   524087   321227   663407    44963   358499   213329   688733    84137
    83933   688763   213173   358667   656429   645443   265157   311603   388727   311183   389057   310889   389273   310559   389567   310283   389783   310187   389957   309929   390107   309797   390407   309503   390527   309359   390737   309137   391067   308933   391283   308639   391487   308327   391757   308117   392087   307583   392477   307337   392723   307169   392927   394157   388319    54563    43577   341339   486833    11243   616073
   616103    11117   486977   689393    23039   361799    44633   655649    44279   655757    44159   655883    43943   656153    43487   656603    43397   656687    43223   656939    43013   657017    42773   657269    42683   657473    42509   657539    42299   657779    42197   657827    42023   658079    41879   658247    41729   658319    41627   658403    41519   658607    41357   658817    31319   655229   676967    10613   213029   688889    83903
    83777   688979   487427   697217   363569    53993   646067    53849   646193    53699   646397    53147   646889    53093   646937    52973   647039    52937   647117    52859   647189    52673   647453    52529   647489    52379   647693    52259   647753    52223   648029    51899   648239    51749   648293    51329   648719    51203   649157    50789   649283    50627   649457    50387   649643    39089   645839     2789   212579    11027   616229
   616289    10313   195737     6317      953   699059      929   699119      809   699287      683   699437      563   699449      479   699539      449   699617      239   699947       53   700001   349967   350087   349913   350213   349787   350453   349343   350963   348827   351479   348443   351587   348407   351653   348209   351929   347957   352073   347873   352193   347513   352907   347057   352973   342497   698903   504269   689693    83717
   616409   678659   359129   224423   475679   224309   475877   224033   476087   223823   476249   223637   476429   223529   476513   223403   476639   223253   476759   222857   477293   222647   477677   222197   477857   222107   477947   222029   478157   221807   478259   221603   478679   221219   478913   221069   479147   219983   480047   219839   480209   219707   480317   219677   480419   219503   480569   213209   475427    21347    83597
    72923   353819    20123   680027    19793   680297    19553   680633    19013   681047    18917   681137    18839   681257    18713   681419    18443   681677    18287   681773    17957   682259    17729   682337    17579   682673    17327   683303    16649   683453    16529   683513    16319   683777    16223   683789    16187   683909    16073   683939    15887   684239    15737   684647    15233   684857    15137   684923    13337   679859   627083
   353747    93893   606323    93563   606449    93503   606527    93419   606743    93047   607049    92849   607253    92699   607337    92657   607517    92387   607769    91733   608303    91583   608429    91397   608633    91163   608987    90863   609173    90647   609407    90473   609599    90263   609779    90203   609809    90017   610157    89819   610409    89567   610619    89303   610733    89189   610919    88937   611189    88037   606083
