    94463   605573    94397   605837    93923   606113    93683   606443    93557   606503    93479   606587    93263   606959    92957   607157    92753   607307    92669   607349    92489   607619    92237   608273    91703   608423    91577   608609    91373   608843    91019   609143    90833   609359    90599   609533    90407   609743    90227   609803    90197   609989    89849   610187    89597   610439    89387   610703    89273   611999   345749
   610817    20543   679607    20297   679823    20177   679859    20123   680027    19793   680297    19553   680633    19013   681047    18917   681137    18839   681257    18713   681419    18443   681677    18287   681773    17957   682259    17729   682337    17579   682673    17327   683303    16649   683453    16529   683513    16319   683777    16223   683789    16187   683909    16073   683939    15887   684239    15737   685247   346259    89189
    89087   684647   225023   475037   224897   475289   224603   475427   224423   475679   224309   475877   224033   476087   223823   476249   223637   476429   223529   476513   223403   476639   223253   476759   222857   477293   222647   477677   222197   477857   222107   477947   222029   478157   221807   478259   221603   478679   221219   478913   221069   479147   219983   480047   219839   480209   219707   210527   617447    15359   610919
   611069    15233   480317     1523   698507     1439   698723     1277   698903      953   699059      929   699119      809   699287      683   699437      563   699449      479   699539      449   699617      239   699947       53   700001   349967   350087   349913   350213   349787   350453   349343   350963   348827   351479   348443   351587   348407   351653   348209   351929   347957   352073   347873   359129   340859   219689   684773    88937
    88817   684857   219677   352193    54323   645713    54269   645839    53993   646067    53849   646193    53699   646397    53147   646889    53093   646937    52973   647039    52937   647117    52859   647189    52673   647453    52529   647489    52379   647693    52259   647753    52223   648029    51899   648239    51749   648293    51329   648719    51203   649157    50789   649283    50627   660983   336857   347813   480329    15149   611189
   611207    15137   480419   347513   649457    45179   654923    44963   655373    44357   655727    44249   655847    44123   656063    43853   656429    43487   656603    43397   656687    43223   656939    43013   657017    42773   657269    42683   657473    42509   657539    42299   657779    42197   657827    42023   658079    41879   658247    41729   658319    41627   658403    41519   665789   340709    50549   352493   219587   684869    88799
    88793   684923   219503   352907    50387   658607   312089   387977   311897   388259   311687   388403   311279   388823   310949   389117   310733   389447   310439   389723   310223   389819   310049   390077   309899   390209   309599   390503   309479   390647   309269   390869   308939   391073   308723   391367   308519   391679   308249   391889   307919   392423   307529   296507   443837    41399   649619   347099   480503    15083   611213
   611459    15017   480569   347057   649643    41357   392669   176213   523847   176129   524057   175919   524507   175067   525017   174749   525353   174413   525599   174329   525809   174137   526037   173933   526139   173807   526223   173699   526649   173297   526733   173267   526829   172883   527129   172673   527399   172553   527489   172373   527699   172217   540269   335669   307337   658649    50363   352949   219437   684989    88547
    88523   685109   219293   352973    50207   658817   307283   527909   291833   408263   291569   408497   291443   408713   291287   409007   290963   409337   290657   409379   290489   409817   290183   409967   289889   410243   289727   410687   289103   411167   288773   411479   288389   411779   287939   412073   287873   412157   287813   412457   287387   417839   341927   172097   392723    41189   649799   347033   480713    14897   611483
   611543    14669   480989   346553   649829    40847   392837   171869   412949     5813   694223     5693   694349     5639   694487     5483   694619     5087   694997     5003   695069     4919   695117     4799   695327     4637   695777     4139   695873     4127   695927     4007   696077     3923   696239     3593   696617     3347   696887     2957   369419   675929   287057   528137   307169   659159    50177   353453   219017   685337    88463
    88169   685367   218963   353459    50129   659177   307079   528299   286973   697079   340649   359837   339839   360257   339413   360749   339137   361013   338669   361433   338543   361637   338279   361769   338213   361799   338033   361979   337907   362147   337793   362309   337349   362693   337283   363017   336887   363179   336689   336059   375533     2927   413033   171707   392927    40829   649877   346547   481043    14639   611837
   611927    14369   481133   346439   649937    40583   393059   171383   413243     2879   363569   264059   436097   263849   436283   263567   436607   263267   437153   262733   437357   262643   437693   262253   437819   262139   438029   261959   438233   261587   438443   261017   439007   260873   439157   260807   439253   260717   249287   538199   336437   697127   286763   528623   306947   659423    50069   353567   218873   685637    88079
    88037   685679   218849   353657    49823   659513   306749   528707   286589   697217   336239   439463   135389   564653   135209   564917   135017   565337   134489   565589   134369   565667   134219   565793   134087   565973   133949   566273   133439   566723   132953   567059   132863   567257   132623   567569   132347   583619   332699   260543   363767     2789   413417   171299   393257    40493   650183   346349   481157    14327   611969
   612137    14033   481379   346223   650477    40283   393299   171077   413537     2633   363977   260339   567719   249503   450557   249419   450677   249107   450917   248909   451103   248609   451523   247997   452159   247613   452453   247409   452813   246899   453197   246713   453317   246209   453833   245897   245039   558203   132287   439667   336029   697373   286469   528929   306707   659723    49529   353783   218627   685973    87869
    87833   686009   218417   353819    49523   659843   306533   529049   286427   697397   335879   439799   132059   454247   314129   385943   313889   386153   313727   386369   313517   387017   312779   387263   312737   387329   312383   396323   303593   396509   303473   396629   303293   396719   303119   294347   442829   245759   567947   260207   364127     2609   413579   170957   393473    40163   650483   346187   481589    13997   612173
   612263    13967   482099   346139   650543    39953   393587   170777   413807     2549   364193   259967   568097   245753   396953   300857   399197   300779   399263   300119   399983   300017   400199   299699   400559   299363   400859   299063   401417   298049   401993   297953   402197   297707   292427   458363   303053   454253   131909   440039   335813   697457   286199   529229   306419   660053    49463   353867   217907   686039    87743
    87629   686099   217793   353963    49193   660119   306377   529637   285953   697583   335693   440177   131639   454379   302969   402383   226553   473519   226427   473597   226283   473789   226007   474017   225977   474197   225569   474479   225509   474503   225347   474707   225227   206813   617537   297623   397037   245627   568367   259829   364313     2423   414053   170369   393629    39887   650813   346043   482213    13907   612377
   612383    13829   482309   345689   650987    39869   393677   169943   414179     2333   364373   259823   568643   245183   397259   297503   474839   108893   591137   108497   591659   108263   591827   107873   592139   107717   592307   107357   592727   107243   592973   106823   616943   325673   225167   402503   302747   454823   131363   440183   335633   697673   285827   530063   306329   660137    49019   354317   217697   686177    87623
    87509   686453   217619   354533    48989   660167   306209   530087   285539   697733   335507   440339   131297   454919   302723   402923   225149   593387   208037   492053   207947   492083   207629   492413   207443   492629   207287   492893   206993   493067   206897   204887   637787   106619   474857   297083   397283   245087   568709   259667   364499     2273   414467   169919   393797    39839   651017   345473   482387    13553   612497
   612713    13487   482507   345329   651239    39779   393857   169913   414629     2129   364883   259499   568877   245033   397427   296969   474917   106487   493127   275039   425003   274817   425297   274697   425423   274517   425549   274403   425783   274187   272477   502847   206879   593519   225089   403037   302579   454973   131129   440507   335123   697877   285377   530093   306149   660227    48767   354677   217499   686519    87293
    87083   686639   217409   354743    48533   660347   306029   530183   285227   697937   335009   440849   130817   455219   302573   403097   213557   593573   206603   425903   273113   427073   272927   427103   272759   427403   272567   427457   272093   270509   507029   274103   493403   106433   486449   296909   397433   244787   569189   259157   364997     2069   414779   169823   393977    39659   651473   345263   482597    13367   612923
   613013    13337   482687   345227   651509    39503   394007   169769   414893     2039   365129   259019   569237   244667   397493   296843   486539   106373   493463   274019   427967   198413   501659   198179   502043   197927   502247   197597   188249   663713   272039   425987   206543   593633   213467   403163   302513   455339   130769   440987   334877   697967   285113   530237   305999   660503    48497   354779   217319   686669    86993
    86843   686789   217253   355037    48239   660563   305933   530297   284897   697979   334793   441029   130589   455513   302459   403253   213329   593903   206483   426077   272009   502499    83219   616799    83177   616997    82757   634679   332393   197507   427997   273929   493523   106103   486677   296753   397547   244493   569417   258977   365213     2027   415109   169709   394073    39443   651767   344969   482753    13217   613163
   613169    13163   482837   344957   651809    39323   394157   169667   415187     1823   365369   258827   569663   244403   397589   296249   486797   106019   493607   273773   428003   197453   617387   195407   504617   195329   188519   666143    82619   502553   272003   426233   206399   593987   213209   403757   302417   455603   130343   441179   334637   698183   284819   530339   305849   660683    48197   355049   217169   686843    86837
    86753   686879   216617   355463    47777   660887   305783   530513   284489   698273   334493   441263   130259   455627   301943   403877   213173   593993   206273   426287   271967   502883    82349   504929   267803   230393   551813   195077   617657   197123   428039   273719   493733   106013   486833   296129   398063   244379   569747   258743   365513     1733   415517   169493   394223    39119   652229   344543   483389    13127   613253
   613427    13109   483773   344363   652493    39113   394367   169457   415523     1709   365627   258563   569927   244217   398129   296117   486977   105983   493853   273653   428177   197033   617699   506213   634013   350003    65993   193793    82307   502973   271829   426353   206153   594023   213029   403889   301877   455789   130079   441443   334379   698297   284483   530549   305639   660893    47513   355643   216233   686897    86579
    86399   686963   216179   355679    47507   660899   305597   530597   284447   698339   334247   441479   129959   455849   301793   403979   212999   594107   206069   426389   271703   503003   621017   509603   148193   469613   432203   190403    78989   197003   428303   273617   493937   105899   487007   296027   398213   244157   570047   258527   365759     1667   415559   169409   394409    39107   652499   344327   483827    13043   613607
   613637    13037   484067   344243   652667    39089   394523   169313   415577     1619   366077   258449   570113   243857   398303   295517   487133   105557   493967   273269   428369   503423    60737    33863   195389   504677   511487   504599   639269   196583   271637   426737   206039   594449   212873   404489   301703   456149   129893   441557   333929   698387   284429   530693   305483   660917    47339   355763   215939   686969    86369
    86243   687023   215927   355799    47279   661103   305477   530807   284057   698393   333779   441563   129593   456167   301649   404693   212579   594569   206033   426773   432449   509027   367613    83207   616829    83009   617249    65327   616787   190979   267557   273233   493973   105437   487427   295313   398357   243839   570413   258443   366227     1613   415949   169199   394529    38903   652727   344207   484079    12983   613763
   613889    12923   484283   344153   652913    38867   394637   168863   416147     1559   366269   258437   570419   243239   398423   295187   487637   105389   493979   267419   423299    36293   198347   501827   197963   502079   197759   502409   511757   501593   276707   432587   206027   594617   212369   404819   301583   456767   129587   441569   333737   698447   283859   531143   305369   661139    47093   355853   215723   687083    86117
    85853   687107   215399   355967    46889   661259   305363   531203   283763   357809   333719   441887   129539   456809   301463   404969   212117   594899   494903   584279   192977   272933   427079   272903   427247   272603   427439   272549   427913   429497   426893   115727   205103   105107   487889   295037   398543   243197   570467   258119   366287   342197   416243   168803   394643    38747   653117   344039   484607    12899   614153
   614177    12689   484613   343913   653153    38567   394739   168743   416399   341729   366293   257987   570497   242867   398759   294659   488009   595073   491429   197159   275003   425189   274709   425309   274583   425489   274457   425603   274223   425819   427529   424967   208577   104933   211997   405347   301247   457139   129509   442019   333713   358277   283607   531263   305267   661439    46853   356093   215393   687317    85829
    85619   687359   215279   356219    46649   661547   305219   531287   283463   358499   333623   442139   129497   457277   301073   405497   494687    77513    62219   207953   492059   207923   492377   207593   492563   207377   492719   207113   493013   206939   493109   495119   491969   622493   205319   294509   398933   242729   570509   257867   366383   341507   416543   168719   394787    38459   653357   343787   484727    12647   614387
   614483    12569   484733   343313   653363    38453   395027   168143   416873   341339   366467   257687   570587   242639   399137   423869   470597   374333   108869   591509   108347   591743   108179   592133   107867   592289   107699   592649   107279   592763   107033   593183    83063   591113   229409   276137   300869   457367   129419   442319   333539   358667   283133   531863   304979   661553    46643   356693   215273   687437    85523
    85313   687593   215153   356933    46499   661613   304937   531977   282917   358703   333323   442367   129347   457403   399689   379979    82469   226487   473579   226409   473723   226217   473999   225989   474029   225809   474437   225527   474497   225503   474659   225299   474779   493193   473453   320027   300317   242603   570659   257639   366683   341303   417089   168029   395069    38393   653507   343073   484853    12413   614693
   614759    12323   485063   343037   653777    38333   395159   168023   417173   341273   366983   257519   570719   458669   380957   241643   300809   399227   300743   399887   300023   399989   299807   400307   299447   400643   299147   400943   298589   401957   298013   402053   297809   402299   407579   399149   319049   241337   129287   442487   333023   358733   282833   531983   304847   661673    46229   356969   214943   687683    85247
    84869   687737   214883   357107    46187   661679   304763   532277   282767   358979   332987   442517   128153   444833   257177   314063   386117   313853   386279   313637   386489   312989   387227   312743   387269   312677   387623   303683   396413   303497   396533   303377   396713   303287   396887   405659   385877   255173   571853   257489   367019   341027   417239   167729   395243    38327   653819   342899   485123    12269   615137
   615269    12239   485417   342659   653903    38237   395453   167633   417293   340979   367277   256757   550139   141803   249449   450587   249329   450899   249089   451097   248903   451397   248483   452009   247847   452393   247553   452597   247193   453107   246809   453293   246689   453797   246173   454109   454967   450503   149867   443249   332729   359027   282713   532373   304553   661769    46103   357347   214589   687767    84737
    84533   687779   214559   357353    45959   661823   304349   532379   282389   359069   332117   626477   367307   135353   564797   135089   564989   134669   565517   134417   565637   134339   565787   134213   565919   134033   566057   133733   566567   133283   567053   132947   567143   132749   567383   132437   567659   116387   564617    73529   367889   340937   417617   167627   395657    38183   654047   342653   485447    12227   615473
   615497    12197   485543   342647   654053    37649   396203   167483   417623   668609   387077   161807   263909   436157   263723   436439   263399   436739   262853   437273   262649   437363   262313   437753   262187   437867   261977   438047   261773   438419   261563   438989   260999   439133   260849   439199   260753   439289   450719   435947   312929    31397   282383   532523   303803   662357    45953   357359   214463   687809    84509
    84467   687893   214439   357437    45497   662477   303767   532739   418337   694019   324473   340169   360167   339749   360593   339257   360869   338993   361337   338573   361463   338369   361727   338237   361793   338207   361973   338027   362099   337859   362213   337697   362657   337313   362723   336989   363119   336827   363317   363947   359357     5987   281669   167267   396239    37529   654509   342569   485567    12113   615539
   615557    11939   486053   342497   654593    37493   396293   164279   266927    24077     5783   694313     5657   694367     5519   694523     5387   694919     5009   695003     4937   695087     4889   695207     4679   695369     4229   695867     4133   695879     4079   695999     3929   696083     3767   696413     3389   696659     3119   697049   330587   694193   433079   535727   303713   662513    45413   357509   213953   688067    84449
    84407   688073   213887   357593    45377   662693   401069   515279   358079   291743   408437   291509   408563   291293   408719   290999   409043   290669   409349   290627   409517   290189   409823   290039   410117   289763   410279   289319   410903   288839   411233   288527   411617   288227   412067   287933   412133   287849   412193   287549   412619   282167   408173   184727   298937    37313   654629   342413   486119    11933   615599
   615617    11909   486179   342347   654743   662867   385793   364337   176159   523877   175949   524087   175499   524939   174989   525257   174653   525593   174407   525677   174197   525869   173969   526073   173867   526199   173783   526307   173357   526709   173273   526739   173177   527123   172877   527333   172607   527453   172517   527633   172307   527789   159737   523793   314213    37139    45263   357659   213827   688097    84389
    84263   688139   213713   357767    44777    22349   256169   312029   388109   311747   388319   311603   388727   311183   389057   310889   389273   310559   389567   310283   389783   310187   389957   309929   390107   309797   390407   309503   390527   309359   390737   309137   391067   308933   391283   308639   391487   308327   391757   308117   392087   307583   392477   403499   387917   677657   655229   342239   486293    11867   615743
   615767    11789   486407   358229   636149   359297    45083   655043    44633   655649    44279   655757    44159   655883    43943   656153    43577   656519    43403   656609    43319   656783    43067   656993    42989   657233    42737   657323    42533   657497    42467   657707    42227   657809    42179   657983    41927   658127    41759   658277    41687   658379    41603   658487    34217   654827    63857   341777   213599   688217    84239
    84179   688223   487709   676337   363149    54293   645737    54167   646013    53939   646157    53813   646307    53609   646859    53117   646913    53069   647033    52967   647069    52889   647147    52817   647333    52553   647477    52517   647627    52313   647747    52253   647783    51977   648107    51767   648257    51713   648677    51287   648803    50849   649217    50723   649379    39023   645683    23669   212297    11783   615827
   615869    11117   470663   359147     1499   698567     1283   698729     1103   699053      947   699077      887   699197      719   699323      569   699443      557   699527      467   699557      389   699767       59   699953        5   350039   349919   350093   349793   350219   349553   350663   349043   351179   348527   351563   348419   351599   348353   351797   348077   352049   347933   352133   340877   698483   229343   688889    84137
    83777   678437    82559   224969   475109   224717   475403   224579   475583   224327   475697   224129   475973   223919   476183   223757   476369   223577   476477   223493   476603   223367   476753   223247   477149   222713   477359   222329   477809   222149   477899   222059   477977   221849   478199   221747   478403   221327   478787   221093   478937   220859   480023   219959   480167   219797   480299   489479   474983    21569   616229
   604787   353747    20399   679709    20183   679829    20147   679883    19979   680213    19709   680453    19373   680993    18959   681089    18869   681167    18749   681293    18587   681563    18329   681719    18233   682049    17747   682277    17669   682427    17333   682679    16703   683357    16553   683477    16493   683687    16229   683783    16217   683819    16097   683933    16067   684119    15767   684269    14759   679463    95219
   354257    94433   605609    94169   606083    93893   606323    93563   606449    93503   606527    93419   606743    93047   607049    92849   607253    92699   607337    92657   607517    92387   607769    91733   608303    91583   608429    91397   608633    91163   608987    90863   609173    90647   609407    90473   609599    90263   609779    90203   609809    90017   610157    89819   610409    89567   610619    89303   610733    88007   605543
