    96443   603947    96017   604223    95747   604613    95279   604733    95219   604829    95009   605117    94613   605477    94463   605573    94397   605837    93923   606113    93683   606443    93557   606503    93479   606587    93263   606959    92957   607157    92753   607307    92669   607349    92489   607619    92237   608273    91703   608423    91577   608609    91373   608843    91019   609143    90833   609359    90599   613163   342653
   609533    22193   677927    21929   678203    21599   678437    21407   678659    21227   678989    20939   679127    20849   679463    20399   679709    20183   679829    20147   679883    19979   680213    19709   680453    19373   680993    18959   681089    18869   681167    18749   681293    18587   681563    18329   681719    18233   682049    17747   682277    17669   682427    17333   682679    16703   683357    16553   686009   344969    90473
    90407   683477   225977   474197   225569   474479   225509   474503   225347   474707   225227   474839   225149   474917   225023   475037   224897   475289   224603   475427   224423   475679   224309   475877   224033   476087   223823   476249   223637   476429   223529   476513   223403   476639   223253   476759   222857   477293   222647   477677   222197   477857   222107   477947   222029   478157   221807   489539   336689    16529   609599
   609743    16493   478259     2423   697673     2273   697877     2069   697967     2027   698183     1733   698297     1667   698387     1613   698447     1523   698507     1439   698723     1277   698903      953   699059      929   699119      809   699287      683   699437      563   699449      479   699539      449   699617      239   699947       53   350039   349919   350093   349793   350219   349553   352973   695927   221747   683513    90263
    90227   683687   221603   350663    55487   644549    55337   644747    55217   644843    55073   645023    54869   645233    54623   645443    54539   645503    54377   645683    54293   645737    54167   646013    53939   646157    53813   646307    53609   646859    53117   646913    53069   647033    52967   647069    52889   647147    52817   647333    52553   647477    52517   647627    52313   654509   341339   349343   478403    16319   609779
   609803    16229   478679   349043   647747    47093   653117    46853   653357    46643   653507    46229   653819    46103   654047    45953   654593    45263   654827    45083   655043    44777   655373    44357   655727    44249   655847    44123   656063    43853   656429    43487   656603    43397   656687    43223   656939    43013   657017    42773   657269    42683   657473    42509   661823   342899    52259   350963   221327   683777    90203
    90197   683783   221219   351179    52253   657539   314063   386117   313853   386279   313637   386489   312989   387077   312779   387263   312737   387329   312383   387917   312029   388109   311747   388319   311603   388727   311183   389057   310889   389273   310559   389567   310283   389783   310187   389957   309929   390107   309797   390407   309503   390527   309359   395657   342647    42467   647753   348827   478787    16223   609809
   609989    16217   478913   348527   647783    42299   390737   177893   522167   177623   522623   177347   522737   177257   522839   176699   523433   176369   523673   176243   523793   176159   523877   175949   524087   175499   524939   174989   525257   174653   525593   174407   525677   174197   525869   173969   526073   173867   526199   173783   526307   173357   534059   340649   309269   657707    52223   351479   221093   683789    90017
    89849   683819   221069   351563    51977   657779   309137   526709   293459   406649   293147   406883   293099   407489   292427   407639   292283   407783   292037   408137   291833   408263   291569   408497   291443   408713   291287   409007   290963   409337   290657   409379   290489   409817   290183   409967   289889   410243   289319   410903   288839   287813   470663   173297   390869    42227   648029   348443   478937    16187   610157
   610187    16097   479147   348419   648107    42197   391067   173273   411233     6869   693149     6827   693317     6569   693533     6329   693683     6317   693743     6197   694019     5927   694193     5783   694313     5657   694367     5519   694523     5387   694919     5009   695003     4937   695087     4889   695207     4679   695369     4229   367823   676727   288773   526733   308939   657809    51899   351587   220859   683909    89819
    89597   683933   219983   351599    51767   657827   308933   526739   288527   695867   341777   358277   341507   358703   341273   358979   340979   359069   340877   359147   340709   359837   339839   360257   339413   360749   339137   361013   338669   361433   338543   361637   338279   361769   338213   361799   338033   361979   337907   337283   373007     4139   411479   173267   391073    42179   648239   348407   480023    16073   610409
   610439    16067   480047   348353   648257    42023   391283   173177   411617     4133   362147   264899   435179   264749   435263   264443   435569   264359   435653   264167   435893   264083   435947   263909   436157   263723   436439   263399   436739   262853   437273   262649   437363   262313   437753   262187   437867   261977   256019   531263   337859   695873   288389   526829   308723   657983    51749   351653   219959   683939    89567
    89387   684119   219839   351797    51713   658079   308639   527123   288227   695879   337793   438047   137393   562703   136889   563357   136559   563543   136343   563813   135647   564407   135389   564653   135209   564917   135017   565337   134489   565589   134369   565667   134219   565793   134087   565973   133949   584183   330587   261959   362213     4127   411779   172883   391367    41927   648293   348209   480167    15887   610619
   610703    15767   480209   348077   648677    41879   391487   172877   412067     4007   362309   261773   566273   250643   449663   250307   449807   250043   450083   249797   450227   249749   450413   249533   450503   249449   450587   249329   450719   249107   450917   248909   451103   248609   451523   247997   241259   559799   133733   438233   337697   695999   287939   527129   308519   658127    51329   351929   219797   684239    89303
    89273   684269   219707   352049    51287   658247   308327   527333   287933   696077   337349   438419   133439   452159   314927   385127   314813   385199   314627   385403   314513   385607   314267   385817   314129   394637   305363   394739   305219   395027   304937   395159   304763   395453   303803   418763   317777   247847   566567   261587   362657     3929   412073   172673   391679    41759   648719   347957   480299    15737   610733
   610817    15359   480317   347933   648803    41729   391757   172607   412133     3923   362693   261563   566723   247613   396239   301877   398213   301703   398357   301463   398759   301073   399137   300857   399197   300779   399263   300317   399887   300023   399989   299807   400307   299447   417719   331889   303767   452393   133283   438443   337313   696083   287873   527399   308249   658277    51203   352073   219689   684647    89189
    89087   684773   219677   352133    50849   658319   308117   527453   287849   696239   336989   438989   132953   452453   303683   400643   228257   471803   228113   471929   227873   472469   227363   472799   227189   472847   227147   473453   226487   473579   226409   473723   226217   488687   333713   299363   396323   247553   567053   261017   363017     3767   412157   172553   391889    41687   649157   347873   480329    15233   610919
   611069    15149   480419   347813   649217    41627   392087   172517   412457     3593   363119   260999   567059   247409   396413   299147   473999   109883   590489   109469   590573   109397   590627   109253   590867   108917   591113   108869   591509   108347   591743   108179   615497   325319   226007   400859   303593   452597   132947   439007   336887   696413   287549   527489   307919   658379    50789   352193   219587   684857    88937
    88817   684869   219503   352493    50723   658403   307583   527633   287387   696617   336857   439133   132863   452813   303497   400943   225989   592133   208589   491429   208469   491627   208367   491669   208223   491789   208139   491969   207953   492059   207923   207443   634397   107873   474017   299063   396509   247193   567143   260873   363149     3389   412619   172373   392423    41603   649283   347513   480503    15137   611189
   611207    15083   480569   347099   649379    41519   392477   172307   412949     3347   363179   260849   567257   246899   396533   298937   485063   107867   492377   275999   424019   275969   424169   275783   424433   275459   424559   275339   424967   275003   274817   499523   207629   592139   214943   401069   303473   453107   132749   439157   336827   696659   287057   527699   307529   658487    50627   352907   219437   684923    88799
    88793   684989   219293   352949    50549   658607   307337   527789   286973   696887   336437   439199   132623   453197   303377   401417   214883   592289   207593   425297   273929   426233   273719   426389   273269   426773   273113   427073   272927   272009   504599   274709   492413   107717   485123   298589   396629   246809   567383   260807   363569     3119   413033   172217   392669    41399   649457   347057   480713    15017   611213
   611459    14897   480989   346553   649619    41357   392723   172097   413243     2927   363767   260753   567569   246713   396713   298049   485417   107699   492629   274697   427103   199487   500603   199313   500957   198977   501077   198833   188303   662477   272903   425309   207377   592307   214589   401957   303293   453293   132437   439253   336239   697079   286763   527909   307283   658649    50387   353453   219017   685109    88547
    88523   685247   218963   353459    50363   658817   307169   528137   286589   697127   336059   439289   132347   453317   303287   401993   214559   592649   207287   425423   272759   501287    83903   616229    83717   616367    83597   635849   330359   198719   427247   274583   492719   107357   485447   298013   396719   246689   567659   260717   363947     2879   413417   171869   392837    41189   649643   346547   481043    14759   611483
   611543    14669   481133   346439   649799    40847   392927   171707   413537     2789   363977   260543   567719   246209   396887   297953   485543   107279   492893   274517   427403   198689   616529   196709   503423   196523   191747   661613    83477   501317   272603   425489   207113   592727   214463   402053   303119   453797   132287   439463   336029   697217   286469   528299   307079   659159    50207   353567   218873   685337    88463
    88169   685367   218849   353657    50177   659177   306947   528623   286427   697373   335879   439667   132059   453833   303053   402197   214439   592763   206993   425549   272567   501383    83459   503819   268607   229589   551813   196187   616547   198623   427439   274457   493013   107243   485567   297809   396953   246173   567947   260339   364127     2633   413579   171383   393059    40829   649829   346349   481157    14639   611837
   611927    14369   481379   346259   649877    40583   393257   171299   413807     2609   364193   260207   568097   245897   397037   297707   486053   107033   493067   274403   427457   198503   616589   512537   633209   350003    66797   187469    83417   501503   272549   425603   206939   592973   213953   402299   302969   454109   131909   439799   335813   697397   286199   528707   306749   659423    50129   353747   218627   685637    88079
    88037   685679   218417   353783    50069   659513   306707   528929   285953   697457   335693   440039   131639   454247   302747   402383   213887   593183   206897   425819   272477   501593   617387   498557   148193   470417   431399   201449    82619   198413   427529   274187   493109   106823   486119   297623   397259   245759   568367   259967   364313     2549   414053   171077   393299    40493   649937   346223   481589    14327   611969
   611999    14033   482099   346187   650183    40283   393473   170957   414179   343787   364337   259829   568643   245753   397283   297503   486179   106619   493127   274103   427913   502079    62507    38393   196583   503483   508259   503297   637499   197927   272093   425903   206879   593387   213827   402503   302723   454253   131363   440177   335669   356219   285827   529049   306533   659723    49823   353819   217907   685973    88007
    87869   686039   217793   353867    49529   659843   306419   529229   285539   356693   335633   440183   131297   454379   302579   402923   213713   593519   206813   425987   270509   509477   369647    83777   616289    83639   616409    64157   616103   190529   429497   274019   493193   106487   486293   297083   397427   245627   568709   259823   364373   343313   414467   170777   393587    40163   650477   346139   482213    13967   612137
   612173    13907   482309   346043   650483    39953   393629   170369   414629   343073   364499   259667   568877   245183   397433   296969   486407   106433   493403   273653   582509    37529   199403   500693   199049   501029   198929   501173   511703   500519   117497   426353   206603   593573   213599   403037   302573   454823   131129   440339   335507   356933   285377   529637   306377   660053    49523   353963   217697   686099    87833
    87743   686177   217619   354257    49463   660119   306329   530063   285227   356969   335123   440507   130817   454919   302513   403097   213557   593633   516959   574109   195407   273773   426287   273617   426737   273233   426893   272933   427079   427997   426077   125897   183047   106373   486449   296909   397493   245087   569189   259499   364883   343037   414779   169943   393677    39887   650543   345749   482387    13829   612263
   612377    13553   482507   345689   650813    39869   393797   169919   414893   342659   364997   259157   569237   245039   397547   296843   486539   593903   465809   200483   275987   424037   275837   424223   275573   424547   275447   424667   275039   425003   425189   424007   234197   106103   213467   403163   302459   454967   130769   440849   335009   357347   285113   530087   306209   660137    49193   354317   217499   686453    87629
    87623   686519   217409   354533    49019   660167   306149   530093   284897   357437   334877   440987   130589   454973   302417   403253   486677    78479    65609   208577   491537   208379   491639   208337   491783   208217   491867   208037   492053   207947   492083   492563   491417   621527   213329   296753   397589   245033   569417   259019   365129   342569   415109   169913   393857    39839   650987   345473   482597    13487   612383
   612497    13367   482687   345329   651017    39779   393977   169823   415187   342497   365213   258977   569663   244787   398063   403889   182603   374687   109517   590537   109433   590609   109379   590753   109139   591089   108893   591137   108497   591659   108263   591827    84509   590123   517403   296117   301943   455219   130343   441029   334793   357509   284819   530183   306029   660227    48989   354677   217319   686639    87509
    87293   686669   217253   354743    48767   660347   305999   530237   284489   357593   334637   441179   130259   455339   398423   274223   366293   228203   471893   228077   472133   227537   472643   227207   472817   227159   472859   226553   473519   226427   473597   226283   473789   211319   471749   425783   301583   244667   569747   258827   365369   342413   415517   169769   394007    39659   651239   345263   482753    13337   612713
   612923    13217   482837   345227   651473    39503   394073   169709   415523   342347   365513   258743   569927   457697   257189   368117   301793   398303   301649   398543   301247   398933   300869   399149   300809   399227   300743   399689   300119   399983   300017   400199   299699   400559   282287   398129   442817   242309   130079   441263   334493   357659   284483   530297   305933   660503    48533   354779   217169   686789    87083
    86993   686843   216617   355049    48497   660563   305849   530339   284447   357767   334379   441443   129287   448397   382229   314879   385193   314807   385379   314603   385493   314399   385739   314189   385877   305369   394643   305267   394787   304979   395069   304847   395243   304553   396203   281243   385079   251609   570719   258563   365627   342239   415559   169667   394157    39443   651509   344957   483389    13163   613013
   613169    13127   483773   344543   651767    39323   394223   169493   415577   342197   365759   257867   546053   140207   250343   449699   250199   449963   249923   450209   249779   450257   249593   450473   249503   450557   249419   450677   249287   450899   249089   451097   248903   451397   248483   452009   458747   449363   153953   442139   334247   357809   284429   530513   305783   660683    48239   355463   216233   686879    86837
    86753   686897   216179   355643    48197   660887   305639   530549   284057   358079   332117   618437   369419   137303   563117   136649   563447   136463   563663   136193   564359   135599   564617   135353   564797   135089   564989   134669   565517   134417   565637   134339   565787   134213   565919   134033   566057   115823   562613    81569   367889   341927   415949   169457   394367    39119   651809   344363   483827    13109   613253
   613427    13043   484067   344327   652229    39113   394409   169409   416147   333929   385793   168743   264827   435257   264743   435563   264437   435647   264353   435839   264113   435923   264059   436097   263849   436283   263567   436607   263267   437153   262733   437357   262643   437693   262253   437819   262139   438029   443987   435107   314213   366077   283859   530597   305597   660893    47777   355679   215939   686963    86579
    86399   686969   215927   355763    47513   660899   305483   530693   279857   688073   326999   341729   358499   341303   358733   341027   359027   340937   359129   340859   359297   340169   360167   339749   360593   339257   360869   338993   361337   338573   361463   338369   361727   338237   361793   338207   361973   338027   362099   362723   358229    11933   420149   169313   394523    39107   652493   344243   484079    13037   613607
   613637    12983   484283   344207   652499    39089   394529   531287   533747    23279     6857   693179     6689   693437     6473   693677     6323   693689     6263   693809     5987   694079     5813   694223     5693   694349     5639   694487     5483   694619     5087   694997     5003   695069     4919   695117     4799   695327     4637   695777   332183   693137   166259   168719   305477   660917    47507   355799   215723   687023    86369
    86243   687083   215399   355853    47339   660983   396293   152363   229343   293357   406859   293123   406907   292517   407579   292367   407723   292223   407969   291869   408173   291743   408437   291509   408563   291293   408719   290999   409043   290669   409349   290627   409517   290189   409823   290039   410117   289763   410687   289103   411167   412193   406547   547643   303713    39023   652667   344153   484607    12923   613763
   613889    12899   484613   344039   652727   661103   289727   359357   177839   522383   177383   522659   177269   522749   177167   523307   176573   523637   176333   523763   176213   523847   176129   524057   175919   524507   175067   525017   174749   525353   174413   525599   174329   525809   174137   526037   173933   526139   173807   526223   173699   526649   165947   522113   410279    38903    47279   355967   215393   687107    86117
    85853   687317   215279   356093   654629    25733   357359   313889   386153   313727   386369   313517   387017   312929   387227   312743   387269   312677   387623   312089   387977   311897   388259   311687   388403   311279   388823   310949   389117   310733   389447   310439   389723   310223   389819   310049   390077   309899   390209   309599   390503   309479   390647   304349   385943   674273    45377   343913   484727    12689   614153
   614177    12647   484733   693353    30839   357107    46889   653153    46649   653363    46499   653777    46187   653903    45959   654053    45413   654743    45179   654923    44963   655229    44633   655649    44279   655757    44159   655883    43943   656153    43577   656519    43403   656609    43319   656783    43067   656993    42989   657233    42737   657323    42533   657497    38183   652913   669167     6653   215273   687359    85829
    85619   687437   215153   697049   358667    55457   644669    55259   644789    55163   644933    54983   645137    54773   645383    54563   645467    54503   645629    54323   645713    54269   645839    53993   646067    53849   646193    53699   646397    53147   646889    53093   646937    52973   647039    52937   647117    52859   647189    52673   647453    52529   647489    52379   647693    45497   644519     2957   484853    12569   614387
   614483   687779   464129     4079     2333   697733     2129   697937     2039   697979     1823   698273     1709   698339     1619   698393     1559   698483     1499   698567     1283   698729     1103   699053      947   699077      887   699197      719   699323      569   699443      557   699527      467   699557      389   699767       59   699953   349967   350087   349913   350213   349787   350453   347033   697583   235877    12227    85523
   615617        5   363317   225809   474437   225527   474497   225503   474659   225299   474779   225167   474857   225089   474983   224969   475109   224717   475403   224579   475583   224327   475697   224129   475973   223919   476183   223757   476369   223577   476477   223493   476603   223367   476753   223247   477149   222713   477359   222329   477809   222149   477899   222059   477977   221849   478199   210467   474029   700001    84389
    68819   355037    22079   678077    21803   678407    21569   678599    21347   678779    21017   679067    20879   679157    20543   679607    20297   679823    20177   679859    20123   680027    19793   680297    19553   680633    19013   681047    18917   681137    18839   681257    18713   681419    18443   681677    18287   681773    17957   682259    17729   682337    17579   682673    17327   683303    16649   683453    13997   677813   631187
   357353    96059   603989    95783   604259    95393   604727    95273   604787    95177   604997    94889   605393    94529   605543    94433   605609    94169   606083    93893   606323    93563   606449    93503   606527    93419   606743    93047   607049    92849   607253    92699   607337    92657   607517    92387   607769    91733   608303    91583   608429    91397   608633    91163   608987    90863   609173    90647   609407    86843   603563
