    97007   603047    96857   603209    96779   603257    96443   603947    96017   604223    95747   604613    95279   604733    95219   604829    95009   605117    94613   605477    94463   605573    94397   605837    93923   606113    93683   606443    93557   606503    93479   606587    93263   606959    92957   607157    92753   607307    92669   607349    92489   607619    92237   608273    91703   608423    91577   608609    91373   611213   344243
   608843    23039   676979    22859   677309    22619   677639    22349   677813    22079   678077    21803   678407    21569   678599    21347   678779    21017   679067    20879   679157    20543   679607    20297   679823    20177   679859    20123   680027    19793   680297    19553   680633    19013   681047    18917   681137    18839   681257    18713   681419    18443   681677    18287   681773    17957   682259    17729   683303   346259    91163
    91019   682337   226487   473579   226409   473723   226217   473999   225989   474029   225809   474437   225527   474497   225503   474659   225299   474779   225167   474857   225089   474983   224969   475109   224717   475403   224579   475583   224327   475697   224129   475973   223919   476183   223757   476369   223577   476477   223493   476603   223367   476753   223247   477149   222713   477359   222329   477809   347513    17669   608987
   609143    17579   477857     2927   697127     2789   697373     2609   697457     2423   697673     2273   697877     2069   697967     2027   698183     1733   698297     1667   698387     1613   698447     1523   698507     1439   698723     1277   698903      953   699059      929   699119      809   699287      683   699437      557   699527      467   699557      389   699767       59   699953        5   352049   696239   222149   682427    90863
    90833   682673   222107   350039    56417   643883    56087   644009    55949   644117    55487   644549    55337   644747    55217   644843    55073   645023    54869   645233    54623   645443    54539   645503    54377   645683    54293   645737    54167   646013    53939   646157    53813   646307    53609   646859    53117   646913    53069   647033    52967   647069    52889   647147    52817   653903   341303   349967   477899    17333   609173
   609359    17327   477947   349919   647333    48197   652493    47507   652667    47279   652913    46889   653153    46649   653363    46499   653777    46187   654047    45953   654509    45413   654629    45263   654827    45083   655043    44777   655373    44357   655727    44249   655847    44123   656063    43853   656429    43487   656603    43397   656687    43223   656939    43013   659723   343913    52673   350087   222059   682679    90647
    90599   683357   222029   350093    52553   657017   314603   385493   314399   385739   314213   385817   314129   385943   313889   386153   313727   386369   313517   387017   312929   387227   312743   387269   312677   387623   312089   387977   311897   388259   311687   388403   311279   388823   310949   389117   310733   389447   310439   389723   310223   389819   310049   309359   428369    42989   647453   349913   477977    16649   609407
   609533    16553   478157   349793   647477    42773   390077   178439   521603   178349   521819   178127   521903   177893   522167   177623   522623   177347   522737   177257   522839   176699   523433   176369   523673   176243   523793   176159   523877   175949   524087   175499   524939   174989   525257   174653   525593   174407   525677   174197   525869   173969   532277   341777   309929   657233    52529   350213   221849   683453    90473
    90407   683477   221807   350219    52517   657269   309899   526073   294509   405527   294347   405689   294179   405857   294059   406403   293507   406547   293357   406859   293123   406907   292517   407579   292367   407723   292223   407969   291869   408173   291743   408437   291509   408563   291293   408719   290999   409043   290669   409349   290627   415517   342347   173933   390107    42737   647489   349787   478199    16529   609599
   609743    16493   478259   349553   647627    42683   390209   173867   409517     7757   692333     7607   692423     7547   692753     7079   692963     6917   693137     6857   693179     6689   693353     6569   693533     6329   693683     6317   693743     6197   694019     5927   694193     5783   694349     5639   694487     5483   694619     5087   368789   674759   290489   526139   309797   657323    52379   350453   221747   683513    90263
    90227   683687   221603   350663    52313   657473   309599   526199   290189   694997   342653   357359   342569   357509   342413   357767   342197   358079   341729   358499   341339   358733   341027   359027   340937   359129   340859   359297   340649   359837   339839   360257   339413   360749   339137   361013   338669   361433   338543   331889   377543     5009   409817   173807   390407    42533   647693   349343   478403    16319   609779
   609803    16229   478679   349043   647747    42509   390503   173783   409823     5003   361637   265757   434267   265709   434303   265619   434459   265193   434849   265079   435107   264827   435257   264743   435563   264437   435647   264353   435839   264113   435923   264059   436097   263849   436283   263567   436607   263267   449807   335507   338369   695003   290183   526223   309503   657497    52259   350963   221327   683777    90203
    90197   683783   221219   351179    52253   657539   309479   526307   290039   695069   338279   437153   138239   561797   138197   561947   137999   562283   137699   562409   137567   562607   137393   562703   136889   563357   136559   563543   136343   563813   135647   564407   135389   564653   135209   564917   135017   583139   330359   262853   361727     4937   409967   173699   390527    42467   647753   348827   478787    16223   609809
   609989    16217   478913   348527   647783    42299   390737   173357   410117     4919   361769   262733   565337   251639   448397   251177   448907   251003   449117   250853   449303   250673   449363   250343   449699   250043   450083   249797   450227   249749   450413   249533   450503   249449   450587   249329   239849   560039   134669   437273   338237   695087   289889   526649   309269   657707    52223   351479   221093   683789    90017
    89849   683819   221069   351563    51977   657779   309137   526709   289763   695117   338213   437357   134489   450719   315803   384227   315599   384437   315527   384599   315269   384827   314927   385127   314813   385199   314627   394157   305783   394367   305483   394529   305369   394643   305267   303683   431807   249287   565517   262649   361793     4889   410243   173297   390869    42227   648029   348443   478937    16187   610157
   610187    16097   479147   348419   648107    42197   391067   173273   410279     4799   361799   262643   565589   249107   394787   302747   397283   302579   397433   302513   397547   302417   398063   301877   398213   301703   398423   301463   398759   301073   399137   300857   399197   300779   300317   447683   305219   450899   134417   437363   338207   695207   289727   526733   308939   657809    51899   351587   220859   683909    89819
    89597   683933   219983   351599    51767   657827   308933   526739   289319   695327   338033   437693   134369   450917   304979   399263   229409   470663   229223   470867   228869   471209   228707   471389   228539   471749   228203   471893   228077   472133   227537   472643   227207   489833   331907   300743   395027   249089   565637   262313   361973     4679   410687   173267   391073    42179   648239   348407   480023    16073   610409
   610439    16067   480047   348353   648257    42023   391283   173177   410903     4637   361979   262253   565667   248909   395069   300119   472817   111263   588779   111053   588977   110819   589409   110567   589529   110129   590123   109517   590537   109433   590609   109379   616229   323699   227189   399887   304937   451097   134339   437753   338027   695369   289103   526829   308723   657983    51749   351653   219959   683939    89567
    89387   684119   219839   351797    51713   658079   308639   527123   288839   695777   337907   437819   134219   451103   304847   399983   227159   590753   209639   490463   209147   490967   208877   491219   208673   491339   208589   491429   208469   491627   208367   206153   635087   109253   472847   300023   395159   248903   565787   262187   362099     4229   411167   172883   391367    41927   648293   348209   480167    15887   610619
   610703    15767   480209   348077   648677    41879   391487   172877   411233     4139   362147   262139   565793   248609   395243   300017   472859   109139   491669   276707   423413   276503   423557   276389   423713   276257   423869   275999   424019   275969   272567   501077   208337   590867   227147   399989   304763   451397   134213   437867   337859   695867   288773   527129   308519   658127    51329   351929   219797   684239    89303
    89273   684269   219707   352073    51287   658247   308327   527333   288527   695873   337793   438029   134087   451523   304553   400199   226553   591089   208223   424169   274709   425309   274583   425489   274457   425603   274223   425819   274103   267479   508259   275837   491783   108917   473453   299807   395453   248483   565919   261977   362213     4133   411479   172673   391679    41759   648719   347933   480299    15737   610733
   610817    15359   480317   347873   648803    41729   391757   172607   411617     4127   362309   261959   565973   247997   395657   299699   484079   108893   491789   275783   425987   200063   499973   199853   500333   199637   500483   199487   188519   661679   274019   424223   208217   591113   215927   400307   304349   452009   134033   438047   337697   695879   288389   527399   308249   658277    51203   352133   219689   684647    89189
    89087   684773   219677   352193    50849   658319   308117   527453   288227   695927   337349   438233   133949   452159   303803   400559   215723   591137   208139   424433   273773   500603    84449   615599    84389   615743    84239   633209   332393   199403   426233   275573   491867   108869   484283   299447   396203   247847   566057   261773   362657     4079   411779   172553   391889    41687   649157   347813   480329    15233   610919
   611069    15149   480419   347099   649217    41627   392087   172517   412067     3929   362693   261587   566273   247613   396239   299363   484613   108497   491969   275459   426287   199313   615827   197123   502973   197003   190403   662513    84179   500693   273719   424547   208037   591509   215393   400643   303767   452393   133733   438419   337313   696077   287939   527489   307919   658379    50789   352907   219587   684857    88937
    88817   684869   219503   352949    50723   658403   307583   527633   287933   696083   337283   438443   133439   452453   303713   400859   215279   591659   207953   424559   273653   500957    84137   503207   269573   196187   584249   196799   615869   199049   426353   275447   492053   108347   484727   299147   396293   247553   566567   261563   362723     3923   412073   172373   392423    41603   649283   347057   480503    15137   611189
   611207    15083   480569   347033   649379    41519   392477   172307   412133     3593   363017   261017   566723   247409   396413   299063   484733   108263   492059   275339   426389   198977   616073   503483   664679   350003    35327   196523    83933   501029   273617   424667   207947   591743   215273   400943   303593   452597   133283   438989   336989   696413   287873   527699   307529   658487    50627   352973   219437   684923    88799
    88547   684989   219293   353453    50549   658607   307337   527789   287849   696617   336887   439007   132953   452813   303497   401069   215153   591827   207923   424967   273269   501173   616289   508709   115757   503819   430433   191297    83717   198833   426737   275039   492083   108179   484853   298937   396509   247193   567053   260999   363119     3389   412157   172217   392669    41399   649457   346553   480713    15017   611459
   611483    14897   480989   346547   649619    41357   392723   172097   412193     3347   363149   260873   567059   246899   396533   298589   485063   107873   492377   275003   426773   501317    65633    37493   197033   503003   509603   502883   634373   198689   273233   425003   207629   592133   214943   401417   303473   453107   132947   439133   336857   696659   287813   527909   307283   658649    50387   353459   219017   685109    88523
    88463   685247   218963   353567    50363   658817   307169   528137   287549   696887   336827   439157   132863   453197   303377   401957   214883   592139   207593   425189   427103   509297   367613    84407   615617    84263   615767    66797   615557   190709   272903   274817   492413   107867   485123   298049   396629   246809   567143   260849   363179     3119   412457   171869   392837    41189   649643   346439   481043    14759   611543
   611837    14669   481133   346349   649799    40847   392927   171707   412619     2957   363317   260807   567257   246713   396713   298013   485417   107717   492563   273929   430343    38327   200033   500153   199673   500369   199523   500519   511487   499943   269663   426077   207443   592289   214589   401993   303293   453293   132749   439199   336689   697049   287387   528299   307079   659159    50207   353657   218873   685337    88169
    88079   685367   218849   353783    50177   659177   306947   528623   287057   355799   336437   439253   132623   453317   303287   402053   214559   592307   521537   575573   191747   274697   425423   274517   425549   274403   425783   274187   425903   432527   425297   124433   178469   107699   485447   297953   396719   246689   567383   260753   363569   344207   412949   171383   393059    40829   649829   346223   481157    14639   611927
   611969    14369   481379   346187   649877    40583   393257   171299   413033   344153   363767   260717   567569   246209   396887   297809   485543   594899   461693   198929   276593   423503   276449   423617   276293   423749   276137   424007   275987   424037   427439   423299   238313   105107   214463   402197   303119   453797   132437   439289   336239   355853   286973   528707   306749   659423    50129   353819   218627   685637    88037
    88007   685679   218417   353867    50069   659513   306707   528929   286763   355967   336059   439463   132347   453833   303053   402299   485567    76289    64919   209543   490859   209039   491129   208787   491333   208667   491417   208577   491537   208379   491639   493853   490367   623717   214439   297707   396953   246173   567659   260543   363947   344039   413243   171077   393299    40493   649937   346139   481589    14327   611999
   612137    14033   482099   346043   650183    40163   393473   170957   413417   343787   363977   260339   567719   245897   397037   296027   182549   376307   111227   588953   111029   589187   110597   589439   110477   589877   109883   590489   109469   590573   109397   590627    83777   588743   517457   403979   302969   454109   132287   439667   336029   356219   286589   529049   306533   659843    49823   353963   217907   685973    87869
    87833   686009   217793   354257    49529   660053   306419   529229   286469   356693   335879   439799   132059   454247   398357   498053   368099   229343   470783   229139   471137   228797   471299   228617   471467   228257   471803   228113   471929   227873   472469   227363   472799   210173   470597   201953   301649   245759   567947   260207   364127   343313   413537   170777   393587    39953   650477   345749   482213    13997   612173
   612263    13967   482309   345689   650483    39887   393629   170369   413579   343073   364193   259967   568097   241979   372023   252323   302723   397427   302573   397493   302459   397589   301943   398129   301793   398303   301583   398543   301247   398933   300869   399149   300809   399227   399689   397259   327983   458027   131909   440039   335813   356933   286427   529637   306377   660119    49523   354317   217697   686039    87743
    87629   686099   217619   354533    49463   660137   306329   530063   286199   356969   335693   440177   568709   664847   268199   315779   384407   315569   384479   315407   384737   315179   385079   314879   385193   314807   385379   305849   394223   305639   394523   305477   394637   305363   394739   396323   384203    35159   131297   259829   364313   343037   413807   169943   393677    39869   650543   345473   482387    13907   612377
   612383    13829   482507   345329   650813    39839   393797   169919   414053   342899   364337   442817   107033   139967   251609   448829   251099   449003   250889   449153   250703   449333   250643   449663   250307   449963   249923   450209   249779   450257   249593   450473   249503   450557   249419   450677   460157   448367   592973   257189   335669   357107   285953   530087   306209   660167    49193   354677   217499   686177    87623
    87509   686453   217409   354743    49019   660227   306149   530093   285827   357347   327839   238397   369647   138209   561809   138059   562007   137723   562307   137597   562439   137399   562613   137303   563117   136649   563447   136463   563663   136193   564359   135599   564617   135353   564797   135089   564989   116867   561767   461609   372167   342659   414179   169913   393857    39779   650987   345263   482597    13553   612497
   612713    13487   482687   345227   651017    39659   393977   169823   414467   669947   394409   364499   265739   434297   265703   434387   265547   434813   265157   434927   264899   435179   264749   435263   264443   435569   264359   435653   264167   435893   264083   435947   263909   436157   263723   436439   263399   436739   250199   434249   305597    30059   285539   530183   306029   660347    48989   354779   217319   686519    87293
    87083   686639   217253   355037    48767   660503   305999   530237   281849   691337   322463   342647   357437   342497   357593   342239   357809   341927   358277   341507   358667   341273   358979   340979   359069   340877   359147   340709   359357   340169   360167   339749   360593   339257   360869   338993   361337   338573   361463   368117   357353     8669   418157   169769   394007    39503   651239   344969   482753    13367   612923
   613013    13337   482837   344957   651473    39443   394073   169409   404489    25247     7673   692399     7583   692459     7253   692927     7043   693089     6869   693149     6827   693317     6653   693437     6473   693677     6323   693689     6263   693809     5987   694079     5813   694223     5657   694367     5519   694523     5387   694919   331217   692249   295517   530597   305933   660563    48533   355049   217169   686669    86993
    86843   686789   216617   355463    48497   660683   283859   515429   357659   294479   405659   294317   405827   294149   405947   293603   406499   293459   406649   293147   406883   293099   407489   292427   407639   292283   407783   292037   408137   291833   408263   291569   408497   291443   408713   291287   409007   290963   409337   290657   409379   284489   405497   184577   416147    39323   651509   344543   483389    13217   613163
   613169    13163   483773   344363   651767   661259   487709   358229   178403   521657   178187   521879   178103   522113   177839   522383   177383   522659   177269   522749   177167   523307   176573   523637   176333   523763   176213   523847   176129   524057   175919   524507   175067   525017   174749   525353   174413   525599   174329   525809   174137   526037   167729   521567   212297    38747    48239   355643   216233   686843    86837
    86753   686879   216179   355679    47777    25889   271637   314513   385607   314267   385793   314189   385877   314063   386117   313853   386279   313637   386489   312989   387077   312779   387263   312737   387329   312383   387917   312029   388109   311747   388319   311603   388727   311183   389057   310889   389273   310559   389567   310283   389783   310187   389957   390647   385403   674117   652229   344327   483827    13127   613253
   613427    13109   484067   694313   637409   356093    47513   652499    47339   652727    47093   653117    46853   653357    46643   653507    46229   653819    45959   654053    45497   654593    45377   654743    45179   654923    44963   655229    44633   655649    44279   655757    44159   655883    43943   656153    43577   656519    43403   656609    43319   656783    43067   656993    40283   651809    62597     5693   215939   686897    86579
    86399   686963   484607   695999   358703    56123   643919    55997   644057    55889   644519    55457   644669    55259   644789    55163   644933    54983   645137    54773   645383    54563   645467    54503   645629    54323   645713    54269   645839    53993   646067    53849   646193    53699   646397    53147   646889    53093   646937    52973   647039    52937   647117    52859   647189    46103   643589     4007   215399    13043   613607
   613637   687809   205319     3767     2879   697217     2633   697397     2549   697583     2333   697733     2129   697937     2039   697979     1823   698273     1709   698339     1619   698393     1559   698483     1499   698567     1283   698729     1103   699053      947   699077      887   699197      719   699323      569   699449      479   699539      449   699617      239   699947       53   700001   347957   697079   494687    12197    86369
    85247      563   352493   226427   473597   226283   473789   226007   474017   225977   474197   225569   474479   225509   474503   225347   474707   225227   474839   225149   474917   225023   475037   224897   475289   224603   475427   224423   475679   224309   475877   224033   476087   223823   476249   223637   476429   223529   476513   223403   476639   223253   476759   222857   477293   222647   477677   222197   473519   699443   614759
   600833   353747    23027   677147    22697   677387    22367   677657    22193   677927    21929   678203    21599   678437    21407   678659    21227   678989    20939   679127    20849   679463    20399   679709    20183   679829    20147   679883    19979   680213    19709   680453    19373   680993    18959   681089    18869   681167    18749   681293    18587   681563    18329   681719    18233   682049    17747   682277    16703   676967    99173
   355763    96959   603149    96797   603227    96749   603563    96059   603989    95783   604259    95393   604727    95273   604787    95177   604997    94889   605393    94529   605543    94433   605609    94169   606083    93893   606323    93563   606449    93503   606527    93419   606743    93047   607049    92849   607253    92699   607337    92657   607517    92387   607769    91733   608303    91583   608429    91397   608633    88793   602999
