    99347   600689    99173   600857    99023   601043    98939   601079    98627   601487    98123   601949    97973   602039    97919   602333    97553   602543    97379   602639    97007   603047    96857   603209    96779   603257    96443   603947    96017   604223    95747   604613    95279   604733    95219   604829    95009   605117    94613   605477    94463   605573    94397   605837    93923   606113    93683   606443    93557   607769   346259
   606503    24659   675413    24413   675827    24083   675929    24029   676217    23753   676259    23669   676373    23537   676589    23357   676679    23279   676919    23063   676967    23027   677147    22697   677387    22367   677657    22193   677927    21929   678203    21599   678437    21407   678659    21227   678989    20939   679127    20849   679463    20399   679709    20183   679829    20147   679883    19979   686897   340877    93503
    93479   680213   229343   470783   229139   471137   228797   471299   228617   471467   228257   471803   228113   471929   227873   472469   227363   472799   227189   472847   227147   473453   226487   473579   226409   473723   226217   473999   225989   474029   225809   474437   225527   474497   225503   474659   225299   474779   225167   474857   225089   474983   224969   475109   224717   475403   224579   476753   345749    19793   606527
   606587    19709   475583     4919   695117     4799   695327     4637   695777     4139   695873     4127   695927     4007   696077     3923   696239     3593   696617     3347   696887     2957   697079     2879   697217     2633   697397     2549   697583     2333   697733     2129   697937     2039   697979     1823   698273     1709   698339     1619   698393     1559   698483     1499   698567     1283   352193   694619   224423   680297    93419
    93263   680453   224327   698729    58727   641327    58427   641639    58217   641813    58109   642197    57773   642419    57383   642737    57173   642899    57059   643043    56807   643373    56543   643553    56417   643883    56087   644009    55949   644117    55487   644549    55337   644747    55217   644843    55073   645023    54869   645233    54623   645443    54539   645503    54377   647033   346553     1277   475679    19553   606743
   606959    19373   475697     1103   645683    50627   649457    50387   649643    50207   649877    50069   650183    49529   650483    49463   650813    49019   651017    48767   651473    48497   651767    48197   652229    47513   652499    47339   652727    47093   653117    46853   653357    46643   653507    46229   653819    46103   654047    45953   654509    45413   654629    45263   659159   342647    54323   698903   224309   680633    93047
    92957   680993   224129   699053    54293   654827   316193   383909   316037   384029   315899   384113   315803   384227   315599   384437   315527   384599   315269   384827   314927   385127   314813   385199   314627   385403   314513   385607   314267   385793   314189   385877   314063   386117   313853   386279   313637   386489   312989   387077   312779   387263   312737   391067   344957    45179   645713      953   475877    19013   607049
   607157    18959   475973      947   645737    45083   387329   180623   519509   180419   520067   179903   520193   179693   520349   179579   520433   179357   520679   179243   521153   178697   521363   178613   521447   178487   521537   178439   521603   178349   521819   178127   521903   177893   522167   177623   522623   177347   522737   177257   522839   176699   525869   345473   312677   654923    54269   699059   224033   681047    92849
    92753   681089   223919   699077    54167   655043   312383   523433   297707   402383   297503   402923   296969   403097   296843   403253   296507   403877   296117   403979   295517   404693   295187   404969   294659   405497   294479   405659   294317   405827   294149   405947   293603   406499   293459   406649   293147   406883   293099   407489   292427   291509   463283   176573   387623    44963   645839      929   476087    18917   607253
   607307    18869   476183      887   646013    44777   387917   176369   407639     9377   690869     8969   691199     8669   691343     8597   691433     8543   691583     8369   691709     8243   691787     8087   691997     7907   692249     7673   692399     7583   692459     7253   692927     7043   693089     6869   693149     6827   693317     6653   372269   669659   292367   523637   312089   655229    53993   699119   223823   681137    92699
    92669   681167   223757   699197    53939   655373   312029   523673   292283   693437   345263   354779   344969   355463   344363   355679   344243   355799   344153   355967   343913   356219   343313   356933   343037   357107   342659   357353   342569   357509   342413   357659   342239   357809   341927   358229   341729   358499   341339   339137   367823     6569   407723   176333   387977    44633   646067      809   476249    18839   607337
   607349    18749   476369      719   646157    44357   388109   176243   407783     6473   358703   267857   432203   267719   432359   267593   432437   267557   432527   267419   432989   266957   433073   266927   433319   266633   433673   266159   433877   266117   434249   265739   434297   265703   434387   265547   434813   265157   447107   335693   341303   693533   292223   523763   311897   655649    53849   699287   223637   681257    92657
    92489   681293   223577   699323    53813   655727   311747   523793   292037   693677   341273   434927   140207   559883   139967   560123   139709   560459   139409   560639   139169   560873   139109   560939   138959   561083   138647   561377   138617   561419   138407   561767   138209   561809   138059   562007   137723   577799   333713   265079   358733     6329   407969   176213   388259    44279   646193      683   476429    18713   607517
   607619    18587   476477      569   646307    44249   388319   176159   408137     6323   358979   264899   562307   255137   444929   255053   445019   254777   445307   254207   445967   254003   446087   253733   446399   253349   446759   252887   447137   252827   447683   251939   448367   251609   448829   251099   249749   547223   137699   435107   341027   693683   291869   523847   311687   655757    53699   699437   223529   681419    92387
    91733   681563   223493   699443    53609   655847   311603   523877   291833   693689   340979   435179   137597   449003   317777   382553   317363   382727   317159   382883   317087   383069   316907   383147   316853   383303   316577   383633   307919   392423   307529   392669   307169   392927   306947   302459   438989   251003   562409   264827   359027     6317   408173   176129   388403    44159   646397      563   476513    18443   608273
   608303    18329   476603      557   646859    44123   388727   175949   408263     6263   359069   264749   562439   250889   393257   305267   394787   304979   395069   304847   395243   304553   395657   303803   396239   303713   396323   303497   396533   303377   396713   303287   396887   303053   302747   443489   306749   449117   137567   435257   340937   693743   291743   524057   311279   655883    53147   699449   223403   681677    91703
    91583   681719   223367   699527    53117   656063   311183   524087   291569   693809   340859   435263   137399   449153   306707   397037   231947   468113   231533   468527   231359   468683   231269   468899   231053   469037   230567   469613   230357   469793   229799   470243   229727   489179   330359   302969   393299   250853   562607   264743   359147     6197   408437   175919   388823    43943   646889      479   476639    18287   608423
   608429    18233   476759      467   646913    43853   389057   175499   408563     5927   359297   264443   562613   250703   393473   302723   470303   113327   586793   113027   587087   112787   587417   112577   587603   112337   587753   112019   588113   111833   588239   111659   600167   337313   229703   397283   306533   449303   137393   435563   340709   694079   291443   524507   310949   656153    53093   699539   223247   681773    91577
    91397   682049   222857   699557    53069   656429   310889   524939   291293   694193   340649   435569   137303   449333   306419   397427   229589   588383   212117   488009   211949   488513   211433   488603   211373   488687   211283   488759   211097   489197   210599   206897   631529   111623   470417   302579   393587   250673   562703   264437   359357     5813   408713   175067   389117    43577   646937      449   477149    17957   608609
   608633    17747   477293      389   647039    43487   389273   174989   408719     5783   359837   264359   563117   250643   393629   302573   470453   111497   489449   279329   420737   279203   420977   278903   421163   278609   421517   278363   421727   278063   275999   495449   210557   588509   229553   397433   306377   449363   136889   435647   340169   694223   291287   525017   310733   656519    52967   699617   222713   682259    91373
    91163   682277   222647   699767    52937   656603   310559   525257   290999   694313   339839   435653   136649   449663   306329   397493   229409   588683   210527   422087   276827   423299   276593   423503   276449   423617   276293   423749   276137   275837   497729   277919   489479   111323   470597   302513   393677   250343   563357   264353   360167     5693   409007   174749   389447    43403   647069      239   477359    17729   608843
   608987    17669   477677       59   647117    43397   389567   174653   409043     5657   360257   264167   563447   250307   393797   302417   480713   111269   489539   277757   424019   203117   496949   202889   497339   202409   497603   202343   186239   661139   275987   422249   210467   588737   219293   397589   306209   449699   136559   435839   339749   694349   290963   525353   310439   656609    52889   699947   222329   682337    91019
    90863   682427   222197   699953    52859   656687   310283   525593   290669   694367   339413   435893   136463   449807   306149   398063   219017   588743   210347   422363   275783   497957    87083   613013    86843   613169    86753   626333   336827   202049   424223   277643   489659   111263   480989   301943   393857   250199   563543   264113   360593     5639   409337   174413   389723    43319   647147       53   477809    17579   609143
   609173    17333   477857        5   647189    43223   389783   174407   409349     5519   360749   264083   563663   250043   393977   301877   481043   111227   489689   277637   424433   201953   613427   199523   500519   199403   190403   660167    86579   498053   275573   422369   210317   588779   218963   398129   306029   449963   136343   435923   339257   694487   290657   525599   310223   656783    52817   700001   222149   682673    90833
    90647   682679   222107   350039    52673   656939   310187   525677   290627   694523   338993   435947   136193   450083   305999   398213   218873   588953   210263   422459   275459   498557    86399   500693   272003   238163   539843   199313   613607   201449   424547   277547   489743   111053   481133   301793   394007   249923   563813   264059   361013     5483   409379   174329   389819    43067   647333   349967   477899    17327   609359
   609407    16703   477947   349919   647453    43013   389957   174197   409517     5087   361337   263909   564359   249797   394073   301703   481157   111029   489833   277247   424559   201359   613637   503423   617843   350003    82163   196583    86369   498647   275447   422759   210173   588977   218849   398303   305933   450209   135647   436097   338669   694919   290489   525809   310049   656993    52553   350087   222059   683303    90599
    90473   683357   222029   350093    52529   657017   309929   526037   290189   694997   338573   436157   135599   450227   305849   398357   218627   589187   209987   422789   275339   498803   614387   506537   160163   461843   428003   193469    85619   201203   424667   277217   490019   110819   481379   301649   394157   249779   564407   263849   361433     5009   409817   173969   390077    42989   647477   349913   477977    16649   609533
   609599    16553   478157   349793   647489    42773   390107   173933   409823     5003   361463   263723   564617   249593   394223   301583   481589   110597   490169   276953   424967   503267    71909    39839   199487   500603   509603   500483   628097   196739   275039   423053   209837   589409   218417   398423   305783   450413   135389   436283   338543   695003   290183   526073   309899   657233    52517   350213   221849   683453    90407
    90263   683477   221807   350219    52379   657269   309797   526139   290039   352907   338369   436439   135353   450473   305639   398543   217907   589439   209639   423173   274517   506147   363179    86993   613163    86837   613253    73673   612923   193859   425489   276833   490367   110567   482099   301463   394367   249533   564653   263567   361637   347099   409967   173867   390209    42737   647627   349787   478199    16529   609743
   609779    16493   478259   349553   647693    42683   390407   173807   410117   347033   361727   263399   564797   249503   394409   301247   482213   110477   490463   275969   571853    38867   203057   497117   202667   497597   202403   497663   513767   496889   128153   424037   209543   589529   217793   398759   305597   450503   135209   436607   338279   352973   289889   526199   309599   657323    52313   350453   221747   683513    90227
    90203   683687   221603   350663    52259   657473   309503   526223   289763   353459   338237   436739   135089   450557   305483   398933   217697   589877   492413   567719   202277   276707   423413   276503   423557   276389   423713   276257   423869   424169   423179   132287   207593   110129   482309   301073   394523   249449   564917   263267   361769   346547   410243   173783   390503    42533   647747   349343   478403    16319   609803
   609809    16229   478679   349043   647753    42509   390527   173699   410279   346439   361793   262853   564989   249419   394529   300869   482387   109517   487133   204557   279269   420803   279029   421103   278843   421397   278489   421643   278279   421943   424007   420677   212873   590489   217619   399137   305477   450587   135017   437153   338213   353567   289727   526307   309479   657497    52253   350963   221327   683777    90197
    90017   683783   221219   351179    52223   657539   309359   526649   289319   353657   338207   437273   134669   450677   305369   399149   482837   575153    68477   211997   488057   211493   488573   211403   488633   211319   488723   211247   488909   210809   489407   493109   487889   124853   217169   300857   394637   249329   565337   262733   361799   346349   410687   173357   390647    42467   647783   348827   478787    16223   609989
   610157    16217   478913   348527   648029    42299   390737   173297   410903   346223   361973   262649   565517   249287   394643   298013   184649   362693   113213   586979   112919   587219   112589   587429   112403   587669   112253   587987   111893   588173   111767   588347    99839   586679   515357   401993   305363   450719   134489   437357   338033   353783   289103   526709   309269   657707    51977   351479   221093   683789    89849
    89819   683819   221069   351563    51899   657779   309137   526733   288839   353819   338027   437363   134417   450899   396413   492059   369647   231893   468473   231479   468647   231323   468737   231107   468953   230969   469439   230393   469649   230213   470207   229763   470279   210827   468059   207947   303593   249107   565589   262643   361979   346187   411167   173273   390869    42227   648107   348443   478937    16187   610187
   610409    16097   479147   348419   648239    42197   391073   173267   411233   346139   362099   262313   565637   450917   380909   256517   305219   395027   304937   395159   304763   395453   304349   396203   303767   396293   303683   396509   303473   396629   303293   396719   303119   396953   397259   394739   319097   249089   134369   437693   337907   353867   288773   526739   308933   657809    51767   351587   220859   683909    89597
    89567   683933   219983   351599    51749   657827   308723   526829   288527   353963   337859   437753   132749   441179   261017   317453   382643   317279   382847   317123   382919   316937   383099   316859   383153   316703   383429   316373   392087   307583   392477   307337   392837   307079   393059   397547   382229   258827   567257   262253   362147   346043   411479   173177   391283    42179   648257   348407   480023    16073   610439
   610619    16067   480047   348353   648293    42023   391367   172883   411617   345689   362213   262187   546599   152783   255077   444953   254987   445229   254699   445799   254039   446003   253919   446273   253607   446657   253247   447119   252869   447179   252323   448067   251639   448397   251177   448907   450257   444869   153407   437819   337793   354317   288389   527123   308639   657983    51713   351653   219959   683939    89387
    89303   684119   219839   351797    51329   658079   308519   527129   288227   354677   336887   420029   366293   140123   560039   139883   560297   139547   560597   139367   560837   139133   560897   139067   561047   138923   561359   138629   561389   138587   561599   138239   561797   138197   561947   137999   562283   122207   559799   279977   363119   345329   411779   172877   391487    41927   648677   348209   480167    15887   610703
   610733    15767   480209   348077   648719    41879   391679   172673   412067   667427   374987   364313   267803   432287   267647   432413   267569   432449   267479   432587   267017   433049   266933   433079   266687   433373   266333   433847   266129   433889   265757   434267   265709   434303   265619   434459   265193   434849   252899   432149   325019    32579   287939   527333   308327   658127    51287   351929   219797   684239    89273
    89189   684269   219707   352049    51203   658247   308249   527399   287813   689903   332183   345227   355037   344543   355643   344327   355763   344207   355853   344039   356093   343787   356693   343073   356969   342899   357347   342653   357437   342497   357593   342347   357767   342197   358079   341777   358277   341507   358667   360869   354743    10103   412193   172607   391757    41759   648803   347957   480299    15737   610817
   610919    15359   480317   347933   649157    41729   391889   172517   518597    30347     9137   691037     8807   691337     8663   691409     8573   691463     8423   691637     8297   691763     8219   691919     8009   692099     7757   692333     7607   692423     7547   692753     7079   692963     6917   693137     6857   693179     6689   693353   327737   690629   181409   527489   308117   658277    50849   352073   219689   684647    89087
    88937   684773   219677   352133    50789   658319   392723   516947   236723   297623   402503   297083   403037   296909   403163   296753   403499   296129   403889   296027   404489   295313   404819   295037   405347   294509   405527   294347   405689   294179   405857   294059   406403   293507   406547   293357   406859   293123   406907   292517   407579   408497   402299   183059   307283    41687   649217   347873   480329    15233   611069
   611189    15149   480419   347513   649283   660227   296249   354533   180497   519587   179939   520103   179813   520313   179657   520427   179573   520649   179327   520763   178853   521309   178643   521393   178559   521519   178469   521567   178403   521657   178187   521879   178103   522113   177839   522383   177383   522659   177269   522749   177167   523307   174137   519383   403757    39779    50723   352493   219587   684857    88817
    88799   684869   219503   352949   649829    25169   355049   316097   383969   315977   384107   315893   384203   315779   384407   315569   384479   315407   384737   315179   385079   314879   385193   314807   385379   314603   385493   314399   385739   314213   385817   314129   385943   313889   386153   313727   386369   313517   387017   312929   387227   312743   387269   308939   383813   674837    50177   347057   480503    15137   611207
   611213    15083   480569   694019    40163   357359    50549   649619    50363   649799    50129   649937    49823   650477    49523   650543    49193   650987    48989   651239    48533   651509    48239   651809    47777   652493    47507   652667    47279   652913    46889   653153    46649   653363    46499   653777    46187   653903    45959   654053    45497   654593    45377   654743    40847   649379   659843     5987   219437   684923    88793
    88547   684989   486797   695069   353453    58679   641579    58367   641789    58193   641897    57809   642233    57587   642623    57269   642833    57107   642947    56963   643199    56633   643463    56453   643589    56123   643919    55997   644057    55889   644519    55457   644669    55259   644789    55163   644933    54983   645137    54773   645383    54563   645467    54503   645629    52973   641279     4937   213209    15017   611459
   611483    14759   201797     5387     4889   695207     4679   695369     4229   695867     4133   695879     4079   695999     3929   696083     3767   696413     3389   696659     3119   697049     2927   697127     2789   697373     2609   697457     2423   697673     2273   697877     2069   697967     2027   698183     1733   698297     1667   698387     1613   698447     1523   698507     1439   698723   347813   695087   498209   685247    88523
   624467   669329   354257   229223   470867   228869   471209   228707   471389   228539   471749   228203   471893   228077   472133   227537   472643   227207   472817   227159   472859   226553   473519   226427   473597   226283   473789   226007   474017   225977   474197   225569   474479   225509   474503   225347   474707   225227   474839   225149   474917   225023   475037   224897   475289   224603   475427   223253   470663    30677    75539
    64157   359129    24593   675593    24179   675923    24077   675977    23789   676253    23747   676337    23633   676469    23417   676649    23327   676727    23087   676943    23039   676979    22859   677309    22619   677639    22349   677813    22079   678077    21803   678407    21569   678599    21347   678779    21017   679067    20879   679157    20543   679607    20297   679823    20177   679859    20123   680027    13109   675347   635849
   353747    99317   600833    99149   600983    98963   601067    98927   601379    98519   601883    98057   602033    97967   602087    97673   602453    97463   602627    97367   602999    96959   603149    96797   603227    96749   603563    96059   603989    95783   604259    95393   604727    95273   604787    95177   604997    94889   605393    94529   605543    94433   605609    94169   606083    93893   606323    93563   606449    92237   600659
