    16741    63361    16651    63499    16477    63601    16411    63649    16111    63949    15937    64231    15739    64399    15451    64579    15427    64627    15271    64879    15091    65287    38839
    65071     5701    74377     5569    74587     5407    74821     5077    74959     4909    75217     4729    75367     4507    75571     4441    75679     4297    75787     4051    75997    39139    14947
    14929    75991    28711    51349    28657    51421    28591    51439    28537    51607    28387    51721    28201    51907    28069    51991    27997    52051    27961    53197    38377     4027    65089
    65167     3919    52201      349    79687      241    79861      151    79939       31    79999    39979    40177    39829    40351    39631    40507    39499    42061    37861    27817    76099    14851
    14779    76129    27751    40609     2011    78031     1879    78157     1789    78241     1759    78277     1579    78487     1447    78691     1321    46549    71917    39409    52267     3889    65239
    65539     3769    52321    39199    78721      661    79399      607    79531      457    79579      409    79621    37567    42457    37447    36901    45481     1297    40819    27697    76249    14479
    14461    76387    27631    40939     1237    42577    30949    49081    30841    49201    30757    49369    30559    49549    30391    29311    60091    37441    78781    39079    52387     3631    65557
    65581     3547    52489    38971    78787    37369    49711    17359    62701    17257    62827    17167    62989    16987    67477    35317    30307    42649     1231    41047    27529    76471    14437
    14431    76507    27457    41227     1129    42697    30271    63097    25471    54679    25309    54799    25189    24379    70237    16921    49747    37321    78889    38791    52561     3511    65587
    65599     3499    52609    38749    78901    37309    49807    12889    54907    32797    47269    32611    31531    55837    25111    67129    30211    42709     1117    41269    27409    76519    14419
    14401    76561    27271    41281     1039    42829    30187    67219    24967    47431    31357    53611    35059    32587    55051    12799    49831    37189    78979    38737    52747     3457    65617
    65629     3301    52807    38677    79111    37159    49921    12757    55171    50377    43711    40009    36307    29641    24847    67261    30097    42859      907    41341    27211    76717    14389
    14341    76801    27067    41389      859    42901    30091    67399    58537    45259    44959    26407    48661    34759    21481    12619    49927    37117    79159    38629    52951     3217    65677
    66337     3187    52957    38371    79231    37057    50101    67531    51229    24181    32749    47407    48487    47221    28789    12487    29917    42961      787    41647    27061    76831    13681
    13477    76837    26737    41719      739    42979    29437     7129     9781    25339    54709    25219    54829    55639    54547    72889    50581    37039    79279    38299    53281     3181    66541
    66601     3001    53377    38281    79309    44491    69697    44701    17317    62761    17191    62851    17029    63031    12541    62659    10321    35527      709    41737    26641    77017    13417
    13297    77047    26539    41851    42139    77551    19927    30937    49177    30817    49261    30649    49459    30469    49627    50707    49069     2467    37879    38167    53479     2971    66721
    66751     2917    53569    42187    68821    34537      619    79411      487    79561      439    79609      397    42451    37561    42571    43117    79357    11197    37831    26449    77101    13267
    13177    77167    55849    74197     8101     1987    78139     1861    78229     1777    78259     1741    78439     1531    78571     1327    78697    33469    78007     5821    24169     2851    66841
    66919    40801    21187    42157      331    79777      157    79867       79    79987       19    40039    39841    40189    39667    40387    39511    40519    37957    79669    58831    39217    13099
    12829    36241    41641    28669    51361    28597    51427    28579    51481    28411    51631    28297    51817    28111    51949    28027    52021    27967    52057    26821    51307    43777    67189
    62971    40879     5641    74449     5431    74611     5197    74941     5059    75109     4801    75289     4651    75511     4447    75577     4339    75721     4231    75967     4021    74317    17047
    41179    16657    63367    16519    63541    16417    63607    16369    63907    16069    64081    15787    64279    15619    64567    15439    64591    15391    64747    15139    64927    14731    63277
