    17029    63031    16921    63277    16657    63367    16519    63541    16417    63607    16369    63907    16069    64081    15787    64279    15619    64567    15439    64591    15391    66841    36901
    64747     5857    74167     5821    74317     5641    74449     5431    74611     5197    74941     5059    75109     4801    75289     4651    75511     4447    75577     4339    77017    37957    15271
    15139    75721    29017    51109    28867    51229    28711    51349    28657    51421    28591    51439    28537    51607    28387    51721    28201    51907    28069    52561    38791     4297    64879
    64927     4231    51991      409    79621      349    79687      241    79861      151    79939       31    79999    39979    40177    39829    40351    39631    40819    39079    28027    75787    15091
    14947    75967    27997    40507     2179    77929     2011    78031     1879    78157     1789    78241     1759    78277     1579    78487     1447    44221    74149    39511    52021     4051    65071
    65089     4027    52051    39499    78691      739    79309      661    79399      607    79561      439    41719    38281    41851    37879    42571    77101     1327    40519    27967    75991    14929
    14851    75997    27961    40609     1321    42157    31237    48787    31219    48859    31147    49069    30937    49177    30817    29641    59209    37861    78697    39409    52057     4021    65167
    65239     3919    52201    39217    78721    37831    49261    17827    62311    17551    62617    17359    62701    17257    67399    35059    30757    42187     1297    40801    27817    76099    14779
    14731    76129    27751    40879     1237    42451    30649    62827    25969    54151    25801    54361    25609    25111    69061    17191    49369    37567    78781    39139    52267     3889    65287
    65539     3769    52321    38971    78787    37561    49459    17167    54547    33427    46687    33247    50707    35977    25471    62851    30559    42457     1231    41047    27697    76249    14479
    14461    76387    27631    41179     1129    42577    30469    62971    25339    46807    33199    60091    26737    33211    54679    17047    49549    37441    78889    38839    52387     3631    65557
    65581     3547    52489    38749    78901    37369    49627    13297    54709    32869    33547    40009    46471    47149    25309    66721    30391    42649     1117    41269    27529    76471    14437
    14431    76507    27409    41281     1039    42697    30307    66751    58441    42901    53281    19927    46819    37117    21577    13267    49711    37321    78979    38737    52609     3511    65587
    65599     3499    52747    38677    79111    37309    49747    48541    50101    44041    33331    46771    29311    46591    29917    31477    30271    42709      907    41341    27271    76519    14419
    14401    76561    27211    41389      859    45259    21187    25741    10957    25867    54217    25657    54409    54907    54049    54277    58831    34759    79159    38629    52807     3457    65617
    65629     3301    52951    38377    79231    73771    77347    44959    17707    62467    17401    62659    17317    62761    12619    62191     2671     6247      787    41641    27067    76717    14389
    14341    76801    27061    41647    79531    77479    20809    31231    48799    31159    48871    30949    49081    30841    49201    50377    48781     2539      487    38371    52957     3217    65677
    66337     3187    53197    44497    33529     2917      709    79357      619    79411      457    79579    38299    41737    38167    42139    37447    79279    46489    35521    26821    76831    13681
    13477    76837    53377    73327     5869     2089    78007     1987    78139     1861    78229     1777    78259     1741    78439     1531    78571    35797    77839     6691    26641     3181    66541
    66601     2287    23581    40939      397    79669      331    79777      157    79867       79    79987       19    40039    39841    40189    39667    40387    39199    79609    56437    77731    13417
    12277    73597    41227    28909    51151    28789    51307    28669    51361    28597    51427    28579    51481    28411    51631    28297    51817    28111    51949    27457    51001     6421    67741
    61717    42061     5851    74197     5701    74377     5569    74587     5407    74821     5077    74959     4909    75217     4729    75367     4507    75571     4441    75679     3001    74161    18301
    43117    16987    63097    16741    63361    16651    63499    16477    63601    16411    63649    16111    63949    15937    64231    15739    64399    15451    64579    15427    64627    13177    62989
