     2089    78007     1987    78139     1861    78229     1777    78259     1741    78439     1531    78571     1327    78697     1297    78781     1231    78889     1117    78979      907    79561    38791
    79159    31771    48487    31477    48661    31267    48781    31231    48799    31159    48871    30949    49081    30841    49201    30757    49369    30559    49549    30391    30091    58897      859
      787    49711    14479    65557    14437    65587    14419    65617    14389    65677    13681    66541    13417    66721    13267    66841    13099    67129    12829    67807    38677    30307    79231
    79279    30271    67219    25339    54709    25219    54829    25111    55051    24847    55219    24517    55579    24379    55681    24181    55849    24121    57241    38281    12799    49747      739
      709    49807    12757    55921    28069    51991    27997    52051    27961    52267    27697    52387    27529    52561    27409    52747    27211    22381    69877    24097    67261    30211    79309
    79357    30187    67399    24091    52951    25981    54049    25867    54217    25741    54361    25609    54547    23029    57097    22717    22291    74611    27067    55927    12619    49831      661
      619    49921    12589    56041    27061    57349    16987    63097    16741    63361    16651    63499    16477    63601    16411    68947    34327    22669    52957    23977    67429    30097    79399
    79411    29917    67477    23917    53197    22621    63649     2659    77479     2467    77641     2371    77731     2221    42571    74941    16369    57397    26821    56101    12541    50101      607
      487    50377    12487    56131    26737    57487    16111    77839    10771    69379    10357    69697    10159    70201    39499     2179    63907    22531    53281    23887    67531    29641    79531
    79579    29437    67567    23869    53377    22447    63949    39979    70051    18367    61717    18289    69061    32611     9967    40039    16069    57571    26641    56149    12451    50581      439
      409    50671    12277    56299    26539    57649    15937    40189     9907    61819    17029    65167    37831    18199    70111    39829    64081    22369    53479    23719    67741    29347    79609
    79621    29311    67777    23581    53569    22189    64231    39667    70117    68821    60811    40009    19207    11197     9901    40351    15787    57829    26449    56437    12241    50707      397
      349    50767    11959    56479    26407    57847    15739    40387    71329     3631    42187    14851    62989    76387     8689    39631    64279    22171    53611    23539    68059    29251    79669
    79687    29179    68239    23509    53857    22159    64399    41047     7369    47407    18301    61729    10957    61651    72649    38971    15619    57859    26161    56509    11779    50839      331
      241    51001    11689    56767    26119    57991    68899    73237    40519    10639    69661    10321    69859     9817    69247     6781    11119    22027    53899    23251    68329    29017    79777
    79861    28909    68491    23209    54001    59509     4507     5077     2539    77551     2377    77647     2287    77797    37447    77359    75511    20509    26017    56809    11527    51109      157
      151    51151    11497    56821    60589    51481    45691    16921    63277    16657    63367    16519    63541    16417    63607    11071    63031    28537    19429    23197    68521    28867    79867
    79939    28789    68581    22651    47521     5407    25969    54151    25801    54277    25657    54409    25471    56989    22921    57301    57727    54037    32497    57367    11437    51229       79
       31    51307    70009    53791    10141    28027    52021    27967    52057    27751    52321    27631    52489    27457    52609    27271    52807    57637    51949    26227    10009    28711    79987
    79999    27817     6337    41737    25309    54799    25189    54907    24967    55171    24799    55501    24439    55639    24337    55837    24169    55897    22777    54679    73681    52201       19
    40177    68767    41341    14461    65581    14431    65599    14401    65629    14341    66337    13477    66601    13297    66751    13177    66919    12889    67189    12211    65539    11251    39841
    37039    21121    31531    48541    31357    48751    31237    48787    31219    48859    31147    49069    30937    49177    30817    49261    30649    49459    30469    49627    49927    48247    42979
    41227     2011    78031     1879    78157     1789    78241     1759    78277     1579    78487     1447    78691     1321    78721     1237    78787     1129    78901     1039    79111      457    77929
