    20809    59377    20611    59419    20551    59497    20509    59539    20407    59629    20359    59671    20089    59971    19927    60127    19801    60259    19687    60337    19429    61231    38971
    60601     9511    70621     9391    70867     9127    70951     9049    71011     8929    71257     8731    71329     8677    71389     8599    71437     8539    71551     8311    73471    37441    19417
    19387    71809    33529    46549    33427    46687    33247    46807    33199    46867    32869    47221    32749    47407    32587    47521    32491    47659    31771    31147    56437     8209    60631
    60637     8101    48487     3217    76831     3181    77017     2971    77101     2851    77269     2671    77359     2539    77551     2377    77647     2287    42697    74587    31531    71917    19381
    19207    72091    31477    77797     5857    74167     5821    74317     5641    74449     5407    74821     5077    74959     4909    75217     4729    76387    38377     2221    48541     7927    60811
    60937     7879    48661     2179    75367     3889    76249     3547    76507     3499    76561     3301    78691     1321    78721     1237    79987    36607     4651    77839    31357    72139    19081
    18919    72229    31267    77929     4507    78787    35401    44701    35221    44959    34897    45259    34729    45427    34537    45751    39217     1231    75511     2089    48751     7789    61099
    61261     7741    48781     1987    75571     1129    45589    21277    58771    21187    58897    20899    62311    17551    70009    29179    34429    78889     4447    78031    31237    72277    18757
    18679    72337    31231    78139     4441    78901    34351    62617    28909    51151    28789    51307    28669    51607    39631    17401    45667     1117    75577     1879    48787     7681    61339
    61357     7639    48799     1861    75679     1039    45691    17359    51361    37057    42979    36901    29251    53857    28657    62659    34327    78979     4339    78157    31219    72379    18661
    18637    72469    31159    78229     4297    79111    34261    62701    28597    43237    36229    13681    70117    36781    51421    17317    45757      907    75721     1789    48859     7549    61381
    61561     7537    49069     1777    75787      859    45979    17257    51427    36241    73897    40009     6121    43777    28591    62761    34039    79159     4231    78241    30949    72481    18457
    18367    72559    30937    78259     4051    79231    33997    62827    51631    57349     9901    66337    43789    22669    28387    17191    46021      787    75967     1759    49081     7459    61651
    61717     7369    49177     1741    75991      739    46051    64747    27751    26161    37039    43117    50767    42961    52267    15271    33967    79279     4027    78277    30841    72649    18301
    18289    72859    30817    78439     4021    79357    50707      457    40387    28867    51229    28711    51349    28411    51109    79561    29311      661    75997     1579    49201     7159    61729
    61819     7129    49261     1531    76099    37447    27271    50839    21247    58831    21121    59119    17707    62467    10009    58741    52747    42571     3919    78487    30757    72889    18199
    18181    72949    30649    78571    39667    36217    40801    35317    44797    35059    45121    34759    45289    34591    45481    34267    44617    43801    40351     1447    49369     7069    61837
    62047     6829    49459    79309    37159    43411     3769    76471     3511    76519     3457    76717     1327    78697     1297    78781       31    76129    42859      709    30559    73189    17971
    17881    73237    30469    33757    41641     5851    74197     5701    74377     5569    74611     5197    74941     5059    75109     4801    75289     3631    74161    46261    49549     6781    62137
    62191    73327    63361     5431     3187    76837     3001    77047     2917    77167     2749    77347     2659    77479     2467    77641     2371    77731    37321    76801    16657     6691    17827
    63499     2011    23581    33469    46591    33331    46771    33211    46819    33151    47149    32797    47269    32611    47431    32497    47527    32359    48247    48871    46489    78007    16519
    13177    42577     9397    70627     9151    70891     9067    70969     9007    71089     8761    71287     8689    71341     8629    71419     8581    71479     8467    71707     6547    70507    66841
    41047    20641    59407    20599    59467    20521    59509    20479    59611    20389    59659    20347    59929    20047    60091    19891    60217    19759    60331    19681    60589    18787    59209
