    22291    57829    22171    57859    22027    58027    21961    58147    21787    58369    21601    58441    21481    58699    21277    58771    21187    58897    20899    59209    20641    59419    39217
    59407    10909    69127    10867    69247    10639    69661    10321    69859    10141    70009     9967    70111     9901    70201     9811    70237     9769    70297     9697    70627    38791    20611
    20551    70507    34759    45289    34591    45481    34429    45667    34327    45751    34261    45979    33997    46051    33871    46261    33739    46381    33619    33331    52387     9511    59467
    59497     9397    46441     4729    75367     4507    75571     4441    75679     4297    75787     4051    75991     4021    76099     3889    76249     3631    77167    38677    33577    70621    20521
    20509    70867    33547    76471     7537    72559     7369    72859     7129    72949     6829    73237     6709    73327     6547    73597     6367    74149    38971     3547    46471     9151    59509
    59539     9127    46489     3511    73681     5569    74587     5407    74821     5077    74959     4909    77359     2467    77641     2371    78721    36229     6337    76507    33529    70891    20479
    20407    70951    33469    76519     6247    77731    37159    42901    37057    42979    36901    43237    36697    43411    36307    43951    39499     2287    73771     3499    46549     9067    59611
    59629     9049    46591     3457    73819     2221    43777    22651    57397    22531    57571    22381    57649    19387    62137    38377    36241    77797     6199    76561    33427    70969    20389
    20359    71011    33247    76717     6151    77839    36217    60637    30937    49177    30817    49261    30649    49711    39511    19381    43801     2179    73867     3301    46771     9007    59659
    59671     8929    46807     3217    73897     2089    43867    19207    49459    38737    41389    38371    41719    39829    30559    60811    36151    77929     6121    76801    33211    71089    20347
    20089    71257    33199    76831     6079    78007    35977    60937    30469    41737    37567    18181    64279    38281    49549    19081    44041     2011    73939     3187    46819     8761    59929
    59971     8731    46867     3181    73951     1987    44119    18919    49627    50671    66721    40009    13297    29347    30391    61099    35899    78031     6067    76837    33151    71287    20047
    19927    71329    32869    77017     5857    78139    35839    61231    50767    28711    15739    61837    42451    51307    29251    18787    44179     1879    74161     3001    47149     8689    60091
    60127     8677    47221     2971    74197     1861    44221    18757    28297    40189    38629    41647    38299    41281    51721    61261    35797    78157     5821    77047    32797    71341    19891
    19801    71389    32749    77101     5701    78229    48487    56101    40507    30841    49201    30757    49369    30307    49081    23917    31531     1789    74317     2917    47269     8629    60217
    60259     8599    47407     2749    74377      739    29917    41641    22621    57487    22447    57637    22369    60631    17881    57367    50101    79279     5641    77269    32611    71419    19759
    19687    71437    32587    77347    42697    71917    40519    37117    42961    37039    43117    36781    43321    36607    43711    36067    42859     8101    37321     2671    47431     8581    60331
    60337     8539    47521     1777    34897    43789     5431    74611     5197    74941     5059    75109     2659    77551     2377    77647     1297    74449    45121    78241    32497    71479    19681
    19429    71551    49831    75217    41047     7459    72649     7159    72889     7069    73189     6781    73309     6691    73471     6421    73651     5869    72481     4801    30187     8467    60589
    60601    74167    40939    41341     4651    75511     4447    75577     4339    75721     4231    75967     4027    75997     3919    76129     3769    76387     2851    75289    39079     5851    19417
    61381     2539    27631    34729    45427    34537    45589    34351    45691    34267    45757    34039    46021    33967    46147    33757    46279    33637    46399    46687    45259    77479    18637
    15937    41227    10891    69151    10771    69379    10357    69697    10159    69877    10009    70051     9907    70117     9817    70207     9781    70249     9721    70321     9391    69109    64081
    40801    22189    57847    22159    57991    21991    58057    21871    58231    21649    58417    21577    58537    21319    58741    21247    58831    21121    59119    20809    59377    20599    57727
