     2221    77839     2089    78007     1987    78139     1861    78229     1777    78259     1741    78439     1531    78571     1327    78697     1297    78781     1231    78889     1117    78979    39199
    79111    32491    47659    31771    48487    31477    48661    31267    48781    31231    48799    31159    48871    30949    49081    30841    49201    30757    49369    30559    49807    38971      907
      859    49549    14779    65287    14479    65557    14437    65587    14419    65617    14389    65677    13681    66541    13417    66721    13267    66841    13099    71479    34897    30469    79159
    79231    30391    67129    25609    54547    25339    54709    25219    54829    25111    55051    24799    55501    24439    55639    24337    55837    24169    23581    71437    12889    49627      787
      739    49711    12829    55897    28111    51949    28027    52021    27967    52201    27751    52321    27631    52489    27457    52609    27271    54049    38281    24121    67189    30307    79279
    79309    30271    67219    24097    52807    26119    54001    25981    54151    25801    54361    23029    57097    22777    57301    22669    22381    74449    27211    55921    12799    49747      709
      661    49831    12757    55927    27067    57397    17047    62989    16987    63097    16741    63361    16651    63499    16477    64879    38371    22621    52951    24091    67261    30187    79357
    79399    30097    67399    23977    52957    22531    63601     2917    77167     2749    77347     2659    77479     2467    79987    37309    16417    57487    27061    56041    12619    49921      619
      607    49927    12589    56101    26821    57571    16411    77647    10909    69127    10867    69247    10639    71707    37567     2371    63607    22447    53197    23917    67429    30091    79411
    79531    29917    67477    23887    53281    22369    63649     2287    69661    18367    61717    18289    68521    33151    10357    77731    16369    57649    26737    56131    12541    50101      487
      457    50377    12487    56149    26641    57727    16111    79999    10321    18199    15439    70621    33967    61819    69697       19    63907    22291    53377    23869    67531    29641    79561
    79579    29437    67567    23719    53479    22189    63949    39841    69859    73651    58537    40009    21481     6367    10159    40177    16069    57829    26539    56299    12451    50581      439
      409    50671    12277    56479    26449    57847    15937    40189    71011    42961    46051     9397    64579    37057     9007    39829    64081    22171    53569    23539    67741    29347    79609
    79621    29311    67777    23509    53611    22159    64231    41281     5851    46867    18301    61729    11497    61651    74167    38737    15787    57859    26407    56509    12241    50707      397
      349    50767    12211    56767    26227    57991    69877    33211    42451    10891    69151    10771    69379     8311    69109    46807    10141    22027    53791    23251    67807    29251    79669
    79687    29179    68059    23209    53857    58831     7639    42709     2851    77269     2671    77359     2539    77551       31    77101    72379    21187    26161    56809    11959    50839      331
      241    51001    11779    56821    25741    51817    41647    17029    63031    16921    63277    16657    63367    16519    63541    15139    62971    28201    54277    23197    68239    29017    79777
    79861    28909    68329    57367    51349     5569    26017    54037    25867    54217    25657    56989    22921    57241    22717    57349    57637    53899    28669    22651    11689    51109      157
      151    51151    70009    52057    41737    28069    51991    27997    52051    27817    52267    27697    52387    27529    52561    27409    52747    25969    51907    27961    10009    28867    79867
    79939    51307     2377     8581    25471    54679    25309    54799    25189    54907    24967    55219    24517    55579    24379    55681    24181    55849    56437    54409    77641    28711       79
    39979    24847    45121    14731    65539    14461    65581    14431    65599    14401    65629    14341    66337    13477    66601    13297    66751    13177    66919     8539    65239    55171    40039
    37447    41047    32359    48247    31531    48541    31357    48751    31237    48787    31219    48859    31147    49069    30937    49177    30817    49261    30649    49459    30211    47527    42571
    40819     2179    77929     2011    78031     1879    78157     1789    78241     1759    78277     1579    78487     1447    78691     1321    78721     1237    78787     1129    78901     1039    77797
