     2371    77731     2221    77839     2089    78007     1987    78139     1861    78229     1777    78259     1741    78439     1531    78571     1327    78697     1297    78781     1231    79111    38971
    78889    32587    47521    32491    47659    31771    48487    31477    48661    31267    48781    31231    48799    31159    48871    30949    49081    30841    49201    30757    49459    39139     1129
     1117    49369    14929    65167    14779    65287    14479    65557    14437    65587    14419    65617    14389    65677    13681    66541    13417    66721    13267    67429    38791    30649    78901
    78979    30469    66841    25741    54361    25609    54547    25339    54709    25219    54829    25111    55051    24799    55501    24439    55639    24337    23581    71341    13177    49549     1039
      859    49627    13099    55837    28201    51907    28069    51991    27997    52051    27961    52201    27751    52321    27631    52489    27457    52609    39499    24181    66919    30391    79159
    79231    30307    67129    24169    52747    26161    53899    26017    54037    25969    54151    25801    56809    23197    56989    22921    22777    71389    27271    55849    12889    49711      787
      739    49747    12829    55897    27211    57301    17167    62971    17029    63031    16921    63277    16657    63367    16519    63649    39511    22717    52807    24121    67189    30271    79279
    79309    30211    67219    24097    52951    22651    63541     2917    77167     2749    77347     2659    77479     2467    79987    37309    16477    57367    27067    55921    12799    49807      709
      661    49831    12757    55927    27061    57397    16417    77641    10891    69151    10771    69379    10357    70297    39217     2377    63601    22621    52957    24091    67261    30187    79357
    79399    30097    67399    23977    53197    22531    63607      151    69697    18661    61381    18457    62467    39079    10321    79867    16411    57487    26821    56041    12619    49921      619
      607    49927    12541    56101    26737    57571    16111    79939    10159    61651    15439    68521    36067    18367    69859       79    63907    22447    53281    23917    67477    30091    79411
    79531    29917    67531    23887    53377    22381    63949       19    69877    70867    60637    40009    19381     9151    10141    79999    16069    57637    26641    56131    12487    50101      487
      457    50377    12451    56149    26539    57649    15937    40039    71089     7927    43951    11497    64579    72091     8929    39979    64081    22369    53479    23869    67567    29641    79561
    79579    29437    67741    23719    53569    22291    64231    39829     7549    40939    18637    61561    17551    61357    72469    40189    15787    57727    26449    56299    12277    50581      439
      409    50671    12241    56479    26407    57829    68821    76837    40801    10867    69247    10639    69661     9721    69127     3181    11197    22189    53611    23539    67777    29347    79609
    79621    29311    67807    23509    53791    62137     9811    42709     2851    77269     2671    77359     2539    77551       31    77101    70207    17881    26227    56509    12211    50707      397
      349    50767    11959    56767    57349    45589    40507    17047    62989    16987    63097    16741    63361    16651    63499    16369    62851    34429    22669    23251    68059    29251    79669
    79687    29179    68239    57859    20479     8629    26119    54001    25981    54049    25867    54217    23209    56821    23029    57097    57241    53857    59539    22159    11779    50839      331
      241    51001    68491    51361    40519    28111    51949    28027    52021    27967    52057    27817    52267    27697    52387    27529    52561    27409    51817    28657    11527    29017    79777
    79861    51631     7741     8677    25657    54409    25471    54679    25309    54799    25189    54907    24967    55219    24517    55579    24379    55681    56437    54277    72277    28387      157
    41737    24847    41227    14851    65239    14731    65539    14461    65581    14431    65599    14401    65629    14341    66337    13477    66601    13297    66751    12589    65089    55171    38281
    35527    40879    32497    47527    32359    48247    31531    48541    31357    48751    31237    48787    31219    48859    31147    49069    30937    49177    30817    49261    30559    47431    44491
    41047     2287    77797     2179    77929     2011    78031     1879    78157     1789    78241     1759    78277     1579    78487     1447    78691     1321    78721     1237    78787      907    77647
