    24967    55171    24799    55501    24439    55639    24337    55837    24169    55897    24097    55927    23977    56101    23887    56149    23719    56437    23539    56509    23251    23209    72649
    56821    14419    65617    14389    65677    13681    66541    13417    66721    13267    66841    13099    67129    12829    67219    12757    67399    12589    67477    12487    75367    31267    23197
    23029    67567    37879    42157    37831    42451    37561    42571    37441    42649    37321    42709    37189    42859    37117    42961    37039    43117    36781    43321    39217    12451    56989
    57097    12277    43411     7639    72469     7537    72559     7159    72889     7069    73189     6781    73309     6691    73471     6421    73651     6337    74611    38371    36607    67741    22921
    22777    67777    36307    73771     9817    70207     9781    70249     9721    70321     9511    70621     9391    70867     9127    70951     9049    71011    39511     6247    43711    12241    57241
    57301    12211    43777     6199    71089     8209    71917     7927    72139     7789    72277     7681    74587     5197    74941     5059    46807    65587     8929    73819    36241    67807    22717
    22669    68059    36229    73867     8761    75109      151    79939       19    40039    39841    40189    39667    40387    39499    41389    78979     4909    71257     6151    43789    11959    57349
    57367    11779    43801     6121    71287     4801    40609    25657    54409    25471    54679    25309    54799    25189    59509    35059    39409    75217     8731    73897    36217    68239    22651
    22621    68329    36151    73939     8689    75289    39199    54907    34267    45757    33997    46051    33871    51361    34759    25111    40819     4729    71329     6079    43867    11689    57397
    57487    11527    43951     6067    71341     4447    40879    21649    46261     1237    78787     1129    41341    77551    33757    58369    39139    75571     8677    73951    36067    68491    22531
    22447    68521    35977    74149     8629    75577    39079    58417    33739    78901    38299    18367    63361     1117    46279    21601    40939     4441    71389     5869    44041    11497    57571
    57637    11437    44119     5857    71419     4339    41047    21577    46381    79159    65071    40009    14947      859    33637    58441    38971    75679     8599    74161    35899    68581    22381
    22369    68767    35839    74167     8581    75721    38839    58537    28867    38281    16657    61651    41719    41737    51151    21481    41179     4297    71437     5851    44179    11251    57649
    57727    11197    44221     5821    71479     4231    41227    20899    45289     2467     1231    78889    38677    78781    34729    59119    38791    75787     8539    74197    35797    68821    22291
    22189    68899    35569    74317     8467    75967    78721    53479    45259    34261    46021    33967    46147    28657    45751    26539     1297     4051    71551     5701    44449    11119    57829
    57847    11071    44491     5641    71707    76129    79309    44959    25609    54547    25339    54709    25219    54829    20509    54361      709     3889     8311    74377    35527    68947    22171
    22159    69031    35521    74449    75511    25867     1039       79    79999    39979    40177    39829    40351    39631    40519    38629    79867    54151     4507     5569    44497    10987    57859
    57991    10957    44617    76471     2851    14431     8101    72091     7879    72229     7741    72337     5431    74821     5077    74959    33211    71809    77167     3547    35401    69061    22027
    21991    69109    45979       31    40507     9811    70237     9769    70297     9697    70507     9397    70627     9151    70891     9067    70969     9007    70201    79987    34039    10909    58027
    58057    10357    31531    41647     7549    72481     7459    72859     7129    72949     6829    73237     6709    73327     6547    73597     6367    73681     5407    72379    48487    69661    21961
    58231    58147    40801    37861    42187    37567    42457    37447    42577    37369    42697    37309    42829    37159    42901    37057    42979    36901    43237    36697    42139    21871    21787
    52057    48751    14401    65629    14341    66337    13477    66601    13297    66751    13177    66919    12889    67189    12799    67261    12619    67429    12541    67531     4651    65599    27961
     7369    24847    55219    24517    55579    24379    55681    24181    55849    24121    55921    24091    56041    23917    56131    23869    56299    23581    56479    23509    56767    56809    55051
