    24517    55579    24379    55681    24181    55849    24121    55921    24091    56041    23917    56131    23869    56299    23581    56479    23509    56767    23209    56821    23029    57097    39139
    57241    13681    66541    13417    66721    13267    66841    13099    67129    12829    67219    12757    67399    12589    67477    12487    67567    12277    67777    12211    68947    37957    22777
    22717    68059    37447    42577    37369    42697    37309    42829    37159    42901    37057    42979    36901    43237    36697    43411    36307    43777    36229    36067    47221    11959    57301
    57349    11779    43801     7159    72889     7069    73189     6781    73309     6691    73471     6421    73651     6337    73771     6199    73867     6121    74149    39079    36217    68239    22669
    22651    68329    36151    73939     9697    70507     9397    70627     9151    70891     9067    70969     9007    71089     8761    71287     8689    77359    33637     6079    43867    11689    57367
    57397    11527    44041     6067    71341     7789    72277     7681    72379     7549    72481     7459    72649     4909    75217     4729    76249    38749     8677    73951    35977    68491    22621
    22531    68521    35899    74161     8629    75367       31    79999    39979    40177    39829    40507    39499    40609    39217    38971    41281     4651    71389     5857    44119    11497    57487
    57571    11437    44179     5851    71419     4507    40819    25189    54907    24967    55171    24799    58417    21577    17707    77347    39199    75511     8599    74167    35839    68581    22447
    22381    68767    35797    74197     8581    75571    38839    58537    33739    46399    33577    46471    33529    33151    53197    21481    41179     4447    71437     5821    44221    11251    57637
    57649    11197    44449     5701    71479     4441    41227    21319    46549      907    79159      787    49081    70111    33469    58699    38791    75577     8539    74317    35569    68821    22369
    22291    68899    35527    74377     8467    75679    38677    58741    33427    79279    38299    79939     1789      739    46591    21277    41341     4339    71551     5641    44491    11119    57727
    57829    10987    44497     5569    71707     4297    41389    21247    46687    79561     3499    40009    76519      457    33331    58771    38629    75721     8311    74449    35521    69031    22189
    22171    69061    35401    74587     8209    75787    38377    58831    46819    30391    78229       79    41719    49627    33199    21187    41641     4231    71809     5431    44617    10957    57847
    57859    10909    44701     5407    71917     4051    41647    59509    46021     9907      859    79231    30937    79111    33997    20509    38371    75967     8101    74611    35317    69109    22159
    22027    69127    35221    74821     7927    75991    54679    54037    26821    33619    46441    33547    46489    46867    46279    25981    25339     4027    72091     5197    44797    10891    57991
    58027    10867    44959     5077    72139    42157    65677     2671    25111    55051    24847    55219    21601    58441    62311    54829    14341    37861     7879    74941    35059    69151    21991
    21961    69247    34897    74959    39631    33211    38737       19    40039    39841    40189    39511    40519    39409    40801    41047    79987    46807    40387     5059    45121    10771    58057
    58147    10639    45259    77101    32611    41269     7741    72337     7639    72469     7537    72559     7369    75109     4801    75289     3769    72229    47407     2917    34759    69379    21871
    21787    69661    45481      241    46381     9511    70621     9391    70867     9127    70951     9049    71011     8929    71257     8731    71329     2659    70321    79777    34537    10357    58231
    58369     9817    39667    40939     7129    72949     6829    73237     6709    73327     6547    73597     6367    73681     6247    73819     6151    73897     5869    72859    40351    70201    21649
    59497    65617    32797    37441    42649    37321    42709    37189    42859    37117    42961    37039    43117    36781    43321    36607    43711    36241    43789    43951    42571    14401    20521
    17359    42061    13477    66601    13297    66751    13177    66919    12889    67189    12799    67261    12619    67429    12541    67531    12451    67741    12241    67807    11071    66337    62659
    40879    24439    55639    24337    55837    24169    55897    24097    55927    23977    56101    23887    56149    23719    56437    23539    56509    23251    56809    23197    56989    22921    55501
