    24169    55897    24097    55927    23977    56101    23887    56149    23719    56437    23539    56509    23251    56809    23197    56989    22921    57241    22717    57349    22651    61357    35317
    57397    13267    66841    13099    67129    12829    67219    12757    67399    12589    67477    12487    67567    12277    67777    12211    68059    11779    68329    11527    68821    38749    22621
    22531    68521    37321    42709    37189    42859    37117    42961    37039    43117    36781    43321    36607    43711    36241    43789    36217    43867    36067    44041    39217    11497    57487
    57571    11437    44119     6781    73309     6691    73471     6421    73651     6337    73771     6199    73867     6121    73939     6067    74149     5857    42571    70951    35899    68581    22447
    22381    68767    35839    74167     9391    70867     9127    70969     9007    71089     8761    71287     8689    71341     8629    71419     8581    71479    39499     5851    44179    11251    57637
    57649    11119    44221     5821    71551     7537    72559     7369    72859     7129    72949     6829    75367     4507    75571     4441    79531    33469     8467    74197    35797    68899    22369
    22291    68947    35569    74317     8311    75679    39829    40351    39631    40507    39199    40879    39079    41047    38839    38677    42061     4339    71707     5701    44449    11071    57727
    57829    10987    44491     5641    71809     4297    41227    24517    55579    24379    55681    24181    58741    21247    18919    76837    38791    75721     8209    74377    35527    69031    22189
    22171    69061    35521    74449     8101    75787    38737    58831    33619    46441    33547    46489    33427    32749    53791    21187    41281     4231    71917     5569    44497    10957    57847
    57859    10909    44617     5431    72091     4051    41389    21121    46687      661    79399      607    42577    76801    33331    58897    38629    75967     7927    74587    35401    69109    22159
    22027    69127    35221    74611     7879    75991    38377    59119    33247    79561    39979    28027    52021      457    46771    20899    41641     4027    72139     5407    44797    10891    57991
    58027    10867    44959     5197    72229     4021    41647    20809    46807    38167    52051    40009    27967    41851    33211    59209    38371    75997     7789    74821    35059    69151    21991
    21961    69247    34897    74941     7741    76099    38299    59377    30817    78439    27997    51991    40039     1579    49201    20641    41719     3919    72277     5077    45121    10771    58057
    58147    10639    45259     5059    72337     3889    41737    59929    62659     3217      619    79411    37441    79357    17359    20089    38281    76129     7681    74959    34759    69379    21871
    21787    69661    34729    75109     7639    76249    32359    53197    26227    33577    46471    33529    46591    47269    46399    26821    47659     3769    72379     4909    45289    10357    58231
    58369    10321    45427     4801    72469    39409    48541     3181    24439    55639    24337    55837    21277    58771    61099    55501    31477    40609     7549    75217    34591    69697    21649
    21601    69859    34537    75289    76831    30559    37957    39667    40387    39511    40819    39139    40939    38971    41179    41341    40189    49459     3187     4729    45481    10159    58417
    58441    10141    45589    78241     1237    46549     7459    72649     7159    72889     7069    73189     4651    75511     4447    75577      487    72481    78781     1777    34429    69877    21577
    21481    70009    46867    31231    40519     9151    70891     9049    71011     8929    71257     8731    71329     8677    71389     8599    71437     8539    70627    48787    33151    10009    58537
    58699     9697    30187     9067     6709    73327     6547    73597     6367    73681     6247    73819     6151    73897     6079    73951     5869    74161    37447    73237    49831    70321    21319
    20509    66337    40801    37309    42829    37159    42901    37057    42979    36901    43237    36697    43411    36307    43777    36229    43801    36151    43951    35977    42697    13681    59509
    52609    41269    13177    66919    12889    67189    12799    67261    12619    67429    12541    67531    12451    67741    12241    67807    11959    68239    11689    68491    11197    66751    27409
    44701    24121    55921    24091    56041    23917    56131    23869    56299    23581    56479    23509    56767    23209    56821    23029    57097    22777    57301    22669    57367    18661    55849
