    24799    55501    24439    55639    24337    55837    24169    55897    24097    55927    23977    56101    23887    56149    23719    56437    23539    56509    23251    56809    23197    57241    38749
    56989    14341    66337    13477    66601    13297    66751    13177    66919    12889    67189    12799    67261    12619    67429    12541    67531    12451    67741    12241    67807    38791    23029
    22921    68059    37561    42571    37441    42649    37321    42709    37189    42859    37117    42961    37039    43117    36781    43321    36607    43711    36241    35569    47407    11959    57097
    57301    11779    43789     7369    72859     7129    72949     6829    73237     6709    73327     6547    73597     6367    73681     6247    73819     6151    74197    39139    36229    68239    22717
    22669    68329    36217    73897     9721    70321     9511    70621     9391    70867     9127    70951     9049    71011     8929    71257     8731    71809    38839     6121    43801    11689    57349
    57367    11527    43867     6079    71329     7789    72277     7681    72379     7549    72481     7459    74959     4909    75217     4651    78007    34759     8689    73939    36151    68491    22651
    22621    68521    36067    73951     8677    75511    39979    40177    39829    40351    39511    40519    39409    40801    39199    38677    41647     4507    71341     6067    43951    11497    57397
    57487    11437    44041     5869    71389     4447    40939    25219    54829    25111    55051    24847    58369    21601    17707    77347    39079    75571     8629    74149    35977    68581    22531
    22447    68767    35899    74161     8599    75577    38971    58537    33577    46471    33529    46549    33427    32359    54151    21481    41047     4441    71419     5857    44119    11251    57571
    57637    11197    44179     5851    71437     4297    41281    21319    46687      709    79357    79399    37831     2749    33331    58699    38737    75721     8581    74167    35839    68821    22381
    22369    68899    35797    74317     8539    75787    38629    58741    33247    79411    37957    30841    51229      607    46771    21277    41389     4231    71479     5701    44221    11119    57649
    57727    11071    44491     5641    71551     4051    41641    21247    46807    32749    53281    40009    26737    47269    33211    58771    38377    75967     8467    74377    35527    68947    22291
    22189    69031    35521    74449     8311    75991    38299    58831    32497     9907    28789    49177    42061    70111    47521    21187    41719     4027    71707     5569    44497    10987    57829
    57847    10957    44617     5431    71917     4021    41737    59467    61381    77269      661      619    42187    79309    18637    20551    38281    75997     8101    74587    35401    69061    22171
    22159    69109    35317    74611     7927    76099    33871    54049    25867    33547    46489    33469    46591    47659    46441    25969    46147     3919    72091     5407    44701    10909    57859
    57991    10891    44797     5197    72139     1237    46381     2671    25189    54907    24967    55171    21649    58417    62311    54799    33637    78781     7879    74821    35221    69127    22027
    21991    69151    35059    74941    75679    70051    38371    39841    40189    39667    40507    39499    40609    39217    40819    41341    40039     9967     4339     5077    44959    10867    58027
    58057    10771    45121    75289     1741    45259     7741    72337     7639    72469     7537    72559     5059    75109     4801    75367     2011    72229    78277     4729    34897    69247    21961
    21871    69379    45589     2221    41179     9697    70507     9397    70627     9151    70891     9067    70969     9007    71089     8761    71287     8209    70297    77797    34429    10639    58147
    58231    10159    39631    40879     7159    72889     7069    73189     6781    73309     6691    73471     6421    73651     6337    73771     6199    73867     5821    72649    40387    69859    21787
    58441    65587    32611    37447    42577    37369    42697    37309    42829    37159    42901    37057    42979    36901    43237    36697    43411    36307    43777    44449    42457    14431    21577
    17827    41227    13681    66541    13417    66721    13267    66841    13099    67129    12829    67219    12757    67399    12589    67477    12487    67567    12277    67777    12211    65677    62191
    41269    24517    55579    24379    55681    24181    55849    24121    55921    24091    56041    23917    56131    23869    56299    23581    56479    23509    56767    23209    56821    22777    55219
