    25339    54709    25219    54829    25111    55051    24847    55219    24517    55579    24379    55681    24181    55849    24121    55921    24091    56041    23917    56131    23869    56767    38839
    56299    14479    65557    14437    65587    14419    65617    14389    65677    13681    66541    13417    66721    13267    66841    13099    67129    12829    67219    12757    67777    38749    23719
    23581    67399    38281    41851    37957    42139    37861    42187    37567    42457    37447    42577    37369    42697    37309    42829    37159    42901    37057    43117    39409    12619    56437
    56479    12589    42979     7789    72277     7681    72379     7549    72481     7459    72649     7159    72889     7069    73189     6781    73309     6691    49201    63601    37039    67429    23539
    23509    67477    36781    73471     9967    70111     9901    70201     9811    70237     9769    70297     9697    70507     9397    70627     9151    70951    39511     6547    43237    12541    56509
    56809    12487    43321     6421    70891     8539    71551     8311    71809     8101    72091     7879    74197     5701    74377     5569    76471    35521     9127    73597    36697    67531    23209
    23197    67567    36607    73651     9049    74587      397    79669      331    79777      157    79867       79    79987       19    49807    70009     5431    70969     6367    43411    12451    56821
    56989    12277    43711     6337    71011     5407    40039    26017    54037    25969    54151    25801    54277    25657    58771    35401    39979    74611     9007    73681    36307    67741    23029
    22921    67807    36241    73771     8929    74821    39841    54409    34591    45481    34429    45667    34327    34261    51307    25609    40177     5197    71089     6247    43777    12211    57097
    57241    11959    43789     6199    71257     5077    40189    25471    45751     1327    78697    78721    39079     2221    34267    54547    39829    74941     8761    73819    36229    68059    22777
    22717    68239    36217    73867     8731    74959    39667    57847    33997    78781    38629    33151    48247     1237    46021    22171    40351     5059    71287     6151    43801    11779    57301
    57349    11689    43867     6121    71329     4801    40387    22159    46051      859    49627    40009    30391    79159    33967    57859    39631    75217     8689    73897    36151    68329    22669
    22651    68491    36067    73939     8677    75289    39499    57991    46261    41281    31771    46867    41389    38737    33757    22027    40519     4729    71341     6079    43951    11527    57367
    57397    11497    44041     6067    71389     4651    40801    21649    44701    77797     1321     1297    40939    78691    35317    58369    39217    75367     8629    73951    35977    68521    22621
    22531    68581    35899    74149     8599    75571    69661    49921    28711    34537    45589    34351    45691    45757    45427    30097    10357     4447    71419     5869    44119    11437    57487
    57571    11251    44179     5857    71437     2671    79609    44617    25981    54049    25867    54217    25741    54361    21247    54001      409    77347     8581    74161    35839    68767    22447
    22381    68821    35797    74167    75511    69247    10009      349    79687      241    79861      151    79939       31    79999    30211    79621    10771     4507     5851    44221    11197    57637
    57649    11119    44449    75109     2851    44497     8467    71707     8209    71917     7927    72139     5821    74317     5641    74449     3547    71479    77167     4909    35569    68899    22369
    22291    68947    45979    26821    40507     9907    70117     9817    70207     9781    70249     9721    70321     9511    70621     9391    70867     9067    70051    53197    34039    11071    57727
    57829    10957    31357    16417     7741    72337     7639    72469     7537    72559     7369    72859     7129    72949     6829    73237     6709    73327    30817    72229    48661    69061    22189
    58417    65287    40609    38167    42061    37879    42157    37831    42451    37561    42571    37441    42649    37321    42709    37189    42859    37117    42961    36901    41737    14731    21601
    17881    41269    14461    65581    14431    65599    14401    65629    14341    66337    13477    66601    13297    66751    13177    66919    12889    67189    12799    67261    12241    65539    62137
    41179    25309    54799    25189    54907    24967    55171    24799    55501    24439    55639    24337    55837    24169    55897    24097    55927    23977    56101    23887    56149    23251    54679
