    25189    54907    24967    55171    24799    55501    24439    55639    24337    55837    24169    55897    24097    55927    23977    56101    23887    56149    23719    56437    23539    57241    38281
    56509    14437    65587    14419    65617    14389    65677    13681    66541    13417    66721    13267    66841    13099    67129    12829    67219    12757    67399    12589    69127    37447    23509
    23251    67477    37957    42139    37861    42187    37567    42457    37441    42649    37321    42709    37189    42859    37117    42961    37039    43117    36781    43321    39499    12541    56767
    56809    12487    43411     7681    72379     7549    72481     7459    72649     7159    72889     7069    73189     6781    73309     6691    73471     6421    73897    39079    36607    67531    23209
    23197    67567    36307    73651     9907    70117     9817    70207     9781    70249     9721    70321     9511    70621     9391    70867     9127    71089    39409     6367    43711    12451    56821
    56989    12277    43777     6337    70951     8467    71707     8209    71917     7879    72229     7741    74449     5407    74821     5077    78787    33427     9067    73681    36241    67741    23029
    22921    67777    36229    73771     9049    74959      157    79867       79    79987       19    40039    39841    40189    39667    50377    69877     5059    70969     6247    43789    12241    57097
    57301    12211    43801     6199    71011     4801    40387    25867    54277    25657    54409    25471    54679    25309    61261    33151    39631    75217     9007    73819    36217    67807    22717
    22669    68059    36151    73867     8761    75289    39511    54799    34351    45691    34267    45757    34039    33967    51991    25219    40507     4729    71257     6151    43867    11959    57349
    57367    11779    43951     6079    71287     4651    40801    21991    46021     1237    78889     1117    58831    59971    33997    58027    39217    75367     8731    73939    36067    68239    22651
    22621    68329    35977    73951     8689    75511    39199    58057    33871    78979    38839    79609     1579     1039    46147    21961    40819     4507    71329     6067    44041    11689    57397
    57487    11527    44119     5869    71341     4441    40879    21871    46261    79231     2749    40009    77269      787    33757    58147    39139    75577     8677    74149    35899    68491    22531
    22447    68521    35839    74161     8629    75679    38971    58231    21481    20551    78439      409    41179    59467    58537    21787    41047     4339    71389     5857    44179    11497    57571
    57637    11437    44221     5851    71419     4297    41281    21247    70051    20047     1129    78901    21187    78781     9967    58771    38737    75721     8599    74167    35797    68581    22381
    22369    68767    35569    74197     8581    75787    69661    51151    28027    34327    45751    34261    45979    46051    45667    28867    10357     4231    71437     5821    44449    11251    57649
    57727    11197    44491     5701    71479      397    79111    46867    25741    54361    25609    54547    25339    54709    18757    54151      907    79621     8539    74317    35527    68821    22291
    22189    68899    35521    74377    75571    69247    10141      151    79939       31    79999    39979    40177    39829    40351    29641    79861    10771     4447     5641    44497    11119    57829
    57847    11071    44617     5431     2851    46591     8311    71809     8101    72139     7789    72277     5569    74611     5197    74941     1231    71551    77167    74587    35401    68947    22171
    22159    69031    47407    72091    40609     9901    70201     9811    70237     9769    70297     9697    70507     9397    70627     9151    70891     8929    70111     7927    32611    10987    57859
    57991    69859    30307    40939     7639    72469     7537    72559     7369    72859     7129    72949     6829    73237     6709    73327     6547    73597     6121    72337    49711    10159    22027
    21577     4909    40519    37879    42157    37831    42451    37561    42577    37369    42697    37309    42829    37159    42901    37057    42979    36901    43237    36697    42061    75109    58441
    54217    42571    14431    65599    14401    65629    14341    66337    13477    66601    13297    66751    13177    66919    12889    67189    12799    67261    12619    67429    10891    65581    25801
    41737    25111    55051    24847    55219    24517    55579    24379    55681    24181    55849    24121    55921    24091    56041    23917    56131    23869    56299    23581    56479    22777    54829
