    27961    52201    27751    52321    27631    52489    27457    52609    27271    52807    27067    52957    26821    53281    26641    53479    26449    53611    26227    53857    26119    54001    39199
    54037    17047    62989    16987    63097    16741    63361    16651    63499    16477    63601    16411    63649    16111    63949    15937    64231    15739    64399    15451    65071    38791    25981
    25969    64579      397    79669      331    79777      157    79867       79    79987       19    40039    39841    40189    39667    40387    39511    40519    39409    41047    79279    15439    54049
    54151    15427    40801     9967    70111     9901    70201     9811    70237     9721    70321     9511    70621     9391    70867     9127    70951     9049    73309    37057    39217    64591    25867
    25801    64627    39139    71011    12829    67219    12757    67399    12589    67477    12487    67567    12277    67807    11959    68239    11689    70009    37831     9007    40879    15391    54217
    54277    15271    40939     8929    68491    10867    69247    10639    69661    10321    69859    10141    71917     7927    72229     7681    72469    37159    11527    71089    39079    64747    25741
    25657    64879    38839    71257    11497    72379     1987    78139     1861    78229     1777    78259     1741    78439     1531    42139    75997     7639    68521     8761    41179    15139    54361
    54409    15091    41269     8731    68581     7537    78571    28297    51817    28111    51949    28027    52021    27967    57301    34591     1447    72481    11437    71287    38749    64927    25609
    25471    65089    38737    71329    11251    72559     1327    55681    37117    42979    36901    43237    36697    34351    48781    24337    78691     7459    68767     8689    41281    14929    54547
    54679    14851    41341     8677    68821     7369    78697    24181    43411     3301    76801     3187    79309    37447    36607    55837     1321    72649    11197    71341    38677    65167    25339
    25309    65239    38629    71389    11119    72859     1297    55897    36307    76837    37369    36217    46441     3181    43711    24121    78721     7159    68899     8629    41389    14779    54709
    54799    14731    41641     8599    68947     7129    78781    24097    43777     2749    49081    40009    30937    77269    36241    55921     1237    72889    11071    71419    38377    65287    25219
    25189    65539    38371    71437    10987    72949     1231    55927    45757    74587    33577    43801    42649     5431    34261    24091    78787     7069    69031     8581    41647    14479    54829
    54907    14461    41719     8539    69061     6829    78889    23887    42457    42571     3217    76831      709    76717    37561    56131     1129    73189    10957    71479    38299    65557    25111
    24967    65581    38281    71551    10909    73237    79231    46687    31237    37039    43117    36781    43321    45667    42901    33331      787     6781    69109     8467    41737    14437    55051
    55171    14431    41851     8311    69127    37567    36067    45427    28201    51907    28069    51991    27997    52051    22717    51721    43951    42451    10891    71707    38167    65587    24847
    24799    65599    37957    71809    72277    35977     4021     1879    78157     1789    78241     1759    78277     1579    78487    37879    78031    44041     7741     8209    42061    14419    55219
    55501    14401    42157     7879     4051    42859    10771    69379    10357    69697    10159    69877     8101    72091     7789    72337     7549    69151    75967    72139    37861    65617    24517
    24439    65629    78007    67777    42187    12799    67261    12619    67429    12541    67531    12451    67741    12211    68059    11779    68329    10009    67189    12241     2011    14389    55579
    55639    66721    79357    42961     9907    70117     9817    70207     9781    70297     9697    70507     9397    70627     9151    70891     9067    70969     6709    70051      661    13297    24379
    55849     9769      739      349    79687      241    79861      151    79939       31    79999    39979    40177    39829    40351    39631    40507    39499    40609    38971    79621    70249    24169
    20407    41227    17029    63031    16921    63277    16657    63367    16519    63541    16417    63607    16369    63907    16069    64081    15787    64279    15619    64567    14947    62971    59611
    40819    27817    52267    27697    52387    27529    52561    27409    52747    27211    52951    27061    53197    26737    53377    26539    53569    26407    53791    26161    53899    26017    52057
