    28387    51721    28201    51907    28069    51991    27997    52051    27961    52201    27751    52321    27631    52489    27457    52609    27271    52807    27067    52957    26821    53569    38971
    53281    17827    62311    17551    62617    17359    62701    17257    62827    17167    62971    17029    63031    16921    63277    16657    63367    16519    63541    16417    66601    36241    26737
    26641    63607      787    79279      709    79357      619    79411      487    79561      439    79609      397    79669      331    79777      157    79867       79    40939    78697    16411    53377
    53479    16369    79987    10891    69151    10771    69379    10357    69697    10159    69877    10009    70051     9907    70117     9817    70207     9781    75721    34261       31    63649    26539
    26407    63907       19    70249    14389    65677    13681    66541    13297    66751    13177    66919    12889    67189    12799    67261    12619    71419    35527     9769    79999    16111    53611
    53791    16069    40039     9721    67429    11437    68767    11197    68899    11071    69031    10957    69109     8731    71329     8677    73471    37441    12589    70297    39979    63949    26227
    26161    64081    39841    70321    12541    71389     2749    77347     2659    77479     2467    77641     2371    77731     2221    41647    75787     8629    67477     9697    40177    15937    53857
    53899    15787    40189     9511    67531     8581    77839    28789    51307    28657    51421    28591    51439    28537    55501    35839     2179    71437    12487    70507    39829    64231    26119
    26017    64279    39667    70621    12451    71551     2089    51607    38167    42061    37879    42157    37831    36217    45751    28411    77929     8467    67567     9397    40351    15739    54001
    54037    15619    40387     9391    67741     8311    78007    25111    42451     4027    75997     3919    41281    74821    37567    54907     2011    71707    12277    70627    39631    64399    25981
    25969    64567    39511    70867    12241    71809     1987    55051    37561    76129    38749    37057    44221     3889    42457    24967    78031     8209    67777     9151    40507    15451    54049
    54151    15439    40519     9127    67807     8101    78157    24847    42571    55921    45481    40009    34537    24097    37447    55171     1861    71917    12211    70891    39499    64579    25867
    25801    64591    39409    70951    11779    72091     1789    55219    35977    58771    35797    42961    41269    21247    44041    24799    78229     7927    68239     9067    40609    15427    54217
    54277    15391    40801     9049    68329     7879    78241    24439    49069     5197     4021    76099    38737    75991    30949    55579     1777    72139    11689    70969    39217    64627    25741
    25657    64747    39199    71011    11527    72229    78781    50839    34267    37957    42139    37861    42187    43801    41851    29179     1237     7789    68491     9007    40819    15271    54361
    54409    15139    40879     8929    68521    43321    36229    44179    28711    51361    28597    51427    28579    51481    24517    51229    43789    36697    11497    71089    39139    64879    25609
    25471    64927    38839    71257    71479    30841     4231     2671    77359     2539    77551     2377    77647     2287    77797    38371    77269    49177     8539     8761    41179    15091    54547
    54679    14947    41227     4441     1879    42577    11251    68821    11119    68947    10987    69061    10909    71287     8689    71341     6547    68581    78139    75577    38791    65071    25339
    25309    65089    78439    68059    44491    14341    66337    13477    66721    13267    66841    13099    67129    12829    67219    12757    67399     8599    65629    11959     1579    14929    54709
    54799    14419    79111    45757    10867    69247    10639    69661    10321    69859    10141    70009     9967    70111     9901    70201     9811    70237     4297    69127      907    65599    25219
    25189    59611     1321      739    79309      661    79399      607    79531      457    79579      409    79621      349    79687      241    79861      151    79939    39079    79231    20407    54829
    51349    43777    17707    62467    17401    62659    17317    62761    17191    62851    17047    62989    16987    63097    16741    63361    16651    63499    16477    63601    13417    62191    28669
    41047    28297    51817    28111    51949    28027    52021    27967    52057    27817    52267    27697    52387    27529    52561    27409    52747    27211    52951    27061    53197    26449    51631
