    28111    51949    28027    52021    27967    52057    27817    52267    27697    52387    27529    52561    27409    52747    27211    52951    27061    53197    26737    53377    26539    25867    66721
    53569    17401    62659    17317    62761    17191    62851    17047    62989    16987    63097    16741    63361    16651    63499    16477    63601    16411    63649    16111    65089    38299    26449
    26407    63949      619    79411      487    79561      439    79609      397    79669      331    79861      151    79939       31    79999    39979    40177    39829    41851    37831    16069    53611
    53791    15937    40351    10159    69877    10009    70051     9907    70117     9817    70207     9781    70249     9721    70321     9511    70621     9391    74197    36217    39667    64081    26227
    26161    64231    39631    70867    13099    67129    12829    67219    12757    67399    12589    67477    12487    67567    12277    67777    12211    68947    38371     9151    40387    15787    53857
    53899    15739    40507     9127    68059    10909    69127    10867    69247    10639    69661     8539    71551     8311    71809     8101    74167    37189    11959    70891    39511    64279    26119
    26017    64399    39499    70951    11779    72139     2179    77929     2011    78031     1879    78157     1789    78241     1759    41737    76387     7879    68239     9067    40519    15619    54001
    54037    15451    40609     9049    68329     7789    78277    28537    51607    28387    51721    28201    55171    24799    55681    35977     1741    72229    11689    70969    39409    64567    25981
    25969    64579    39217    71011    11527    72277     1579    55501    37309    42859    37117    42961    37039    36307    46471    24517    78439     7741    68491     9007    40801    15439    54049
    54217    15427    40819     8929    68521     7681    78571    24379    43117     3499    76561     3301    58147    58537    36901    55639     1447    72337    11497    71089    39199    64591    25801
    25741    64627    39139    71257    11437    72379     1327    55837    36697    76801    38629    77347     4051     3217    43321    24181    78691     7639    68581     8761    40879    15391    54277
    54361    15271    40939     8731    68767     7549    78697    24169    43411    77017     5431    40009    74587     3001    36607    55849     1321    72469    11251    71287    39079    64747    25657
    25609    64879    38971    71329    11197    72481     1297    55897    36151    21247    75967     2671    41389    58771    43867    24121    78721     7537    68821     8689    41047    15139    54409
    54547    15091    41179     8677    68899     7459    78781    22921    49831    21481     3457    76717    21871    76519    30187    57097     1237    72559    11119    71341    38839    64927    25471
    25339    65071    38791    71389    10987    72649    78979    48799    33547    37159    42901    37057    42979    43711    42709    31219     1039     7369    69031     8629    41227    14947    54679
    54709    14851    41269     8599    69061    72859    36781    44041    28411    51631    28297    51817    24847    55219    24337    51481    43237     7159    10957    71419    38749    65167    25309
    25219    65239    38737    71437    69697     1117     3631     2089    78007     1987    78139     1861    78229     1777    78259    38281    77839    78901    10321     8581    41281    14779    54799
    54829    14731    41341    72091     7129    42829    10891    69151    10771    69379    10357    71479     8467    71707     8209    71917     5851    69109    72889     7927    38677    65287    25189
    25111    65539    37879     2749    41647    12889    67189    12799    67261    12619    67429    12541    67531    12451    67741    12241    67807    11071    66919    77269    42139    14479    54907
    55051    14341    78487    43801    10141    70009     9967    70111     9901    70201     9811    70237     9769    70297     9697    70507     9397    70627     5821    69859     1531    65677    24967
    24439    61717    42187      607    79531      457    79579      409    79621      349    79687      157    79867       79    79987       19    40039    39841    40189    38167    79399    18301    55579
    79777    41719    17359    62701    17257    62827    17167    62971    17029    63031    16921    63277    16657    63367    16519    63541    16417    63607    16369    63907    14929    62617      241
    13297    28069    51991    27997    52051    27961    52201    27751    52321    27631    52489    27457    52609    27271    52807    27067    52957    26821    53281    26641    53479    54151    51907
