    28297    51817    28111    51949    28027    52021    27967    52057    27817    52267    27697    52387    27529    52561    27409    52747    27211    52951    27061    53197    26737    25471    66919
    53377    17707    62467    17401    62659    17317    62761    17191    62851    17047    62989    16987    63097    16741    63361    16651    63499    16477    63601    16411    71707    31267    26641
    26539    63649      661    79399      607    79531      457    79579      409    79621      349    79687      241    79861      151    79939       31    79999    39979    39841    39829    16369    53479
    53569    16111    40351    10639    69661    10321    69859    10141    70009     9967    70111     9901    70201     9811    70237     9769    70297     9697    72091    37441    39667    63907    26449
    26407    63949    39631    70507    13417    66721    13267    66841    12889    67189    12799    67261    12619    67429    12541    67531    12451    68899    38281     9511    40387    16069    53611
    53791    15937    40507     9397    67741    11071    69031    10957    69109    10867    69247     8629    71419     8581    71479     8467    72889    38371    12277    70621    39511    64081    26227
    26161    64231    39499    70627    12241    71809     2089    78007     1987    78139     1861    78229     1777    78259     1741    42901    75109     8209    67777     9391    40519    15787    53857
    53899    15739    40609     9151    67807     8101    78439    28579    51481    28411    51631    24967    55171    24799    44041    51001     1579    71917    12211    70867    39409    64279    26119
    26017    64399    39217    70891    11959    72139     1531    55501    37561    42571    37369    42697    37309    36067    46489    24517    78487     7879    68059     9127    40801    15619    54001
    54037    15451    40819     9067    68239     7789    78571    24439    42829     3631    76507     3499    56149    60259    37189    55579     1447    72229    11779    70951    39199    64567    25981
    25969    64579    39139    70969    11689    72277     1327    55639    37159    76561    38629    77347     4051     3457    42859    24379    78691     7741    68329     9049    40879    15439    54049
    54151    15427    40939     9007    68491     7681    78697    24337    42961    77647     5431    40009    74587     2371    37057    55681     1321    72337    11527    71011    39079    64591    25867
    25801    64627    38971    71089    11497    72379     1297    55837    36217    22447    75967     2671    41389    57571    43801    24181    78721     7639    68521     8929    41047    15391    54217
    54277    15271    41179     8761    68581     7549    78781    37861    49807    19759     3511    76519    23869    76387    30211    42157     1237    72469    11437    71257    38839    64747    25741
    25657    64879    38791    71287    11251    72559    78889    48871    33529    37447    42649    37321    42709    43951    42457    31147     1129     7459    68767     8731    41227    15139    54361
    54409    15091    41269     8689    68821    72649    35569    29017    28537    51607    28387    55051    24847    55219    35977    51439    44449     7369    11197    71329    38749    64927    25609
    25339    65071    38737    71341    69127     2467     4909     2011    78031     1879    78157     1789    78241     1759    78277    37117    77929    77551    10891     8677    41281    14947    54679
    54709    14929    41341    73237     7537    41647    10987    69061    10909    69151    10771    71389     8599    71437     8539    71551     7129    68947    72481     6781    38677    65089    25309
    25219    65167    43711     2917    41737    13297    66751    13177    67129    12829    67219    12757    67399    12589    67477    12487    67567    11119    66601    77101    36307    14851    54799
    54829    65677    74611    42577    10357    69697    10159    69877    10009    70051     9907    70117     9817    70207     9781    70249     9721    70321     7927    69379     5407    14341    25189
    54907     3547    40189      619    79411      487    79561      439    79609      397    79669      331    79777      157    79867       79    79987       19    40039    40177    79357    76471    25111
    49747    48751    17551    62617    17359    62701    17257    62827    17167    62971    17029    63031    16921    63277    16657    63367    16519    63541    16417    63607     8311    62311    30271
    13099    28201    51907    28069    51991    27997    52051    27961    52201    27751    52321    27631    52489    27457    52609    27271    52807    27067    52957    26821    53281    54547    51721
