    28027    52021    27967    52057    27817    52267    27697    52387    27529    52561    27409    52747    27211    52951    27061    53197    26737    53377    26539    53569    26407    24181    68491
    53791    17317    62761    17191    62851    17047    62989    16987    63097    16741    63361    16651    63499    16477    63601    16411    63649    16111    63949    15937    64591    38971    26227
    26161    64231      457    79579      409    79621      349    79687      241    79861      151    79939       31    79999    39979    40177    39829    40351    39631    40801    39079    15787    53857
    53899    15739    40507     9967    70111     9901    70201     9811    70237     9769    70297     9697    70507     9397    70627     9151    70891     9067    78031    32491    39511    64279    26119
    26017    64399    39499    70969    13099    67129    12829    67219    12757    67399    12589    67477    12487    67567    12277    67807    11959    72139    35401     9049    40519    15619    54001
    54037    15451    40609     9007    68239    10867    69247    10639    69661    10159    69877    10009    71809     8101    72091     7789    72559    37309    11779    71011    39409    64567    25981
    25969    64579    39199    71089    11689    72277     2089    78007     1879    78157     1789    78241     1759    78277     1579    41851    76471     7741    68329     8929    40819    15439    54049
    54151    15391    40879     8761    68521     7681    78487    28387    51721    28201    51907    28069    55219    24517    57301    34759     1531    72337    11497    71257    39139    64627    25867
    25801    64747    38839    71287    11437    72379     1447    55579    37321    42829    37159    42901    37057    37039    45757    24439    78571     7639    68581     8731    41179    15271    54217
    54277    15139    41227     8689    68767     7549    78691    24379    43117     3301    76801     3187    79309    37447    36901    55639     1327    72469    11251    71329    38791    64879    25741
    25657    64927    38749    71341    11119    72481     1321    55681    36781    76837    37567    24091    58369     3181    43237    24337    78697     7537    68899     8677    41269    15091    54361
    54409    14947    41281     8629    68947     7369    78721    24169    43321     2749    60811    40009    19207    77269    36697    55849     1297    72649    11071    71389    38737    65071    25609
    25471    65089    38677    71419    10987    72859     1237    55897    34591    74587    21649    55927    42451     5431    45427    24121    78781     7159    69031     8599    41341    14929    54547
    54679    14851    41389     8581    69061     7129    78787    23581    50671    42571     3217    76831      709    76717    29347    56437     1231    72889    10957    71437    38629    65167    25339
    25309    65239    38377    71479    10909    72949    79531    47149    34261    37189    42859    37117    42961    42979    42697    32869      487     7069    69109     8539    41641    14779    54709
    54799    14731    41647     8467    69127    37561    36241    45259    28297    51817    28111    51949    24799    55501    22717    51631    43777    42457    10891    71551    38371    65287    25219
    25189    65539    38299    71707    69697    36307     3547     2011    78139     1861    78229     1777    78259     1741    78439    38167    77929    43711    10321     8311    41719    14479    54829
    54907    14461    41737     3457     3919    42709    10771    69379    10357    69859    10141    70009     8209    71917     7927    72229     7459    69151    76099    76561    38281    65557    25111
    24967    65581    42139    67777    44617    12889    67189    12799    67261    12619    67429    12541    67531    12451    67741    12211    68059     7879    66919    12241    37879    14437    55051
    55171    65587    75721    47527     9907    70117     9817    70207     9781    70249     9721    70321     9511    70621     9391    70867     9127    70951     1987    70051     4297    14431    24847
    57241    11197    40939      439    79609      397    79669      331    79777      157    79867       79    79987       19    40039    39841    40189    39667    40387    39217    79561    68821    22777
    48751    41047    17257    62827    17167    62971    17029    63031    16921    63277    16657    63367    16519    63541    16417    63607    16369    63907    16069    64081    15427    62701    31267
    11527    27997    52051    27961    52201    27751    52321    27631    52489    27457    52609    27271    52807    27067    52957    26821    53281    26641    53479    26449    53611    55837    51991
