    29917    50377    29437    50671    29311    50767    29179    51001    28909    51151    28789    51307    28669    51361    28597    51427    28579    51481    28411    51631    28297    28111    62827
    51817    19417    60631    19381    60811    19081    61099    18787    61261    18679    61357    18637    61561    18367    61717    18289    61819    18181    62047    17881    64579    36607    28201
    28069    62191     1789    78241     1759    78277     1579    78487     1447    78691     1321    78721     1237    78787     1129    78901     1039    79111      859    79579    39217    17827    51949
    51991    17707    79231    12241    67807    11959    68239    11689    68491    11497    68581    11251    68821    11119    68947    10987    69061    10909    69877    38677      787    62311    28027
    27997    62467      739    69127    15139    64927    14947    65089    14851    65239    14731    65539    14461    65581    14431    65599    14401    66919    38281    10891    79279    17551    52021
    52051    17401    79309    10867    65629    12757    67399    12589    67477    12487    67567     9769    70297     9697    70507     9397    71437    38737    14389    69151      709    62617    27967
    27961    62659      661    69379    14341    70867     3511    76519     3457    76717     3217    76831     3181    77017     2971    77167    39511     9151    65677    10639    79357    17359    52057
    52201    17317    79399    10357    66337     9127    77101    30097    49927    26641    53479    26449    53611    26227    54151    39499     2917    70891    13681    69661      619    62701    27817
    27751    62761      607    69697    13477    70951     2749    53857    38839    41269    38629    41641    38371    37447    43867    26161    77269     9067    66541    10321    79411    17257    52267
    52321    17167    79531    10159    66601     9049    77347    26119    41719     4909    75217     4729    75991    39199    38299    53899     2671    70969    13417    69859      487    62851    27697
    27631    62971      457    70009    13297    71011     2659    54037    38167    75367     3889    75787    40351     4651    41851    25981    77359     9007    66721    10009    79561    17047    52387
    52489    17029    79609     9967    66751     8929    77479    25969    42061     4339    76471    40009     3547    75679    37957    54049     2539    71089    13267    70051      409    62989    27529
    27457    63031      397    70111    13177    71257     2467    54217    42187    74611    39667     4231    76129     5407    37831    25801    77551     8761    66841     9907    79621    16987    52561
    52609    16921    79669     9901    67129     8689    77647    54907    40939    40819     4801    75289     4027    75109    39079    25111     2371    71329    12889    70117      349    63097    27409
    27271    63277      331    70201    12829    71341    39841    20359    36151    38749    41389    38377    41647    42571    41179    59659    40177     8677    67189     9817    79687    16741    52747
    52807    16657    79777     9811    67219    72481    38791    40519    30091    53377    26539    53569    26407    53791    25867    49921    41227     7537    12799    70207      241    63361    27211
    27067    63367      157    70237    67741     2377    40507     3499    76561     3301    76801     3187    76837     3001    77047     2851    76507    77641    12277     9781    79861    16651    52951
    52957    16519    79867    70627     8731    41281    12619    67429    12541    67531    12451    70249     9721    70321     9511    70621     8581    67261    71287     9391      151    63499    27061
    26821    63541    39979     6121    41737    15091    65071    14929    65167    14779    65287    14479    65557    14437    65587    14419    65617    13099    64879    73897    40039    16477    53197
    53281    63607    37861    41341    12211    68059    11779    68329    11527    68521    11437    68767    11197    68899    11071    69031    10957    69109    10141    67777    42157    16411    26737
    54001    10771    40801     1777    78259     1741    78439     1531    78571     1327    78697     1297    78781     1231    78889     1117    78979      907    79159      439    78229    69247    26017
    46549    43411    19387    60637    19207    60937    18919    61231    18757    61339    18661    61381    18457    61651    18301    61729    18199    61837    17971    62137    15439    60601    33469
    17191    29641    50581    29347    50707    29251    50839    29017    51109    28867    51229    28711    51349    28657    51421    28591    51439    28537    51607    28387    51721    51907    50101
