    32869    47221    32749    47407    32587    47521    32491    47659    31771    48487    31477    48661    31267    48781    31231    48799    31159    48871    30949    49081    30841    30757    57571
    49201    21787    58369    21601    58441    21481    58699    21277    58771    21187    58897    20899    59209    20641    59407    20599    59467    20521    59509    20479    20047    78901    30817
    30649    59611     4051    75991     4021    76099     3889    76249     3631    76471     3511    76519     3457    76717     3217    76831     3181    77017     2971    77269    39079    20407    49369
    49459    20389    77101    15391    64747    15139    64927    14947    65089    14851    65239    14731    65539    14461    65581    14431    65599    14401    67219    37861     2917    59629    30559
    30469    59659     2851    65629    18181    62047    17881    62191    17707    62617    17359    62701    17257    62827    17167    62971    17029    63361    38839    14389    77167    20359    49549
    49627    20347    77347    14341    63031    15787    64279    15619    64567    15439    64591    12589    67477    12451    67741    12241    69379    37957    16987    65677     2671    59671    30391
    30307    59929     2659    66337    16921    67807     6247    73819     6151    73897     6079    73951     5869    74161     5851    41737    72337    12211    63097    13681    77359    20089    49711
    49747    19927    77479    13477    63277    11959    74197    33469    46591    33331    46771    33211    46819    33151    28909    57829     5821    68059    16741    66541     2539    60091    30271
    30211    60127     2467    66601    16651    68239     5701    51151     1321    78721     1237    78787     1129    79357    39511    28867    74317    11779    63367    13417    77551    19891    49807
    49831    19801    77641    13297    63499    11689    74377    28789    78979     7879    72229     7741    78157    34039     1039    51229     5641    68329    16519    66721     2377    60217    30187
    30097    60259     2371    66751    16477    68491     5569    51307      907    72379     7129    75577    37321     7639    79111    28711    74449    11527    63541    13267    77647    19759    49921
    49927    19687    77731    13177    63601    11497    74587    28669    79159    72481    70201    40009     9817     7537      859    51349     5431    68521    16417    66841     2287    60331    30091
    29917    60337     2221    66919    16411    68581     5407    51361      619     1327    42697     4441    72889    78691    79399    28657    74611    11437    63607    13099    77797    19681    50101
    50377    19429    77839    12889    63649    11251    74821    51427    78571    45979     7789    72277     1861    72139     1447    28591     5197    68767    16369    67129     2179    60589    29641
    29437    60601     2089    67189    16111    68821    41851    41719    40507     1297    78781     1231    78889      661    78697    38299    38167    11197    63907    12829    77929    19417    50581
    50671    19387    78007    12757    63949    73327    69661    22189    33427    46687    33247    46807    33199    46867    51109    46549    10357     6691    16069    67261     2011    60631    29347
    29311    60637     1987    67399    15937      607     7681     6199    73867     6121    73939     6067    74149     5857    74167    38281    73771    79411    64081    12619    78031    19381    50707
    50767    19207    78139    67531    61261    42061    15739    64399    15451    64579    15427    67429    12541    67567    12277    67777    10639    64231    18757    12487     1879    60811    29251
    29179    60937     1741     8311    41179    17971    62137    17827    62311    17401    62659    17317    62761    17191    62851    17047    62989    16657    61837    71707    78277    19081    50839
    51001    62467    75511    42157    15271    64879    15091    65071    14929    65167    14779    65287    14479    65557    14437    65587    14419    65617    12799    64627     4507    17551    29017
    52057    54547    40939     4027    75997     3919    76129     3769    76387     3547    76507     3499    76561     3301    76801     3187    76837     3001    77047     2749    75967    25471    27961
    42649     1117    21649    58417    21577    58537    21319    58741    21247    58831    21121    59119    20809    59377    20611    59419    20551    59497    20509    59539    59971    58231    37369
    22447    32797    47269    32611    47431    32497    47527    32359    48247    31531    48541    31357    48751    31237    48787    31219    48859    31147    49069    30937    49177    49261    47149
