    33151    47149    32797    47269    32611    47431    32497    47527    32359    48247    31531    48541    31357    48751    31237    48787    31219    48859    31147    49069    30937    30097    57637
    49177    21871    58231    21649    58417    21577    58537    21319    58741    21247    58831    21121    59119    20809    59377    20611    59419    20551    59497    20509    59539    39217    30841
    30817    59611     4231    75967     4027    75997     3919    76129     3769    76387     3547    76507     3499    76561     3301    76801     3187    76837     3001    42187    74317    20407    49201
    49261    20389    77047    15427    64627    15271    64879    15091    65071    14929    65167    14779    65287    14479    65557    14437    65587    14419    67189    37957     2971    59629    30757
    30649    59659     2917    65617    18199    61837    17971    62137    17827    62311    17551    62617    17359    62701    17257    62827    17167    67477    34897    14401    77101    20359    49369
    49459    20347    77167    14389    62971    16111    64081    15787    64279    15619    64567    15439    67429    12487    67567    12277    67777    36697    17047    65629     2851    59671    30559
    30469    59929     2749    65677    17029    67807     6367    73681     6247    73819     6151    73897     6079    73951     5869    74197    39841    12211    62989    14341    77269    20089    49549
    49627    20047    77347    13681    63031    11959    74161    33529    46549    33427    46687    33247    46807    33199    51109    35527     5857    68059    16987    66337     2671    59971    30391
    30307    60091     2659    66541    16921    68239     5851    51001     1531    78571     1327    78697     1297    79231    39409    29017    74167    11779    63097    13477    77359    19927    49711
    49747    19891    77479    13417    63277    11689    74377    28789    78781     7879    72229     7741    78229    33967     1237    51229     5641    68329    16741    66601     2539    60127    30271
    30211    60217     2467    66721    16657    68491     5569    51307     1231    72337     7369    75289    37369     7681    78787    28711    74449    11527    63361    13297    77551    19801    49807
    49831    19759    77641    13267    63367    11497    74587    28669    78889     4651    70009    40009    10009    75367     1129    51349     5431    68521    16651    66751     2377    60259    30187
    30091    60331     2371    66841    16519    68581     5407    51361    43801    69127    42649     4729    72649    10891    36217    28657    74611    11437    63499    13177    77647    19687    49927
    50101    19681    77731    13099    63541    11251    74821    27817    35221    46051     7789    72277     1789    72139    44797    52201     5197    68767    16477    66919     2287    60337    29917
    29641    60589     2221    67129    16417    68821    41341    43117    40609     1447    78691     1321    78721      787    78487    36901    38677    11197    63601    12889    77797    19429    50377
    50581    19417    77839    12799    63649    11119    37441    44491    33469    46591    33331    46771    33211    46819    28909    46489    42577    68899    16369    67219     2179    60601    29437
    29347    60631     2089    67261    16069    61231    40177     6337    73771     6199    73867     6121    73939     6067    74149     5821    73651    18787    63949    12757    77929    19387    50671
    50707    19381    78007    12619    57367    43321    15937    64231    15739    64399    15451    64579    12589    67531    12451    67741    12241    63907    22651    67399     2011    60637    29311
    29251    60811    78157    63607    45121    18181    62047    17881    62191    17707    62467    17401    62659    17317    62761    17191    62851    12541    61819    16411     1861    19207    50767
    50839    18679    34351    42061    15391    64747    15139    64927    14947    65089    14851    65239    14731    65539    14461    65581    14431    65599    12829    64591    45667    61339    29179
    51151    58057     5701     4051    75991     4021    76099     3889    76249     3631    76471     3511    76519     3457    76717     3217    76831     3181    77017    37831    75787    21961    28867
    43411    40801    21787    58369    21601    58441    21481    58699    21277    58771    21187    58897    20899    59209    20641    59407    20599    59467    20521    59509    20479    58147    36607
    22381    32869    47221    32749    47407    32587    47521    32491    47659    31771    48487    31477    48661    31267    48781    31231    48799    31159    48871    30949    49081    49921    46867
