    34537    45589    34351    45691    34267    45757    34039    46021    33967    46147    33757    46279    33637    46399    33577    46471    33529    46549    33427    46687    33247    32491    53791
    46807    23539    56509    23251    56809    23197    56989    22921    57241    22717    57349    22651    57397    22531    57571    22381    57649    22291    57829    22171    58057    39139    33211
    33199    57859     6067    74149     5857    74167     5821    74317     5641    74449     5431    74611     5197    74941     5059    75109     4801    75289     4651    77047    37567    22159    46819
    46867    22027    75511    17191    62851    17047    62989    16987    63097    16741    63361    16651    63499    16477    63601    16411    63649    16111    64081    39409     4507    57991    33151
    32869    58027     4447    63949    19927    60127    19801    60259    19687    60337    19429    60601    19387    60637    19207    60937    18919    61381    39499    16069    75571    21991    47149
    47221    21871    75577    15787    61231    17881    62191    17707    62467    17359    62701    17257    65167    14779    65287    14479    77101    25741    18787    64231     4441    58147    32797
    32749    58231     4339    64279    18757    65557     8209    71917     7927    72139     7789    72337     7639    72469     7537    41047    71089    14461    61261    15739    75679    21787    47269
    47407    21649    75721    15619    61339    14437    72559    35317    44797    35059    45121    34759    45289    34591    49081    36067     7459    65581    18679    64399     4297    58369    32611
    32587    58417     4231    64567    18661    65587     7369    49069     2749    77347     2659    77479     2467    77731    39631    30949    72649    14431    61357    15451    75787    21601    47431
    47521    21577    75967    15439    61561    14419    72859    30841    77641     9697    70507     9397    71707    38737     2377    49177     7159    65599    18457    64579     4051    58441    32497
    32359    58537     4027    64591    18367    65617     7129    49201     2371    70627     1789    76519    41719     9391    77647    30817    72889    14401    61651    15427    75991    21481    47659
    48247    21319    75997    15391    61717    14389    72949    30757    77797     8581    79939    40009       79    71437     2221    49261     7069    65629    18301    64627     4021    58699    31771
    31531    58741     3919    64747    18289    65677     6829    49369    78259    69859    38299     3499    78229    10159     1759    30649    73189    14341    61729    15271    76099    21277    48487
    48541    21247    76129    15139    61819    13681    73237    30307      859    41281     9511    70621     8311    70321    79159    49711     6781    66337    18199    64879     3889    58771    31477
    31357    58831     3769    64927    18181    66541    79561    41269    40387     2671    77359     2539    77551     2287    77269    38749      457    13477    61837    15091    76249    21187    48661
    48751    21121    76387    14947    62047     8677    30469    43951    35221    44959    34897    45259    34729    45427    30937    44701    49549    71341    17971    65071     3631    58897    31267
    31237    59119     3547    65089    66601    53377     8929     8101    72091     7879    72229     7681    72379     7549    72481    38971    71809    26641    13417    14929    76471    20899    48781
    48787    20809    76507    67741    11119    54277    17827    62311    17551    62659    17317    62761    14851    65239    14731    65539     2917    62137    68899    12277     3511    59209    31231
    31219    59377     3301    10141    40519    19891    60217    19759    60331    19681    60589    19417    60631    19381    60811    19081    61099    18637    60091    69877    76717    20641    48799
    48859    59611    72277    40609    17167    62971    17029    63031    16921    63277    16657    63367    16519    63541    16417    63607    16369    63907    15937    62827     7741    20407    31159
    48871    17401    42451     5869    74161     5851    74197     5701    74377     5569    74587     5407    74821     5077    74959     4909    75217     4729    75367     2971    73951    62617    31147
    42457    40879    23509    56767    23209    56821    23029    57097    22777    57301    22669    57367    22621    57487    22447    57637    22369    57727    22189    57847    21961    56479    37561
    26227    34429    45667    34327    45751    34261    45979    33997    46051    33871    46261    33739    46381    33619    46441    33547    46489    33469    46591    33331    46771    47527    45481
