    34267    45757    34039    46021    33967    46147    33757    46279    33637    46399    33577    46471    33529    46549    33427    46687    33247    46807    33199    46867    32869    32491    54217
    47221    23197    56989    22921    57241    22717    57349    22651    57397    22531    57571    22381    57649    22291    57829    22171    57859    22027    58027    21961    58231    39199    32797
    32749    58147     5701    74377     5569    74587     5407    74821     5077    74959     4909    75217     4729    75367     4507    75571     4441    75679     4297    77647    37309    21871    47269
    47407    21649    75787    16921    63277    16657    63367    16519    63541    16417    63607    16369    63907    16069    64081    15787    64279    15619    67129    36607     4231    58369    32611
    32587    58417     4051    64567    19687    60337    19429    60601    19387    60637    19207    60937    18919    61231    18757    61357    18637    70621    30391    15451    75967    21601    47431
    47521    21577    75991    15439    61561    17401    62659    17317    62761    17191    62971    17029    65581    14431    65599    14401    68239    34537    18457    64579     4027    58441    32497
    32359    58537     4021    64591    18367    65629     7681    72379     7549    72481     7459    72649     7159    72889     7069    40507    72277    14389    61651    15427    75997    21481    47659
    48247    21319    76099    15391    61717    14341    73189    34897    45259    34729    45427    34429    45667    34327    49369    35977     6829    65677    18301    64627     3919    58699    31771
    31531    58741     3889    64747    18289    66337     6781    49201     2539    77551     2287    77797     2179    78571    39139    30817    73237    13681    61729    15271    76129    21277    48487
    48541    21247    76249    15139    61819    13477    73309    30757    77929     9127    70969     9007    74161    36781     2089    49261     6709    66541    18199    64879     3769    58771    31477
    31357    58831     3631    64927    18181    66601     6691    49459     2011    71089     6199    78259    35569     8929    78007    30559    73327    13417    61837    15091    76387    21187    48661
    48751    21121    76471    14947    62047    13297    73471    30469    78031     8101    69379    40009    10639    71917     1987    49549     6547    66721    17971    65071     3547    58897    31267
    31237    59119     3511    65089    17881    66751     6421    49711    78277    68491    44449     1759    73819    11527     1741    30307    73597    13267    62137    14929    76507    20899    48781
    48787    20809    76519    14851    62191    13177    73651    70249      397    43237     9049    71011     5857    70891    79621     9769     6367    66841    17827    65167     3499    59209    31231
    31219    59377     3457    65239    17707    66919    41047     1297    40879     2467    77731     2221    77839     1447    77479    78721    38971    13099    62311    14779    76561    20641    48799
    48859    20611    76717    14731    62467    68329    70117    44041    34759    45289    34591    45589    34351    45691    30649    45121     9901    11689    17551    65287     3301    59407    31159
    31147    59419     3217    65539    17167     2377     7741     7639    72469     7537    72559     7369    72859     7129    72949    39511    72337    77641    62851    14479    76801    20599    48871
    49069    20551    76831    65557    51427    45481    17359    62701    17257    62827    17047    62989    14437    65587    14419    65617    11779    62617    28591    14461     3187    59467    30949
    30937    59497     3181     9067    49627    19681    60589    19417    60631    19381    60811    19081    61099    18787    61261    18661    61381     9397    60331    70951    76837    20521    49081
    49177    60217    72139    43411    16741    63361    16651    63499    16477    63601    16411    63649    16111    63949    15937    64231    15739    64399    12889    63097     7879    19801    30841
    30097    16987    42709     5641    74449     5431    74611     5197    74941     5059    75109     4801    75289     4651    75511     4447    75577     4339    75721     2371    74317    63031    49921
    61339    40819    23029    57097    22777    57301    22669    57367    22621    57487    22447    57637    22369    57727    22189    57847    22159    57991    21991    58057    21787    56821    18679
    25801    34261    45979    33997    46051    33871    46261    33739    46381    33619    46441    33547    46489    33469    46591    33331    46771    33211    46819    33151    47149    47527    45751
