     3457    76717     3217    76831     3181    77017     2971    77101     2851    77269     2671    77359     2539    77551     2377    77647     2287    77797     2179    77929     2011    78031    39217
    78139    33619    46441    33547    46489    33469    46591    33331    46771    33211    46819    33151    47149    32797    47269    32611    47431    32497    47527    32359    31531    55579     1879
     1861    48247    16369    63907    16069    64081    15787    64279    15619    64567    15439    64591    15391    64747    15139    64927    14947    65089    14851    65581    38791    31771    78157
    78229    31477    65239    27061    53197    26737    53377    26539    53569    26407    53791    26161    53899    26017    54037    25969    54151    25801    54361    39079    14779    48541     1789
     1777    48661    14731    54277    29179    51001    28909    51151    28789    51307    28669    51361    28597    51427    28579    51481    28411    27997    63277    25741    65287    31357    78241
    78259    31267    65539    25609    51631    27529    52561    27409    52747    27211    52951    24337    55837    24169    55897    24091    57097    38281    28387    54409    14479    48751     1759
     1741    48781    14461    54547    28297    56041    18367    61717    18289    61819    18181    62047    17881    62191    17707    62701    39199    23977    51721    25471    65557    31237    78277
    78439    31231    65587    25339    51817    23917    62467     4021    76099     3889    76249     3631    76471     3511    79309    36901    17551    56101    28201    54679    14431    48787     1579
     1531    48799    14419    54709    28111    56131    17401    76519    11959    68239    11689    68491    11497    70621    37567     3499    62617    23887    51907    25309    65599    31219    78487
    78571    31159    65617    25219    51949    23869    62659      787    68581    19801    60259    19687    60631    39667    11437    79231    17359    56149    28069    54799    14401    48859     1447
     1327    48871    14389    54829    28027    56299    17257    79279    11251    60337    18757    79621    21649    19681    68767      739    62761    23719    51991    25189    65629    31147    78691
    78697    30949    65677    25111    52051    23581    62827      661    68821    19429    42901    40009    37117    60589    11197    79357    17191    56437    27967    54907    14341    49069     1321
     1297    49081    13681    55051    27961    56479    17167    79399    68899    60127    58369      397    61261    19891    11119      619    62851    23539    52057    24967    66337    30937    78721
    78781    30841    66541    24847    52201    23509    62971      331     8101    40351    19759    60331    19387    60217    71917    79687    17047    56509    27817    55171    13477    49177     1237
     1231    49201    13417    55219    27751    56767    67807    75967    42451    11779    68329    11527    68521     9397    68059     4051    12211    23251    52267    24799    66601    30817    78787
    78889    30757    66721    24517    52321    57847    10357    43117     3919    76129     3769    76387     3547    76507      709    75997    69661    22171    27697    55501    13297    49261     1129
     1117    49369    13267    55639    52387    16411    40819    18301    61729    18199    61837    17971    62137    17827    62311    17317    61651    63607    27631    24379    66751    30649    78901
    78979    30559    66841    55921    49711    41737    27457    52609    27271    52807    27067    55681    24181    55849    24121    55927    22921    52489    30307    24097    13177    49459     1039
      907    49549    67399    21319    16741    29017    51109    28867    51229    28711    51349    28657    51421    28591    51439    28537    51607    52021    50839    58699    12619    30469    79111
    79159    49921     9049    40939    26821    53281    26641    53479    26449    53611    26227    53857    26119    54001    25981    54049    25867    54217    25657    52957    70969    30097      859
    39979    43411    41227    16111    63949    15937    64231    15739    64399    15451    64579    15427    64627    15271    64879    15091    65071    14929    65167    14437    63649    36607    40039
    37039    24439    33577    46471    33529    46549    33427    46687    33247    46807    33199    46867    32869    47221    32749    47407    32587    47521    32491    47659    48487    46399    42979
    40801     3301    76801     3187    76837     3001    77047     2917    77167     2749    77347     2659    77479     2467    77641     2371    77731     2221    77839     2089    78007     1987    76561
