    37159    42901    37057    42979    36901    43237    36697    43411    36307    43777    36229    43801    36151    43951    35977    44119    35839    44221    35569    44491    35521    45121    38791
    44617    25969    54151    25801    54277    25657    54409    25471    54679    25309    54799    25189    54907    24967    55171    24799    55501    24439    55639    24337    24097    70621    35401
    35317    55837     8467    71707     8209    71917     7927    72139     7789    72277     7681    72379     7549    72481     7459    72649     7159    72889     7069    42187    70237    24181    44701
    44797    24169    73189    19801    60259    19687    60337    19429    60601    19387    60637    19207    60937    18919    61231    18757    61339    18661    69697    31267     6829    55849    35221
    35059    55897     6781    61381    22159    57991    21991    58057    21871    58231    21649    58417    21577    58537    21319    58741    21247    59209    39139    18637    73237    24121    44959
    45259    24091    73309    18457    58831    20389    59659    20347    59929    20047    60091    19891    62659    17257    62827    17167    70507    29347    21187    61561     6709    55927    34759
    34729    56041     6691    61651    21121    62971    10357    69859    10141    70009     9967    70111     9901    70201     9811    78901    30841    17047    58897    18367    73327    23977    45289
    45427    23917    73471    18301    59119    17029    70249    37957    42139    37861    42451    37561    42571    37369    15451    66721     9769    62989    20899    61717     6547    56101    34591
    34537    56131     6421    61729    20641    63031     9721    42697     5077    75109     4801    75289     4651    76387    38749    37321    70297    16987    59377    18289    73597    23887    45481
    45589    23869    73651    18199    59407    16921    70321    37309    75511    11959    68239    11689    68491    39667     4507    42709     9697    63097    20611    61819     6367    56149    34429
    34351    56299     6337    61837    20599    63277     9391    42829     4447    68521    11071    68767    40189    11497    75571    37189    70627    16741    59419    18181    73681    23719    45667
    45691    23581    73771    17971    59467    16657    70867    33619    75577    11437    69127    40009    10891    68581     4441    46399     9151    63361    20551    62047     6247    56437    34327
    34267    56479     6199    62137    20521    63367     9127    46441    78031    67777    39829    11251    68947    12241     1987    33577    70891    16651    59497    17881    73819    23539    45751
    45757    23509    73867    17827    59509    16519    70951    31771      151    40351    11779    68329    11527    68059    79867    48247     9067    63499    20509    62191     6151    56509    34261
    34039    56767     6121    62311    20479    63541     5059    74161    41269     4909    75217     4729    75367     3631    74941     5857    74959    16477    59539    17707    73897    23251    45979
    46021    23209    73939    17551    59611    15937    64879    13297    37879    42157    37567    42457    37447    42649    64567    42061    15139    64081    20407    62467     6079    56809    33997
    33967    56821     6067    62617    62701    49807    49177    10159    69877    10009    70051     9907    70117     9817    70207     1117    69661    30211    17317    17401    73951    23197    46051
    46147    23029    74149    65581    15091    50671    20359    59671    20089    59971    19927    60127    17359    62761    17191    62851     9511    59629    64927    14437     5869    56989    33871
    33757    57097    76801     4051    40879    22027    58027    21961    58147    21787    58369    21601    58441    21481    58699    21277    58771    20809    57859    75967     3217    22921    46261
    46279    57241    31159    48751    19759    60331    19681    60589    19417    60631    19381    60811    19081    61099    18787    61261    18679    61357    10321    60217    48859    22777    33739
    33637    50839     9781     8311    71809     8101    72091     7879    72229     7741    72337     7639    72469     7537    72559     7369    72859     7129    72949    37831    71551    29179    46381
    42577     9397    25867    54217    25741    54361    25609    54547    25339    54709    25219    54829    25111    55051    24847    55219    24517    55579    24379    55681    55921    54049    37441
    41227    37117    42961    37039    43117    36781    43321    36607    43711    36241    43789    36217    43867    36067    44041    35899    44179    35797    44449    35527    44497    34897    42859
