    37321    42709    37189    42859    37117    42961    37039    43117    36781    43321    36607    43711    36241    43789    36217    43867    36067    44041    35899    44179    35797    44701    38677
    44449    26017    54037    25969    54151    25801    54277    25657    54409    25471    54679    25309    54799    25189    54907    24967    55171    24799    55501    24439    55849    38791    35569
    35527    55639     8581    71479     8467    71707     8209    71917     7927    72139     7789    72277     7681    72379     7549    72481     7459    72649     7159    73951    38371    24379    44491
    44497    24337    72889    19891    60217    19759    60331    19681    60589    19417    60637    19207    60937    18919    61231    18757    61339    18661    61381    39199     7129    55681    35521
    35401    55837     7069    61561    22171    57859    22027    58027    21961    58147    21787    58369    21601    58441    21481    58699    21277    21187    77101    18457    72949    24181    44617
    44797    24121    73189    18367    58771    20407    59629    20359    59671    20089    59971    19927    62701    17257    62827    17167    68581    31531    21247    61651     6829    55897    35221
    35059    55921     6781    61717    21121    62971    10159    69877    10009    70051     9907    70117     9817    70207     9781    70507    39667    17047    58897    18301    73237    24097    44959
    45121    24091    73309    18289    59119    17029    70249    37561    42571    37441    42649    33871    46261    33739    46489    39499     9769    62989    20899    61729     6709    55927    34897
    34759    56041     6691    61819    20809    63031     9721    46381     5077    74959     4909    75217     4729    50101    65071    33637    70297    16987    59209    18199    73327    23977    45259
    45289    23917    73471    18181    59377    16921    70321    33619    75367    11779    68329    11527    68899    39511     4651    46399     9697    63097    20641    61837     6547    56101    34729
    34591    56131     6421    62047    20611    63277     9397    46441     4507    68521    11071    68767    40189    11497    75511    33577    70621    16741    59407    17971    73597    23887    45427
    45481    23869    73651    17881    59419    16657    70627    33469    75571    77017    69127    40009    10891     3001     4447    46549     9391    63361    20599    62137     6367    56149    34537
    34429    56299     6337    62191    20551    63367     9151    46591    75577     2221    39829    11251    68947    77797     4441    33427    70867    16651    59467    17827    73681    23719    45589
    45667    23581    73771    17707    59497    16519    70891    47431    29017    40507    11689    68491    11119    68239    51001    32587     9127    63499    20521    62311     6247    56437    34351
    34327    56479     6199    62467    20509    63541    75721    28069    14947     5059    75109     4801    75289    29917    74941    51949     4297    16477    59509    17551    73819    23539    45691
    45751    23509    73867    17401    59539    64279     3511    40519    37447    42577    37369    46147    33757    46279    33529    42457    76507    15739    20479    62617     6151    56509    34267
    34261    56767     6121    62659    63907     3631    40351    10141    70009     9967    70111     9901    70201     9811    70237     9511    69859    76387    16111    17359    73897    23251    45757
    45979    23209    73939    64399    51817    48487    20389    59659    20347    59929    20047    60091    17317    62761    17191    62851    11437    59611    28201    15619     6079    56809    34039
    33997    56821    74149    12757     2917    22159    57991    21991    58057    21871    58231    21649    58417    21577    58537    21319    58741    58831    57847    67261     5869    23197    46021
    46051    56989     2089    40819    19801    60259    19687    60337    19429    60601    19381    60811    19081    61099    18787    61261    18679    61357    18637    60127    77929    23029    33967
    46471    19387    41647     8539    71551     8311    71809     8101    72091     7879    72229     7741    72337     7639    72469     7537    72559     7369    72859     6067    71437    60631    33547
    29641    41227    25981    54049    25867    54217    25741    54361    25609    54547    25339    54709    25219    54829    25111    55051    24847    55219    24517    55579    24169    54001    50377
    41341    37309    42829    37159    42901    37057    42979    36901    43237    36697    43411    36307    43777    36229    43801    36151    43951    35977    44119    35839    44221    35317    42697
