     4297    75787     4051    75991     4021    76099     3889    76249     3631    76471     3511    76519     3457    76717     3217    76831     3181    77017     2971    77101     2851    77269    39079
    77347    34537    45589    34351    45691    34267    45757    34039    46021    33967    46147    33757    46279    33637    46399    33577    46471    33529    46549    33427    46687    39511     2671
     2659    46771    17191    62851    17047    62989    16987    63097    16741    63361    16651    63499    16477    63601    16411    63649    16111    63949    15937    66721    36901    33247    77359
    77479    33211    64231    27997    52051    27961    52201    27751    52321    27631    52489    27457    52609    27271    52807    27067    52957    26821    53791    38971    15787    46807     2539
     2467    46819    15739    53281    30469    49627    30307    49747    30211    49831    30097    49927    29917    50377    29437    50671    29311    28867    61339    26737    64279    33199    77551
    77641    33151    64399    26641    50767    28387    51721    28201    51907    28069    51991    25609    54547    25339    54709    25219    55219    39199    29251    53377    15619    46867     2377
     2371    47149    15451    53479    29179    54829    19429    60601    19387    60637    19207    60937    18919    61231    18757    62617    38377    25189    50839    26539    64567    32869    77647
    77731    32797    64579    26449    51001    25111    61357     5059    75109     4801    75289     4507    75571     4441    79777    35527    18661    54907    29017    53569    15439    47221     2287
     2221    47269    15427    53611    28789    55051    18457    75679    13099    67129    12829    67219    12757    67399    39631     4339    61561    24967    51229    26407    64591    32749    77797
    77839    32611    64627    26161    51307    24847    61651     1531    67429    20611    59419    20551    41737    57727    12589    78487    18367    55171    28711    53857    15391    47407     2179
     2089    47431    15271    53899    28669    55579    18301    78571    12541    59497    20479    79861    19687    20521    67477     1447    61717    24439    51349    26119    64747    32587    77929
    78007    32497    64879    25981    51361    24379    61729     1327    67531    60337    39217    40009    40801    19681    12487    78691    18289    55639    28657    54037    15139    47521     2011
     1987    47527    15091    54049    28597    55681    18199    78721    69109    37309    60331      157    59539    42709    10909     1297    61819    24337    51421    25969    64927    32491    78031
    78139    32359    65071    25867    51427    24181    61837     1231     9967    22291    20599    59467    38281    59407    70051    78787    18181    55837    28591    54151    14947    47659     1879
     1861    48247    14929    54217    28579    55849    17827    73471    40387    12889    67189    12799    67261    12619    66919     6547    62191    24169    51439    25801    65089    31771    78157
    78229    31531    65167    25741    51481    56767    59671    44491     4909    75217     4729    75511     4447    75577      241    74959    20347    23251    28537    54277    14851    48487     1789
     1777    48541    14779    54361    28411    18637    41641    19417    60631    19381    60811    19081    61099    18787    61261    17401    60589    61381    51607    25657    65239    31477    78241
    78259    31357    65287    55501    71419    40819    28297    51817    28111    51949    28027    54409    25471    54679    25309    54799    24799    51631     8599    24517    14731    48661     1759
     1741    48751    65539    21871    18679    30391    49711    30271    49807    30187    49921    30091    50101    29641    50581    29347    50707    51151    49549    58147    14479    31267    78277
    78439    51109     9397    41047    27967    52057    27817    52267    27697    52387    27529    52561    27409    52747    27211    52951    27061    53197    26227    52021    70621    28909     1579
     1321    26017    43117    17167    62971    17029    63031    16921    63277    16657    63367    16519    63541    16417    63607    16369    63907    16069    64081    13297    62827    54001    78697
    75367    40507    34429    45667    34327    45751    34261    45979    33997    46051    33871    46261    33739    46381    33619    46441    33547    46489    33469    46591    33331    45481     4651
    40939     4231    75967     4027    75997     3919    76129     3769    76387     3547    76507     3499    76561     3301    76801     3187    76837     3001    77047     2917    77167     2749    75721
