     4441    75679     4297    75787     4051    75991     4021    76099     3889    76249     3631    76471     3511    76519     3457    76717     3217    76831     3181    77017     2971    77101    39079
    77167    34729    45427    34537    45589    34351    45691    34267    45757    34039    46021    33967    46147    33757    46279    33637    46399    33577    46471    33529    33211    52807     2851
     2749    46549    17317    62761    17191    62851    17047    62989    16987    63097    16741    63361    16651    63499    16477    63601    16411    63649    16111    64231    39199    33469    77269
    77347    33427    63949    28069    51991    27997    52051    27961    52201    27751    52321    27631    52489    27457    52609    27271    52951    27061    25801    66541    16069    46591     2671
     2659    46687    15937    53197    30649    49459    30469    49627    30307    49747    30211    49831    30097    50101    29641    50581    29347    51229    38839    26821    64081    33331    77359
    77479    33247    64279    26737    50707    28579    51481    28411    51631    28201    51907    25741    54361    25609    54547    25339    54799    39511    29311    53281    15739    46771     2539
     2467    46819    15619    53377    29251    54709    19687    60337    19429    60601    19387    60637    19207    60937    18919    61819    39139    25309    50767    26641    64399    33199    77551
    77641    33151    64567    26539    50839    25111    61231     5407    74821     5077    74959     4909    75217     4729    79561    35401    18787    54907    29179    53479    15451    46867     2377
     2371    47149    15439    53569    29017    55051    18757    75367    13417    66721    13267    66841    13099    67219    39499     4651    61261    24967    51001    26449    64579    32869    77647
    77731    32797    64591    26407    51109    24847    61339     4447    67129    20809    59377    20611    59419    39829    12889    75571    18679    55171    28909    53611    15427    47221     2287
     2221    47269    15391    53791    28867    55219    18661    78277    12757    59467    20389    79279    20359    20551    67261     1741    61357    24799    51151    26227    64627    32749    77797
    77839    32611    64747    26161    51307    24517    61381     1579    67399    68329    39979    40009    40039    11689    12619    78439    18637    55501    28711    53857    15271    47407     2179
     2089    47431    15139    53899    28669    55579    18457    78487    68521    11251    59659      739    59629    68767    11497     1531    61561    24439    51349    26119    64879    32587    77929
    78007    32497    64927    26017    51361    24379    61651      349    10321    40189    20641    59407    20599    59209    69697    79669    18367    55639    28657    54001    15091    47521     2011
     1987    47527    14947    54037    28597    55681    67189    71551    40519    13297    66751    13177    66919    12799    66601     8467    12829    24337    51421    25981    65071    32491    78031
    78139    32359    65089    25969    51427    55849    10867    44617     5197    74941     5059    75109     4801    75289      457    74611    69151    24169    28591    54049    14929    47659     1879
     1861    48247    14851    54151    28297    20089    40879    19681    60589    19417    60631    19381    60811    19081    61099    18199    60331    59929    51721    25867    65167    31771    78157
    78229    31531    65239    54829    48859    40507    28537    51607    28387    51817    28111    54277    25657    54409    25471    54679    25219    51439    31159    25189    14779    48487     1789
     1777    48541    66337    49927    41179    30559    49549    30391    49711    30271    49807    30187    49921    29917    50377    29437    50671    28789    49369    30091    13681    31477    78241
    78259    49069    10987    13477    28027    52021    27967    52057    27817    52267    27697    52387    27529    52561    27409    52747    27067    52957    54217    51949    69031    30949     1759
     1297    41341    40819    17257    62827    17167    62971    17029    63031    16921    63277    16657    63367    16519    63541    16417    63607    16369    63907    15787    62701    38677    78721
    75511    27211    34591    45481    34429    45667    34327    45751    34261    45979    33997    46051    33871    46261    33739    46381    33619    46441    33547    46489    46807    45289     4507
    40939     4339    75721     4231    75967     4027    75997     3919    76129     3769    76387     3547    76507     3499    76561     3301    76801     3187    76837     3001    77047     2917    75577
