     4729    75367     4507    75571     4441    75679     4297    75787     4051    75991     4021    76099     3889    76249     3631    76471     3511    76519     3457    76717     3217    77167    38839
    76831    35221    44959    34897    45259    34729    45427    34537    45589    34351    45691    34267    45757    34039    46021    33967    46147    33757    46279    33637    46441    39217     3187
     3181    46399    17707    62467    17401    62659    17317    62761    17191    62851    17047    62989    16987    63097    16741    63361    16651    63499    16477    64231    38737    33619    76837
    77017    33547    63601    28411    51631    28297    51817    28111    51949    27997    52051    27961    52201    27751    52321    27631    52489    27457    26539    65539    16417    46471     3001
     2971    46489    16411    52609    31147    49069    30841    49201    30757    49369    30559    49549    30391    49711    30271    49807    30097    29437    59929    27409    63607    33529    77047
    77101    33469    63649    27271    49927    28711    51349    28657    51421    28591    51439    28537    54001    25981    54049    25801    54679    36901    30091    52747    16369    46549     2917
     2749    46591    16111    52807    29917    54277    20347    59971    19927    60127    19759    60331    19681    60589    19417    60811    39139    25741    50101    27211    63907    33427    77269
    77347    33331    63949    27067    50377    25609    60631     5821    74317     5641    74449     5431    74821     5077    42187    72337    19387    54409    29641    52951    16069    46687     2671
     2659    46771    15937    52957    29347    54547    19381    74959    14341    66337    13477    66601    13267    66841    39199     5059    60637    25471    50671    27061    64081    33247    77359
    77479    33211    64279    26821    50707    25309    60937     4909    66919    21577    58537    21319    58771    39841    13099    75109    19081    54709    29311    53197    15739    46807     2539
     2467    46819    15619    53281    29251    54799    18919    75217    12889    58741    20809    61651    37567    21277    67129     4801    61099    25219    50767    26737    64399    33199    77551
    77641    33151    64567    26641    50839    25189    61231     1789    67189    65089    56767    40009    23251    14929    12829    78229    18787    54829    29179    53377    15451    46867     2377
     2371    47149    15439    53569    29017    54907    18757    78241    12619    14461    42451    18367    59209    65557    67399     1777    61261    25111    51001    26449    64579    32869    77647
    77731    32797    64591    26407    51109    24967    61339    79987    65287    40177    21481    58699    21247    58441    14731       31    18679    55051    28909    53611    15427    47221     2287
     2221    47269    15391    53791    28867    55171    18301    31477    40819    13681    66541    13417    66751    13177    65677    48541    61717    24847    51151    26227    64627    32749    77797
    77839    32611    64747    26161    51229    60217    59377     7681     5701    74377     5569    74587     5197    74941    37831    74197    20641    19801    28789    53857    15271    47407     2179
     2089    47431    15139    53899    54361    13297    40879    20047    60091    19891    60259    19687    60337    19429    60601    19207    59671    66721    25657    26119    64879    32587    77929
    78007    32497    64927    54151    43951    43117    28669    51361    28597    51427    28579    51481    26017    54037    25969    54217    25339    51307    36067    25867    15091    47521     2011
     1987    47527    14779    49831    20089    30949    49177    30817    49261    30649    49459    30469    49627    30307    49747    30211    49921    50581    48871    30187    65239    32491    78031
    78139    49081    62047    14479    28387    51721    28201    51907    28069    52021    27967    52057    27817    52267    27697    52387    27529    52561    53479    51607    17971    30937     1879
     1861    28027    41281    17551    62617    17359    62701    17257    62827    17167    62971    17029    63031    16921    63277    16657    63367    16519    63541    15787    62311    51991    78157
    74611    40801    35059    45121    34759    45289    34591    45481    34429    45667    34327    45751    34261    45979    33997    46051    33871    46261    33739    46381    33577    44797     5407
    41179     4651    75511     4447    75577     4339    75721     4231    75967     4027    75997     3919    76129     3769    76387     3547    76507     3499    76561     3301    76801     2851    75289
