     6079    73951     5869    74161     5851    74197     5701    74377     5569    74587     5407    74821     5077    74959     4909    75217     4729    75367     4507    75571     4441    75721    39139
    75679    36307    43777    36229    43801    36151    43951    35977    44119    35839    44221    35569    44491    35521    44617    35317    44797    35059    45121    34759    46399    38167     4339
     4231    45289    19081    61099    18787    61261    18679    61357    18637    61561    18367    61717    18289    61819    18181    62047    17881    62191    17707    62761    38749    34729    75787
    75967    34591    62467    29347    50707    29251    50839    29017    51109    28867    51229    28711    51349    28657    51421    28591    51439    28537    60811    30271    17551    45427     4051
     4027    45481    17401    51607    32611    47431    32497    47527    32359    48247    31531    48541    31357    48751    31237    48787    31219    49069    38971    28411    62617    34537    75991
    75997    34429    62659    28387    48859    30211    49831    30097    49927    29917    50377    29437    52387    27529    52561    27409    53377    37057    31159    51631    17359    45589     4021
     3919    45667    17317    51721    31147    52747    21247    58831    21121    59119    20809    59377    20611    59419    20551    60337    38677    27271    48871    28297    62701    34351    76099
    76129    34327    62827    28201    49081    27211    59497     6709    73327     6547    73597     6367    73681     6247    41227    72379    20521    52807    30937    51817    17191    45691     3889
     3769    45751    17167    51907    30841    52951    20509    73819    15427    64627    15271    64879    14929    79621    25309     6199    59509    27067    49177    28111    62851    34267    76249
    76387    34261    62971    28069    49201    26821    59539     6151    65167    22447    57637    22369    72481    25111    14851    73867    20479    53197    30817    51949    17047    45757     3631
     3547    45979    17029    51991    30757    53281    20407    73897    14779    57727    22159    58369    39499    22291    65239     6121    59611    26737    49261    28027    62989    34039    76471
    76507    33997    63031    27997    49369    26539    59629     2917    65287     9127    57349    40009    22669    70891    14731    77101    20389    53479    30649    52021    16987    46021     3511
     3499    46051    16921    52051    30559    53569    20359    77167     7927    55837    40519    21649    57859    24181    72091     2851    59659    26449    49459    27967    63097    33967    76519
    76561    33871    63277    27961    49549    26407    59671    78571    56767    54907    22381    57649     7537    57571    23251     1447    20347    53611    30469    52057    16741    46147     3457
     3301    46261    16657    52201    30391    53791    65071    33211    54709    15391    64747    15139    65089      397    64591    46807    14947    26227    49627    27817    63361    33757    76717
    76801    33739    63367    27751    49711    58537    12829     7639     6691    73471     6421    73651     6337    73771    38791    73309    67189    21481    30307    52267    16651    46279     3217
     3187    46381    16519    52321    54361    15091    41341    21187    58897    20899    59209    20641    59407    20599    59467    19681    58771    64927    25657    27697    63499    33637    76831
    76837    33577    63541    52957    22651    42961    30187    49921    30091    50101    29641    50581    27631    52489    27457    52609    26641    49807    57367    27061    16477    46441     3181
     3001    46471    16411    15937    41047    32587    47521    32491    47659    31771    48487    31477    48661    31267    48781    31231    48799    30949    47407    64081    63607    33547    77017
    77047    33331    60259    49747    29311    50767    29179    51001    28909    51151    28789    51307    28669    51361    28597    51427    28579    51481    19207    50671    19759    46687     2971
    39667    42577    41269    18919    61231    18757    61339    18661    61381    18457    61651    18301    61729    18199    61837    17971    62137    17827    62311    17257    60937    37441    40351
    37189    41851    36241    43789    36217    43867    36067    44041    35899    44179    35797    44449    35527    44497    35401    44701    35221    44959    34897    45259    33619    43711    42829
    40879     6067    74149     5857    74167     5821    74317     5641    74449     5431    74611     5197    74941     5059    75109     4801    75289     4651    75511     4447    75577     4297    73939
