      619    79411      487    79561      439    79609      397    79669      331    79777      157    79867       79    79987       19    40039    39841    40189    39667    40387    39511    42157    78007
    40519    30097    49927    29917    50377    29437    50671    29311    50767    29179    51001    28909    51151    28789    51307    28669    51361    28597    51427    28579    27067    63649    39499
    39409    51481    12451    67741    12241    67807    11959    68239    11689    68491    11497    68581    11251    68821    11119    68947    10987    69061    10909    71011    37369    28537    40609
    40801    28411    69127    23539    56509    23251    56809    23197    56989    22921    57241    22717    57349    22651    57397    22531    57571    22381    22159    74941    10891    51607    39217
    39199    51631    10867    57649    26017    54037    25969    54151    25801    54277    25657    54409    25471    54679    25309    54799    25189    24121    70249    22369    69151    28387    40819
    40879    28297    69247    22291    54907    24091    56041    23917    56131    23869    56299    23581    58699    21277    58771    21121    20809    75511    25111    57727    10771    51721    39139
    39079    51817    10639    57829    24967    59119    14947    65089    14851    65239    14731    65539    14461    65581    14431    67399    37831    20899    55051    22189    69379    28201    40939
    41047    28111    69661    22171    55171    20611    65599     1117    78979      907    79159      787    79279      709    46807    72337    14419    59407    24847    57847    10357    51907    38971
    38839    51949    10321    57991    24799    59419    14401    42139     8761    71287     8689    71341     8629    74167    37189    37879    65617    20599    55219    22027    69697    28069    41179
    41227    28027    69859    21991    55501    20551    65629    37567    71419    16741    63361    16519    77017    26407     8599    42451    14389    59467    24517    58027    10159    51991    38791
    38749    52021    10141    58057    24439    59497    14341    42457     8581    63541    16069    67261    36697    16477    71437    37561    65677    20521    55579    21961    69877    27997    41269
    41281    27967    70009    21871    55639    20509    66337    37447    71479     5821    60637    40009    19381    74197     8539    42571    13681    59509    24379    58147    10009    52051    38737
    38677    52057     9967    58231    24337    59539    13477    42577    75217    60331    43321    12757    63949    19687     4801    37441    66541    20479    55681    21787    70051    27961    41341
    41389    27817    70111    21649    55837    20407    66601    70867     1777    53611    16657    63499     3001    63277    78241     9151    13417    59611    24181    58369     9907    52201    38629
    38377    52267     9901    58417    24169    59629    67189    78229    42829     8731    71329     8677    71389     5851    71257     1789    12829    20389    55849    21601    70117    27751    41641
    41647    27697    70201    21577    55921    63367     9391     7681     1039    79111      859    79231      739    79309    33211    78901    70627    16651    24097    58441     9817    52321    38371
    38299    52387     9811    58537    58831    48871    42187    14929    65167    14779    65287    14479    65557    14437    65587    12619    65071    31147    21187    21481    70207    27631    41719
    41737    27529    70237    59377    49831     4507    23977    56101    23887    56149    23719    56437    21319    58741    21247    58897    59209    55927    30187    20641     9781    52489    38281
    38167    52561    70321    53899     9769    25981    54049    25867    54217    25741    54361    25609    54547    25339    54709    25219    54829    55897    54001    26119     9697    27457    41851
    42061    26737     4651     5077    23509    56767    23209    56821    23029    57097    22777    57301    22669    57367    22621    57487    22447    57637    57859    56479    75367    53281    37957
    76837    74959    42649    12277    67777    12211    68059    11779    68329    11527    68521    11437    68767    11197    68899    11071    69031    10957    69109     9007    67567     5059     3181
    79357    16369    30091    50101    29641    50581    29347    50707    29251    50839    29017    51109    28867    51229    28711    51349    28657    51421    28591    51439    52951    49921      661
     2011      607    79531      457    79579      409    79621      349    79687      241    79861      151    79939       31    79999    39979    40177    39829    40351    39631    40507    37861    79399
