      859    79231      739    79309      661    79399      607    79531      457    79579      409    79621      349    79687      241    79861      151    79939       31    79999    39979    40351    39217
    40177    30271    49807    30187    49921    30091    50101    29641    50581    29347    50707    29251    50839    29017    51109    28867    51229    28711    51349    28657    27409    63097    39841
    39829    51421    12589    67477    12487    67567    12277    67777    12211    68059    11779    68329    11527    68521    11437    68767    11197    68899    11071    70321    37879    28597    40189
    40387    28591    69031    23887    56149    23719    56437    23539    56509    23251    56809    23197    56989    22921    57241    22717    57349    22651    22621    74167    10987    51427    39631
    39511    51439    10957    57487    26449    53611    26227    53857    26119    54001    25969    54151    25801    54277    25657    54409    25471    21577    72559    22531    69061    28579    40507
    40519    28537    69109    22447    54679    24337    55837    24169    55897    24097    55927    23977    56101    21649    58417    21481    20389    77839    25339    57571    10909    51481    39499
    39409    51607    10891    57637    25309    58699    15427    64627    15271    64879    15091    65071    14929    65167    14779    70507    34351    21319    54709    22381    69127    28411    40609
    40819    28387    69151    22369    54799    21277    65287     1447    78691     1321    78721     1237    78787     1117    43801    74959    14731    58741    25219    57649    10867    51631    39199
    39139    51721    10771    57727    25189    58771    14479    78979     9397    70627     9151    70891     9067    73771    37159     1039    65539    21247    54829    22291    69247    28297    40879
    40939    28201    69379    22189    54907    21187    65557      907    70969    17047    62989    16987    43411    59611     9049    79111    14461    58831    25111    57829    10639    51817    39079
    38971    51907    10357    57847    24967    58897    14437    41851     9007    63277    16069    67261    36697    16741    71011    38167    65581    21121    55051    22171    69661    28111    41047
    41179    28069    69697    22159    55171    20899    65587    37957    71089    65677    60637    40009    19381    14341     8929    42061    14431    59119    24847    57859    10321    51949    38839
    38791    51991    10159    57991    24799    59209    14419    42157    72091    33637    43321    12757    63949    46381     7927    37861    65599    20809    55219    22027    69859    28027    41227
    41269    27997    69877    21991    55501    20641    65617    74377     4651    20407    17029    63031    36607    62971    75367     5641    14401    59377    24517    58027    10141    52021    38749
    38737    52051    10009    58057    24439    59407    66841    77347    42859     9391    70867     9127    70951     6247    70621     2671    13177    20611    55579    21961    70009    27967    41281
    41341    27961    70051    21871    55639    71917     6781     5059     1327    78697     1297    78781     1231    78901    36217    78571    73237     8101    24379    58147     9967    52057    38677
    38629    52201     9907    58231    61651    42697    45667    15391    64747    15139    64927    14947    65089    14851    65239     9511    64591    37321    18367    21787    70111    27817    41389
    41641    27751    70117    62701    49177     2179    24181    55849    24121    55921    24091    56041    23917    58369    21601    58537    59629    55681    30841    17317     9901    52267    38377
    38371    52321     8761    49711     7459    26407    53791    26161    53899    26017    54049    25867    54217    25741    54361    25609    54547    58441    53569    30307    71257    27697    41647
    41719    54037    67219     5851    23869    56299    23581    56479    23509    56767    23209    56821    23029    57097    22777    57301    22669    57367    57397    56131    12799    25981    38299
    38281    46807    42139    12541    67531    12451    67741    12241    67807    11959    68239    11689    68491    11497    68581    11251    68821    11119    68947     9697    67429    33211    41737
    78889    16921    30211    49831    30097    49927    29917    50377    29437    50671    29311    50767    29179    51001    28909    51151    28789    51307    28669    51361    52609    49747     1129
    40801      787    79279      709    79357      619    79411      487    79561      439    79609      397    79669      331    79777      157    79867       79    79987       19    40039    39667    79159
