     8539    71551     8311    71809     8101    72091     7879    72229     7741    72337     7639    72469     7537    72559     7369    72859     7129    72949     6829    73237     6709    73597    38737
    73327    38839    41227    38749    41341    38629    41641    38371    41719    38281    41851    37957    42139    37861    42187    37567    42457    37447    42577    37369    42901    39079     6691
     6547    42697    21277    58771    21187    58897    20899    59209    20641    59407    20599    59467    20521    59509    20479    59611    20389    59659    20347    19891    79411    37321    73471
    73651    37309    59929    32491    47659    31771    48487    31477    48661    31267    48781    31231    48799    31159    48871    30949    49081    30841    30211    58417    20089    42709     6367
     6337    42829    20047    49201    34729    45427    34537    45589    34351    45691    34267    45757    34039    46021    33967    46147    33757    33469    52387    30817    59971    37189    73681
    73771    37159    60091    30757    46279    33151    47149    32797    47269    32611    47431    32497    50581    29347    50707    29251    29179    58147    33739    49261    19927    42859     6247
     6199    42961    19801    49369    33637    51001    23209    56821    23029    57097    22777    57301    22669    57367    22621    57991    39217    29017    46381    30649    60217    37057    73819
    73867    37039    60259    30559    46399    28909    57487     9007    71089     8761    71287     8689    71341     8629    71437    39841    22531    51109    33619    49459    19759    42979     6151
     6121    43117    19687    49549    33577    51151    22447    71419    17707    62467    17359    62701    17257    63601    38971     8599    57571    28867    46441    30469    60331    36901    73897
    73939    36781    60337    30391    46471    28789    57637     5077    62827    24379    55681    24181    18757    77047    17191    74941    22381    51229    33547    49627    19681    43237     6079
     6067    43321    19429    49711    33529    51349    22369    74959    17167    55849    21991    76387    21649    24169    62851     5059    57649    28669    46489    30307    60589    36697    73951
    74149    36607    60601    30271    46591    28657    57727     4909    62989    62047    39667    40009    40351    17971    17029    75109    22291    51361    33427    49747    19417    43411     5869
     5857    43711    19387    49831    33331    51421    22189    75217    63907    54799    58369     3631    58027    25219    16111     4801    57829    28597    46687    30187    60631    36307    74161
    74167    36241    60637    30097    46771    28591    57847    75289    14419     2971    24337    55837    61261    55639    65599     4729    22171    51427    33247    49921    19381    43777     5851
     5821    43789    19207    49927    33211    51439    61339     4027    41047    17551    62659    17317    62761    16417    62311    75991    18679    28579    46807    30091    60811    36229    74197
    74317    36217    60937    29917    46819    28201    17047    40177     8929    71257     8731    71329     8677    71389     8581    71011    62971    51817    33199    50101    19081    43801     5701
     5641    43867    18919    50377    52021    65587    40801    23197    56989    22921    57241    22717    57349    22651    57397    22027    56809    14431    27997    29641    61099    36151    74377
    74449    36067    61231    51307    39139    21871    32869    47221    32749    47407    32587    47521    29437    50671    29311    50767    50839    46867    40879    28711    18787    43951     5569
     5431    44041    62617    44797    27631    34591    45481    34429    45667    34327    45751    34261    45979    33997    46051    33871    46261    46549    45289    35221    17401    35977    74587
    74611    35839    55171    21601    32359    48247    31531    48541    31357    48751    31237    48787    31219    48859    31147    49069    30937    49177    49807    47527    24847    44179     5407
    74821    40819      607    21247    58831    21121    59119    20809    59377    20611    59419    20551    59497    20509    59539    20407    59629    20359    59671    60127    58741    39199     5197
     1297    40939    38791    41269    38677    41389    38377    41647    38299    41737    38167    42061    37879    42157    37831    42451    37561    42571    37441    42649    37117    41179    78721
    41281     8467    71707     8209    71917     7927    72139     7789    72277     7681    72379     7549    72481     7459    72649     7159    72889     7069    73189     6781    73309     6421    71479
