     8629    71419     8581    71479     8467    71707     8209    71917     7927    72139     7789    72277     7681    72379     7549    72481     7459    72649     7159    72889     7069    75571    36781
    73189    39199    40879    39079    41047    38839    41227    38749    41281    38677    41389    38377    41647    38299    41737    38167    42061    37879    42157    37831    42451    39217     6829
     6781    42457    21577    58537    21319    58741    21247    58831    21121    59119    20809    59377    20611    59419    20551    59497    20509    59539    20407    20389    78571    37561    73237
    73309    37447    59659    32611    47431    32497    47527    32359    48247    31531    48541    31357    48751    31237    48787    31219    48859    31147    26821    61231    20359    42571     6709
     6691    42577    20347    49069    35317    44797    35059    45121    34759    45289    34591    45481    34429    45667    34327    45751    34261    33469    51817    30949    59671    37441    73327
    73471    37369    59929    30937    45979    33427    46687    33247    46819    33151    47149    32749    49921    30091    50101    29641    51607    35527    34039    49081    20089    42649     6547
     6421    42697    20047    49177    33997    50581    23539    56509    23251    56809    23197    56989    22921    57241    22717    18919    78007    29437    46021    30841    59971    37321    73597
    73651    37309    60091    30817    46051    29347    57349     9127    70951     9049    71011     8929    71257     8731    74959    36067    22669    50671    33967    49201    19927    42709     6367
     6337    42829    19891    49261    33871    50707    22651    71329    17881    62191    17707    62467    17401    75967    26449     8689    57367    29311    46147    30757    60127    37189    73681
    73771    37159    60217    30649    46261    29251    57397     8677    62659    24967    55171    24799    18637    76471    17359    71341    22621    50767    33757    49369    19801    42859     6247
     6199    42901    19759    49459    33739    50839    22531    74377    17317    55501    21991    76387    21649    24517    62701     5641    57487    29179    46279    30559    60259    37117    73819
    73867    37057    60331    30469    46381    29017    57571     5569    62761    63541    39667    40009    40351    16477    17257    74449    22447    51001    33637    49549    19687    42961     6151
     6121    42979    19681    49627    33619    51109    22381    74587    63499    52489    58369     3631    58027    27529    16519     5431    57637    28909    46399    30391    60337    37039    73897
    73939    36901    60589    30307    46441    28867    57649     3217     2377     3547    24847    55219    61381    55051    77641    76801    22369    51151    33577    49711    19429    43117     6079
     6067    43321    19417    49747    33547    51229    61339    69247    53569    17827    62311    17551    62617     4051    62137    10771    18679    28789    46471    30271    60601    36697    73951
    74149    36607    60631    30211    46489    52951    55681    43951     9067    70969     9007    71089     8761    71287     5059    70891    24337    27067    33529    49807    19387    43411     5869
     5857    43711    19381    49831    28591    18301     2011    23509    56767    23209    56821    23029    57097    22777    57301    61099    56479    61717    51427    30187    60637    36307    74161
    74167    36241    60811    52387    61651    44491    33331    46771    33199    46867    32869    47269    30097    49927    29917    50377    28411    46591    18367    27631    19207    43777     5851
     5821    43789    61819    46807    28201    35221    44959    34897    45259    34729    45427    34537    45589    34351    45691    34267    45757    46549    44701    33211    18199    36229    74197
    74317    44041    54547    18787    32587    47521    32491    47659    31771    48487    31477    48661    31267    48781    31231    48799    31159    48871    53197    47407    25471    35977     5701
     4339    32797     1447    21481    58699    21277    58771    21187    58897    20899    59209    20641    59407    20599    59467    20521    59509    20479    59611    59629    58441    47221    75679
    69877    40801    39139    40939    38971    41179    38791    41269    38737    41341    38629    41641    38371    41719    38281    41851    37957    42139    37861    42187    37567    40819    10141
    43237     8599    71437     8539    71551     8311    71809     8101    72091     7879    72229     7741    72337     7639    72469     7537    72559     7369    72859     7129    72949     4447    71389
