     8761    71287     8689    71341     8629    71419     8581    71479     8467    71707     8209    71917     7927    72139     7789    72277     7681    72379     7549    72481     7459    74161    37879
    72649    39511    40519    39409    40801    39199    40879    39079    41047    38839    41227    38749    41281    38677    41389    38377    41647    38299    41737    38167    37567    43789     7369
     7159    42061    21787    58369    21601    58441    21481    58699    21277    58771    21187    58897    20899    59209    20641    59407    20599    59467    20521    20479    78439    37957    72859
    72889    37861    59509    32869    47221    32749    47407    32587    47521    32491    47659    31771    48487    31477    48661    31267    48781    31231    29917    58057    20509    42157     7129
     7069    42187    20407    48799    35569    44491    35521    44617    35317    44797    35059    45259    34729    45427    34537    45589    34351    33871    51001    31219    59611    37831    72949
    73189    37561    59629    31159    45691    33529    46549    33427    46771    33199    46867    30271    49831    30097    49927    29641    28909    61099    34327    48859    20389    42457     6829
     6781    42571    20359    48871    34267    50581    23719    56437    23539    56509    23251    56809    23197    56989    22921    22531    74197    29437    45751    31147    59659    37447    73237
    73309    37441    59671    30949    45757    29347    57241     9391    70867     9127    70951     9049    71011     8929    74449    36307    22777    50671    34261    49069    20347    42577     6709
     6691    42649    20089    49081    34039    50707    22717    74167    18289    61819    18181    62047    17881    65239    36607     5851    57301    29311    45979    30937    59929    37369    73327
    73471    37321    59971    30841    46021    29251    57349     5641    62191    25189    54907    24967    16741    78241    17827    74377    22669    50767    33997    49177    20047    42697     6547
     6421    42709    19927    49201    33967    50839    22651    74587    17707    55171    22189    75679    22159    24847    62311     5431    57367    29179    46051    30817    60091    37309    73597
    73651    37189    60127    30757    46261    28867    57397     5407    62467    63361    39979    40009    40039    16657    17551    74611    22621    51151    33757    49261    19891    42829     6367
     6337    42859    19801    49369    33637    51229    22447    74821    62701    54547    57859     4339    57829    25471    17317     5197    57571    28789    46381    30649    60217    37159    73681
    73771    37117    60259    30559    46399    28711    57637     4297    13297     1777    25111    55051    63277    54829    66721    75721    22381    51307    33619    49459    19759    42901     6247
     6199    42961    19687    49549    33577    51349    60631    68059    43411    18199    61837    17971    62137    14779    61729    11959    19387    28669    46441    30469    60331    37057    73819
    73867    37039    60337    30391    46471    28297    52489    43711     9151    70891     9067    70969     9007    71089     5569    70627    27529    51721    33547    49627    19681    42979     6151
     6121    43117    19429    49711    33331    68491     5821    23581    56479    23509    56767    23209    56821    23029    57097    57487    56299    11527    46687    30307    60589    36901    73897
    73939    36781    60601    49807    56131    18919    33469    46591    33247    46819    33151    49747    30187    49921    30091    50377    51109    46489    23887    30211    19417    43237     6079
     6067    43321    62851    46279    29017    35527    44497    35401    44701    35221    44959    34759    45289    34591    45481    34429    45667    46147    44449    33739    17167    36697    73951
    74149    34897    54151    21961    32797    47269    32611    47431    32497    47527    32359    48247    31531    48541    31357    48751    31237    48787    50101    47149    25867    45121     5869
     5701    46807     1579    21649    58417    21577    58537    21319    58741    21247    58831    21121    59119    20809    59377    20611    59419    20551    59497    59539    58231    33211    74317
    69877    36229    39499    40609    39217    40819    39139    40939    38971    41179    38791    41269    38737    41341    38629    41641    38371    41719    38281    41851    42451    40507    10141
    42139     8731    71329     8677    71389     8599    71437     8539    71551     8311    71809     8101    72091     7879    72229     7741    72337     7639    72469     7537    72559     5857    71257
