      907    79159      787    79279      709    79357      619    79411      487    79561      439    79609      397    79669      331    79777      157    79867       79    79987       19    40819    78781
    40039    30469    49627    30307    49747    30211    49831    30097    49927    29917    50377    29437    50671    29311    50767    29179    51001    28909    51151    28789    27997    62467    39979
    39841    51307    12799    67261    12619    67429    12541    67531    12451    67741    12241    67807    11959    68239    11689    68491    11497    68581    11251    69877    38167    28711    40177
    40189    28669    68821    23977    56101    23887    56149    23719    56437    23539    56509    23251    56809    23197    56989    22921    57241    22717    21601    75109    11197    51349    39829
    39667    51361    11119    57349    26641    53479    26449    53611    26227    53857    26119    54001    25969    54151    25801    54277    25657    58057    35839    22669    68899    28657    40351
    40387    28597    68947    22651    54409    24439    55639    24337    55837    24169    55897    24097    55927    21871    58231    21649    21187    76837    25609    57367    11071    51421    39631
    39511    51427    10987    57397    25471    58441    15451    64579    15427    64627    15271    64879    15091    65071    14929    70237    34537    21577    54547    22621    69031    28591    40507
    40519    28579    69061    22531    54679    21481    65167     1447    78691     1321    78721     1129    78901     1039    44221    74611    14851    58537    25339    57487    10957    51439    39499
    39409    51481    10909    57571    25309    58699    14779    41647     9697    70507     9397    70627     9151    73237    37447    38371    65239    21319    54709    22447    69109    28537    40609
    40801    28411    69127    22381    54799    21277    65287    38299    70891    17167    62971    17029    72229    30649     9127    41719    14731    58741    25219    57637    10891    51607    39217
    39139    51631    10867    57649    25189    58771    14479    41737     9049    63031    14389    71287    34351    16987    70969    38281    65539    21247    54829    22369    69151    28387    40879
    40939    28297    69247    22291    54907    21121    65557    37957    71011    64231    59971    40009    20047    15787     9007    42061    14461    58897    25111    57727    10771    51721    39079
    38971    51817    10639    57829    24967    59119    14437    42139    74377     6247    45667     8731    65629    73771     5641    37879    65581    20899    55051    22189    69379    28201    41047
    41179    28111    69661    22171    55171    20809    65587    73189     2467    49369    17047    62989     7789    62851    77551     6829    14431    59209    24847    57847    10357    51907    38839
    38791    51949    10321    57859    24799    59377    66337    78259    42571     9511    70621     9391    70867     6781    70321     1759    13681    20641    55219    22159    69697    28069    41227
    41269    28027    69859    22027    55501    70951     7537     5407     1327    78697     1297    78889     1117    78979    35797    78571    72481     9067    24517    57991    10159    51991    38749
    38737    52051    10009    58027    60637    42451    45481    15439    64591    15391    64747    15139    64927    14947    65089     9781    64567    37567    19381    21991    70009    27967    41281
    41341    27961    70051    59497    13477     3181    24379    55681    24181    55849    24121    55921    24091    58147    21787    58369    58831    55579    66541    20521     9967    52057    38677
    38629    52201    71389    54037    44179    26539    53569    26407    53791    26161    53899    26017    54049    25867    54217    25741    54361    21961    53377    25981     8629    27817    41389
    41641    26821     4507     4909    23917    56131    23869    56299    23581    56479    23509    56767    23209    56821    23029    57097    22777    57301    58417    56041    75511    53197    38377
    78277    73471    41851    12757    67399    12589    67477    12487    67567    12277    67777    12211    68059    11779    68329    11527    68521    11437    68767    10141    67219     6547     1741
    78787    17551    30391    49711    30271    49807    30187    49921    30091    50101    29641    50581    29347    50707    29251    50839    29017    51109    28867    51229    52021    49549     1231
     1237      859    79231      739    79309      661    79399      607    79531      457    79579      409    79621      349    79687      241    79861      151    79939       31    79999    39199    79111
